    15.00  23.00   5.71 570.00   3.70  24.00   0.00   570   570  -0.05
    45.00  23.00   4.71  91.65   3.70  24.00   0.00   101   570  -0.07
    75.00  23.00   5.92 265.49   3.70  24.00   0.00   429   570  -0.14
   105.00  23.00   6.82 429.00   3.70  24.01   0.00   429   570  -0.29
   135.00  23.00   7.33 429.00   3.70  24.01   0.00   429   570  -0.51
   165.00  23.00   7.14 429.00   3.70  24.01   0.00   429   570  -0.72
   195.00  23.02   5.38 429.00   3.70  24.04   0.00   429   570  -0.88
   225.00  23.47   4.89  33.59   3.74  24.25   0.00    36   569  -0.03
   255.00  24.16   4.41  36.00   3.78  24.54   0.00    36   569  -0.15
   285.00  24.77   5.40  31.14   3.80  24.72   0.00    41   569  -0.26
   315.00  23.74   7.07  54.07   3.80  24.68   0.00    74   569  -0.38
    15.00  23.03   5.58 307.27   3.74  24.27   0.00   424   569  -0.43
    45.00  23.00   4.71  90.52   3.72  24.14   0.00   101   569  -0.45
    75.00  23.00   5.92 253.19   3.72  24.16   0.00   424   569  -0.52
   105.00  23.00   6.82 424.00   3.72  24.16   0.00   424   569  -0.67
   135.00  23.00   7.33 424.00   3.72  24.16   0.00   424   569  -0.89
   165.00  23.00   7.14 424.00   3.72  24.17   0.00   424   568  -0.10
   195.00  23.01   5.38 416.00   3.73  24.22   0.00   416   568  -0.26
   225.00  23.46   4.88  33.39   3.78  24.52   0.00    35   568  -0.40
   255.00  24.16   4.41  35.98   3.83  24.87   0.00    36   568  -0.53
   285.00  24.77   5.39  31.10   3.86  25.08   0.00    41   568  -0.64
   315.00  23.74   7.07  53.91   3.86  25.04   0.00    74   568  -0.75
    15.00  23.03   5.58 303.50   3.78  24.52   0.00   416   568  -0.81
    45.00  23.00   4.71  91.03   3.75  24.36   0.00   101   568  -0.83
    75.00  23.00   5.92 234.33   3.76  24.42   0.00   416   568  -0.90
   105.00  23.00   6.82 416.00   3.76  24.41   0.00   416   567  -0.05
   135.00  23.00   7.33 393.08   3.76  24.42   0.00   412   567  -0.26
   165.00  23.00   7.14 412.00   3.76  24.41   0.00   412   567  -0.48
   195.00  23.02   5.38 281.00   3.78  24.53   0.00   281   567  -0.64
   225.00  23.47   4.89  33.52   3.82  24.83   0.00    36   567  -0.78
   255.00  24.16   4.41  36.00   3.88  25.17   0.00    36   567  -0.90
   285.00  24.77   5.39  31.16   3.90  25.37   0.00    41   566  -0.02
   315.00  23.74   7.08  53.93   3.89  25.32   0.00    74   566  -0.13
    15.00  23.03   5.58 188.56   3.82  24.86   0.00   240   566  -0.19
    45.00  23.00   4.71  93.98   3.80  24.72   0.00   101   566  -0.21
    75.00  23.00   5.92 196.10   3.80  24.71   0.00   412   566  -0.28
   105.00  23.00   6.82 412.00   3.79  24.62   0.00   412   566  -0.43
   135.00  23.00   7.33 398.40   3.79  24.62   0.00   412   566  -0.64
   165.00  23.00   7.14 412.00   3.79  24.62   0.00   412   566  -0.85
   195.00  23.02   5.38 240.00   3.79  24.65   0.00   240   565  -0.01
   225.00  23.47   4.89  33.63   3.84  24.92   0.00    36   565  -0.16
   255.00  24.16   4.41  36.00   3.89  25.28   0.00    36   565  -0.28
   285.00  24.77   5.39  31.15   3.92  25.51   0.00    41   565  -0.39
   315.00  23.74   7.08  53.94   3.91  25.46   0.00    73   565  -0.51
    15.00  23.03   5.58 301.29   3.83  24.93   0.00   412   565  -0.56
    45.00  23.00   4.71  95.69   3.81  24.77   0.00   101   565  -0.58
    75.00  23.00   5.92 248.91   3.81  24.79   0.00   412   565  -0.65
   105.00  23.00   6.82 412.00   3.81  24.79   0.00   412   565  -0.80
   135.00  23.00   7.33 414.07   3.81  24.79   0.00   447   564  -0.01
   165.00  23.00   7.14 413.00   3.81  24.75   0.00   413   564  -0.23
   195.00  23.02   5.38 413.00   3.81  24.82   0.00   413   564  -0.39
   225.00  23.47   4.89  33.58   3.85  25.13   0.00    36   564  -0.53
   255.00  24.16   4.41  36.00   3.91  25.47   0.00    36   564  -0.65
   285.00  24.77   5.39  31.15   3.94  25.68   0.00    41   564  -0.77
   315.00  23.74   7.08  53.92   3.93  25.63   0.00    73   564  -0.88
    15.00  23.03   5.58 197.05   3.86  25.16   0.00   252   564  -0.94
    45.00  23.00   4.71  94.99   3.84  25.03   0.00   101   564  -0.95
    75.00  23.00   5.92 244.57   3.84  25.02   0.00   413   563  -0.02
   105.00  23.00   6.82 409.00   3.83  24.96   0.00   409   563  -0.17
   135.00  23.00   7.33 409.00   3.83  24.97   0.00   409   563  -0.39
   165.00  23.00   7.14 409.00   3.83  24.97   0.00   409   563  -0.60
   195.00  23.02   5.38 164.00   3.86  25.16   0.00   164   563  -0.76
   225.00  23.47   4.89  33.64   3.91  25.49   0.00    36   563  -0.91
   255.00  24.16   4.41  36.00   3.96  25.84   0.00    36   562  -0.03
   285.00  24.77   5.39  31.17   3.99  26.07   0.00    41   562  -0.14
   315.00  23.74   7.08  53.91   3.99  26.03   0.00    73   562  -0.25
    15.00  23.03   5.58 137.69   3.92  25.62   0.00   162   562  -0.31
    45.00  23.00   4.71  96.84   3.91  25.52   0.00   100   562  -0.33
    75.00  23.00   5.92 218.01   3.90  25.46   0.00   452   562  -0.40
   105.00  23.00   6.82 405.00   3.86  25.20   0.00   405   562  -0.55
   135.00  23.00   7.33 405.00   3.86  25.20   0.00   405   562  -0.76
   165.00  23.00   7.14 405.00   3.86  25.20   0.00   405   562  -0.97
   195.00  23.02   5.39 405.00   3.86  25.17   0.00   405   561  -0.13
   225.00  23.47   4.90  33.90   3.90  25.42   0.00    36   561  -0.28
   255.00  24.16   4.41  36.00   3.95  25.76   0.00    36   561  -0.40
   285.00  24.77   5.39  31.21   3.98  25.97   0.00    41   561  -0.51
   315.00  23.75   7.08  53.97   3.97  25.91   0.00    73   561  -0.63
    15.00  23.03   5.59 173.67   3.90  25.47   0.00   218   561  -0.68
    45.00  23.00   4.71  92.80   3.89  25.36   0.00   100   561  -0.70
    75.00  23.00   5.91 297.44   3.88  25.29   0.00   561   561  -0.77
   105.00  23.00   6.82 283.00   3.86  25.15   0.00   283   561  -0.92
   135.00  23.00   7.33 283.00   3.86  25.15   0.00   283   560  -0.13
   165.00  23.00   7.14 201.00   3.86  25.15   0.00   201   560  -0.34
   195.00  23.02   5.38 162.00   3.86  25.17   0.00   162   560  -0.50
   225.00  23.47   4.89  33.72   3.90  25.44   0.00    36   560  -0.65
   255.00  24.16   4.41  36.00   3.95  25.78   0.00    36   560  -0.77
   285.00  24.77   5.39  31.19   3.98  25.98   0.00    41   560  -0.88
   315.00  23.75   7.08  53.93   3.97  25.93   0.00    73   560  -1.00
    15.00  23.03   5.58 137.02   3.91  25.54   0.00   162   559  -0.05
    45.00  23.00   4.71  95.64   3.90  25.45   0.00   100   559  -0.07
    75.00  23.00   5.91 133.19   3.90  25.45   0.00   180   559  -0.14
   105.00  23.00   6.82 180.00   3.90  25.43   0.00   180   559  -0.29
   135.00  23.00   7.33 206.38   3.89  25.40   0.00   230   559  -0.50
   165.00  23.00   7.14 230.00   3.89  25.38   0.00   230   559  -0.71
   195.00  23.02   5.38 162.00   3.89  25.40   0.00   162   559  -0.87
   225.00  23.47   4.89  33.70   3.94  25.68   0.00    36   558  -0.02
   255.00  24.16   4.41  36.00   3.99  26.03   0.00    36   558  -0.14
   285.00  24.77   5.39  31.22   4.02  26.24   0.00    41   558  -0.25
   315.00  23.74   7.08  53.97   4.01  26.18   0.00    73   558  -0.37
    15.00  23.03   5.58 127.22   3.95  25.80   0.00   147   558  -0.42
    45.00  23.00   4.71  94.98   3.94  25.72   0.00   100   558  -0.44
    75.00  23.00   5.91 125.75   3.94  25.72   0.00   158   558  -0.51
   105.00  23.00   6.82 158.00   3.94  25.71   0.00   158   558  -0.66
   135.00  23.00   7.33 182.72   3.93  25.67   0.00   219   558  -0.87
   165.00  23.00   7.14 219.00   3.93  25.62   0.00   219   557  -0.08
   195.00  23.02   5.38 200.00   3.93  25.64   0.00   200   557  -0.24
   225.00  23.47   4.89  33.66   3.97  25.91   0.00    36   557  -0.39
   255.00  24.16   4.41  36.00   4.03  26.27   0.00    36   557  -0.51
   285.00  24.77   5.39  31.22   4.06  26.49   0.00    41   557  -0.62
   315.00  23.74   7.08  53.91   4.04  26.42   0.00    73   557  -0.73
    15.00  23.03   5.58 162.20   3.97  25.96   0.00   200   557  -0.79
    45.00  23.00   4.71  94.12   3.95  25.85   0.00   100   557  -0.81
    75.00  23.00   5.91 157.42   3.95  25.86   0.00   200   557  -0.87
   105.00  23.00   6.82 200.00   3.96  25.86   0.00   200   556  -0.02
   135.00  23.00   7.33 185.04   3.96  25.87   0.00   224   556  -0.24
   165.00  23.00   7.14 224.00   3.95  25.84   0.00   224   556  -0.45
   195.00  23.02   5.38 163.00   3.96  25.87   0.00   163   556  -0.61
   225.00  23.47   4.89  33.59   4.00  26.17   0.00    36   556  -0.76
   255.00  24.16   4.41  36.00   4.07  26.57   0.00    36   556  -0.88
   285.00  24.77   5.39  31.18   4.10  26.81   0.00    41   556  -0.99
   315.00  23.74   7.08  53.87   4.09  26.73   0.00    73   555  -0.10
    15.00  23.03   5.58 216.55   3.99  26.10   0.00   280   555  -0.15
    45.00  23.00   4.71  98.25   3.97  25.93   0.00   101   555  -0.17
    75.00  23.00   5.91 227.34   3.97  25.93   0.00   280   555  -0.24
   105.00  23.00   6.82 280.00   3.97  25.93   0.00   280   555  -0.39
   135.00  23.00   7.33 280.00   3.97  25.94   0.00   280   555  -0.60
   165.00  23.00   7.14 280.00   3.97  25.94   0.00   280   555  -0.82
   195.00  23.02   5.38 280.00   3.97  25.96   0.00   280   555  -0.98
   225.00  23.46   4.88  33.57   4.01  26.20   0.00    36   554  -0.12
   255.00  24.16   4.40  36.00   4.05  26.51   0.00    36   554  -0.24
   285.00  24.77   5.39  31.16   4.08  26.69   0.00    41   554  -0.35
   315.00  23.74   7.08  53.81   4.06  26.60   0.00    73   554  -0.47
    15.00  23.03   5.58 238.79   3.99  26.12   0.00   309   554  -0.52
    45.00  23.00   4.71  96.22   3.97  25.97   0.00   100   554  -0.54
    75.00  23.00   5.91 237.87   3.97  25.99   0.00   309   554  -0.61
   105.00  23.00   6.82 309.00   3.98  26.00   0.00   309   554  -0.76
   135.00  23.00   7.33 313.85   3.97  25.99   0.00   345   554  -0.97
   165.00  23.00   7.14 369.81   3.96  25.89   0.00   374   553  -0.18
   195.00  23.02   5.38 374.00   3.96  25.90   0.00   374   553  -0.34
   225.00  23.47   4.89  33.74   4.00  26.16   0.00    36   553  -0.49
   255.00  24.16   4.41  36.00   4.06  26.51   0.00    36   553  -0.61
   285.00  24.77   5.39  31.21   4.09  26.73   0.00    41   553  -0.72
   315.00  23.74   7.08  53.90   4.07  26.65   0.00    73   553  -0.83
    15.00  23.03   5.58 257.16   3.99  26.12   0.00   338   553  -0.89
    45.00  23.00   4.71 244.00   3.97  25.98   0.00   244   553  -0.90
    75.00  23.00   5.91 262.75   3.97  25.99   0.00   338   553  -0.97
   105.00  23.00   6.81 338.00   3.97  25.99   0.00   338   552  -0.12
   135.00  23.00   7.33 259.50   3.97  25.99   0.00   261   552  -0.33
   165.00  23.00   7.14 261.00   3.97  25.99   0.00   261   552  -0.54
   195.00  23.01   5.38 242.00   3.98  26.00   0.00   242   552  -0.71
   225.00  23.46   4.87  33.46   4.01  26.24   0.00    35   552  -0.85
   255.00  24.16   4.40  35.99   4.07  26.58   0.00    36   552  -0.97
   285.00  24.77   5.39  31.13   4.09  26.79   0.00    41   551  -0.08
   315.00  23.74   7.07  53.74   4.07  26.66   0.00    73   551  -0.19
    15.00  23.03   5.58 185.14   4.00  26.21   0.00   231   551  -0.25
    45.00  23.00   4.71  94.09   3.96  25.98   0.00   101   551  -0.26
    75.00  23.00   5.91 179.88   3.96  26.00   0.00   230   551  -0.33
   105.00  23.00   6.81 230.00   3.97  26.00   0.00   230   551  -0.48
   135.00  23.00   7.33 230.00   3.97  26.01   0.00   230   551  -0.69
   165.00  23.00   7.14 230.00   3.97  26.01   0.00   230   551  -0.91
   195.00  23.01   5.38 230.00   3.97  26.01   0.00   230   550  -0.07
   225.00  23.46   4.88  33.51   4.00  26.20   0.00    36   550  -0.21
   255.00  24.16   4.40  36.00   4.04  26.47   0.00    36   550  -0.33
   285.00  24.77   5.39  31.16   4.06  26.64   0.00    41   550  -0.45
   315.00  23.74   7.08  53.81   4.04  26.55   0.00    73   550  -0.56
    15.00  23.03   5.58 154.10   4.00  26.22   0.00   187   550  -0.61
    45.00  23.00   4.71  95.70   3.98  26.09   0.00   101   550  -0.63
    75.00  23.00   5.91 167.80   3.98  26.11   0.00   187   550  -0.70
   105.00  23.00   6.81 187.00   3.98  26.12   0.00   187   550  -0.84
   135.00  23.00   7.33 202.06   3.98  26.11   0.00   238   549  -0.06
   165.00  23.00   7.14 238.00   3.98  26.09   0.00   238   549  -0.27
   195.00  23.01   5.38 228.00   3.98  26.10   0.00   228   549  -0.43
   225.00  23.46   4.88  33.47   4.00  26.26   0.00    36   549  -0.58
   255.00  24.16   4.40  36.00   4.04  26.52   0.00    36   549  -0.70
   285.00  24.77   5.39  31.15   4.07  26.68   0.00    41   549  -0.81
   315.00  23.74   7.08  53.79   4.05  26.58   0.00    73   549  -0.92
    15.00  23.03   5.58 179.73   4.00  26.25   0.00   225   549  -0.97
    45.00  23.00   4.71  94.10   3.97  26.09   0.00   100   549  -0.99
    75.00  23.00   5.91 137.74   3.97  26.08   0.00   182   548  -0.06
   105.00  23.00   6.81 182.00   3.98  26.11   0.00   182   548  -0.21
   135.00  23.00   7.33 182.00   3.98  26.12   0.00   182   548  -0.42
   165.00  23.00   7.14 182.00   3.98  26.12   0.00   182   548  -0.63
   195.00  23.02   5.38 137.00   3.98  26.12   0.00   137   548  -0.79
   225.00  23.46   4.89  33.54   4.00  26.31   0.00    36   548  -0.94
   255.00  24.16   4.40  36.00   4.05  26.58   0.00    36   547  -0.06
   285.00  24.77   5.39  31.17   4.07  26.74   0.00    41   547  -0.17
   315.00  23.74   7.08  53.87   4.04  26.60   0.00    73   547  -0.28
    15.00  23.03   5.58 151.96   3.99  26.22   0.00   182   547  -0.33
    45.00  23.00   4.71  96.09   3.95  25.97   0.00   101   547  -0.35
    75.00  23.00   5.91 151.52   3.94  25.95   0.00   182   547  -0.42
   105.00  23.00   6.81 182.00   3.95  25.99   0.00   182   547  -0.57
   135.00  23.00   7.33 210.61   3.95  26.01   0.00   237   547  -0.78
   165.00  23.00   7.14 237.00   3.96  26.03   0.00   237   547  -0.99
   195.00  23.02   5.38 234.00   3.96  26.02   0.00   234   546  -0.15
   225.00  23.46   4.89  33.52   3.98  26.15   0.00    36   546  -0.30
   255.00  24.16   4.40  36.00   4.01  26.37   0.00    36   546  -0.42
   285.00  24.77   5.39  31.16   4.03  26.52   0.00    41   546  -0.53
   315.00  23.74   7.08  53.84   4.01  26.41   0.00    73   546  -0.64
    15.00  23.03   5.58 186.83   3.97  26.07   0.00   235   546  -0.69
    45.00  23.00   4.71 110.90   3.94  25.80   0.00   231   546  -0.71
    75.00  23.00   5.91 234.00   3.93  25.80   0.00   299   546  -0.78
   105.00  23.00   6.81 234.00   3.94  25.84   0.00   234   546  -0.93
   135.00  23.00   7.33 277.43   3.94  25.84   0.00   302   545  -0.14
   165.00  23.00   7.14 302.00   3.94  25.84   0.00   302   545  -0.35
   195.00  23.02   5.38 238.00   3.94  25.85   0.00   238   545  -0.51
   225.00  23.47   4.89  33.88   3.96  26.00   0.00    36   545  -0.66
   255.00  24.16   4.41  36.00   4.00  26.23   0.00    36   545  -0.78
   285.00  24.77   5.39  31.16   4.02  26.39   0.00    41   545  -0.89
   315.00  23.75   7.08  53.86   4.00  26.29   0.00    73   544  -0.00
    15.00  23.03   5.58 185.34   3.96  26.01   0.00   233   544  -0.05
    45.00  23.00   4.71 104.46   3.95  25.92   0.00   128   544  -0.07
    75.00  23.00   5.91 208.38   3.95  25.93   0.00   236   544  -0.14
   105.00  23.00   6.81 236.00   3.95  25.94   0.00   236   544  -0.28
   135.00  23.00   7.33 236.00   3.95  25.94   0.00   236   544  -0.50
   165.00  23.00   7.14 236.00   3.95  25.94   0.00   236   544  -0.71
   195.00  23.02   5.38 236.00   3.96  25.96   0.00   236   544  -0.87
   225.00  23.47   4.89  33.89   3.99  26.14   0.00    36   543  -0.02
   255.00  24.16   4.41  36.00   4.02  26.39   0.00    36   543  -0.14
   285.00  24.77   5.39  31.19   4.04  26.53   0.00    41   543  -0.25
   315.00  23.74   7.08  53.92   4.03  26.45   0.00    73   543  -0.36
    15.00  23.03   5.58 185.15   3.98  26.14   0.00   235   543  -0.41
    45.00  23.00   4.71 100.31   3.96  26.05   0.00   101   543  -0.43
    75.00  23.00   5.91 228.67   3.96  26.02   0.00   246   543  -0.49
   105.00  23.00   6.81 246.00   3.96  26.02   0.00   246   543  -0.64
   135.00  23.00   7.33 246.00   3.96  26.02   0.00   246   543  -0.85
   165.00  23.00   7.14 246.00   3.96  26.02   0.00   246   542  -0.07
   195.00  23.02   5.38 234.00   3.96  26.02   0.00   234   542  -0.23
   225.00  23.47   4.89  33.69   3.98  26.16   0.00    36   542  -0.37
   255.00  24.16   4.41  36.00   4.02  26.38   0.00    36   542  -0.49
   285.00  24.77   5.39  31.16   4.03  26.51   0.00    41   542  -0.61
   315.00  23.74   7.08  53.85   4.02  26.42   0.00    73   542  -0.72
    15.00  23.03   5.58 183.85   3.97  26.13   0.00   234   542  -0.77
    45.00  23.00   4.71 105.74   3.94  25.94   0.00   121   542  -0.78
    75.00  23.00   5.91 209.91   3.95  25.96   0.00   234   542  -0.85
   105.00  23.00   6.81 234.00   3.95  25.98   0.00   234   542  -1.00
   135.00  23.00   7.33 234.00   3.95  25.98   0.00   234   541  -0.21
   165.00  23.00   7.14 228.00   3.95  25.98   0.00   228   541  -0.43
   195.00  23.02   5.38 228.00   3.96  26.00   0.00   228   541  -0.59
   225.00  23.47   4.89  33.61   3.98  26.16   0.00    36   541  -0.73
   255.00  24.16   4.41  36.00   4.02  26.38   0.00    36   541  -0.85
   285.00  24.77   5.39  31.17   4.03  26.52   0.00    41   541  -0.96
   315.00  23.74   7.08  53.90   4.03  26.47   0.00    73   540  -0.07
    15.00  23.03   5.58 147.72   3.99  26.25   0.00   177   540  -0.13
    45.00  23.00   4.71 107.29   3.98  26.18   0.00   119   540  -0.14
    75.00  23.00   5.91 185.00   3.98  26.17   0.00   228   540  -0.21
   105.00  23.00   6.81 228.00   3.98  26.15   0.00   228   540  -0.36
   135.00  23.00   7.33 228.00   3.98  26.15   0.00   228   540  -0.57
   165.00  23.00   7.14 228.00   3.98  26.15   0.00   228   540  -0.78
   195.00  23.02   5.38 228.00   3.98  26.21   0.00   228   540  -0.94
   225.00  23.47   4.89  33.59   4.02  26.49   0.00    36   539  -0.09
   255.00  24.16   4.40  36.00   4.07  26.78   0.00    36   539  -0.21
   285.00  24.77   5.39  31.14   4.09  26.95   0.00    41   539  -0.32
   315.00  23.74   7.08  53.86   4.08  26.87   0.00    73   539  -0.43
    15.00  23.03   5.58 181.20   4.02  26.45   0.00   230   539  -0.48
    45.00  23.00   4.71 103.06   4.00  26.33   0.00   125   539  -0.50
    75.00  23.00   5.91 207.84   4.00  26.34   0.00   241   539  -0.56
   105.00  23.00   6.81 235.00   4.00  26.33   0.00   235   539  -0.71
   135.00  23.00   7.33 276.32   4.00  26.30   0.00   311   539  -0.92
   165.00  23.00   7.14 311.00   3.99  26.28   0.00   311   538  -0.14
   195.00  23.02   5.38 229.00   3.99  26.18   0.00   229   538  -0.30
   225.00  23.46   4.89  33.55   4.03  26.42   0.00    36   538  -0.44
   255.00  24.16   4.41  36.00   4.07  26.71   0.00    36   538  -0.56
   285.00  24.77   5.39  31.14   4.10  26.88   0.00    41   538  -0.67
   315.00  23.74   7.08  53.81   4.09  26.83   0.00    73   538  -0.79
    15.00  23.03   5.58 172.82   4.03  26.46   0.00   216   538  -0.84
    45.00  23.00   4.71 109.72   4.01  26.36   0.00   148   538  -0.85
    75.00  23.00   5.91 189.46   4.02  26.36   0.00   216   538  -0.92
   105.00  23.00   6.81 220.83   4.01  26.36   0.00   227   537  -0.07
   135.00  23.00   7.33 279.13   4.01  26.30   0.00   290   537  -0.28
   165.00  23.00   7.14 290.00   4.00  26.29   0.00   290   537  -0.49
   195.00  23.02   5.38 290.00   4.02  26.36   0.00   290   537  -0.65
   225.00  23.47   4.89  33.53   4.05  26.61   0.00    36   537  -0.80
   255.00  24.16   4.41  36.00   4.10  26.88   0.00    36   537  -0.92
   285.00  24.77   5.39  31.11   4.12  27.03   0.00    41   536  -0.03
   315.00  23.74   7.08  53.84   4.11  26.97   0.00    73   536  -0.14
    15.00  23.03   5.58 225.17   4.05  26.57   0.00   295   536  -0.19
    45.00  23.00   4.71 121.96   4.03  26.42   0.00   148   536  -0.21
    75.00  23.00   5.91 389.44   4.01  26.32   0.00   536   536  -0.27
   105.00  23.00   6.81 260.00   4.00  26.27   0.00   260   536  -0.42
   135.00  23.00   7.33 260.00   4.00  26.28   0.00   260   536  -0.63
   165.00  23.00   7.14 260.00   4.00  26.28   0.00   260   536  -0.85
   195.00  23.02   5.38 260.00   4.01  26.30   0.00   260   535  -0.01
   225.00  23.47   4.89  33.54   4.04  26.53   0.00    36   535  -0.15
   255.00  24.16   4.41  36.00   4.09  26.85   0.00    36   535  -0.27
   285.00  24.77   5.39  31.13   4.12  27.03   0.00    41   535  -0.38
   315.00  23.74   7.08  53.81   4.11  26.99   0.00    73   535  -0.49
    15.00  23.03   5.58 195.98   4.05  26.58   0.00   250   535  -0.54
    45.00  23.00   4.71 122.53   4.03  26.47   0.00   250   535  -0.56
    75.00  23.00   5.91 250.00   4.03  26.47   0.00   250   535  -0.62
   105.00  23.00   6.81 250.00   4.03  26.47   0.00   250   535  -0.77
   135.00  23.00   7.33 250.00   4.03  26.48   0.00   250   535  -0.98
   165.00  23.00   7.14 250.00   4.03  26.48   0.00   250   534  -0.20
   195.00  23.01   5.38 236.00   4.04  26.53   0.00   236   534  -0.36
   225.00  23.46   4.88  33.46   4.09  26.81   0.00    36   534  -0.50
   255.00  24.16   4.41  36.00   4.14  27.14   0.00    36   534  -0.62
   285.00  24.77   5.39  31.12   4.17  27.35   0.00    41   534  -0.74
   315.00  23.74   7.08  53.79   4.16  27.30   0.00    73   534  -0.85
    15.00  23.03   5.58 145.03   4.10  26.93   0.00   173   534  -0.90
    45.00  23.00   4.71 107.27   4.09  26.83   0.00   173   534  -0.91
    75.00  23.00   5.91 192.29   4.08  26.80   0.00   236   534  -0.98
   105.00  23.00   6.81 236.00   4.08  26.83   0.00   236   533  -0.12
   135.00  23.00   7.33 154.00   4.09  26.98   0.00   161   533  -0.34
   165.00  23.00   7.14 161.00   4.09  26.98   0.00   161   533  -0.55
   195.00  23.01   5.38 147.00   4.09  27.02   0.00   147   533  -0.71
   225.00  23.46   4.88  33.52   4.13  27.28   0.00    36   533  -0.86
   255.00  24.16   4.41  36.00   4.18  27.61   0.00    36   533  -0.98
   285.00  24.77   5.39  31.14   4.21  27.83   0.00    41   532  -0.09
   315.00  23.74   7.08  53.84   4.21  27.81   0.00    73   532  -0.20
    15.00  23.03   5.58 132.92   4.16  27.46   0.00   154   532  -0.25
    45.00  23.00   4.71  97.82   4.14  27.38   0.00   101   532  -0.26
    75.00  23.00   5.91 151.59   4.15  27.41   0.00   154   532  -0.33
   105.00  23.00   6.81 154.00   4.18  27.61   0.00   154   532  -0.48
   135.00  23.00   7.33 156.60   4.24  27.74   0.00   167   532  -0.69
   165.00  23.00   7.14 167.00   4.29  27.99   0.00   167   532  -0.90
   195.00  23.02   5.38 154.00   4.35  28.42   0.00   154   531  -0.06
   225.00  23.47   4.89  33.51   4.40  28.74   0.00    36   531  -0.21
   255.00  24.16   4.41  36.00   4.45  29.07   0.00    36   531  -0.33
   285.00  24.77   5.39  31.13   4.48  29.26   0.00    41   531  -0.44
   315.00  23.74   7.08  53.83   4.47  29.20   0.00    73   531  -0.55
    15.00  23.03   5.58 133.23   4.41  28.83   0.00   155   531  -0.60
    45.00  23.00   4.71  99.11   4.40  28.74   0.00   101   531  -0.61
    75.00  23.00   5.91 141.00   4.40  28.74   0.00   155   531  -0.68
   105.00  23.00   6.81 155.00   4.40  28.75   0.00   155   531  -0.83
   135.00  23.00   7.33 180.97   4.38  28.59   0.00   300   530  -0.04
   165.00  23.00   7.14 219.00   4.27  27.94   0.00   219   530  -0.25
   195.00  23.01   5.38 162.00   4.33  28.36   0.00   162   530  -0.41
   225.00  23.46   4.88  33.43   4.38  28.72   0.00    35   530  -0.56
   255.00  24.16   4.40  36.00   4.44  29.08   0.00    36   530  -0.68
   285.00  24.77   5.39  31.09   4.47  29.30   0.00    41   530  -0.79
   315.00  23.74   7.08  53.77   4.46  29.24   0.00    73   530  -0.90
    15.00  23.03   5.59 100.95   4.42  28.99   0.00   107   530  -0.95
    45.00  23.01   4.72 103.20   4.41  28.97   0.00   108   530  -0.96
    75.00  23.01   5.92 112.70   4.42  29.08   0.00   159   529  -0.03
   105.00  23.00   6.81 159.00   4.40  28.99   0.00   159   529  -0.17
   135.00  23.00   7.33 188.53   4.39  28.92   0.00   220   529  -0.39
   165.00  23.00   7.14 220.00   4.38  28.81   0.00   220   529  -0.60
   195.00  23.01   5.38 159.00   4.42  29.05   0.00   159   529  -0.76
   225.00  23.46   4.88  33.47   4.48  29.45   0.00    35   529  -0.91
   255.00  24.16   4.40  36.00   4.55  29.87   0.00    36   528  -0.03
   285.00  24.77   5.39  31.13   4.58  30.09   0.00    41   528  -0.14
   315.00  23.74   7.08  53.82   4.56  30.00   0.00    73   528  -0.25
    15.00  23.03   5.58 172.92   4.48  29.44   0.00   216   528  -0.30
    45.00  23.00   4.71  99.79   4.45  29.28   0.00   107   528  -0.31
    75.00  23.00   5.91 186.06   4.45  29.28   0.00   216   528  -0.37
   105.00  23.00   6.81 216.00   4.45  29.28   0.00   216   528  -0.52
   135.00  23.00   7.33 216.00   4.45  29.28   0.00   216   528  -0.73
   165.00  23.00   7.14 216.00   4.45  29.29   0.00   216   528  -0.95
   195.00  23.02   5.38 257.49   4.44  29.17   0.00   274   527  -0.11
   225.00  23.47   4.89  33.52   4.47  29.39   0.00    36   527  -0.25
   255.00  24.16   4.41  36.00   4.53  29.73   0.00    36   527  -0.37
   285.00  24.77   5.39  31.14   4.55  29.93   0.00    41   527  -0.48
   315.00  23.74   7.08  53.79   4.54  29.88   0.00    73   527  -0.59
   345.00  23.03   6.45 219.56   4.47  29.39   0.00   274   527  -0.67
   375.00  23.00   5.41 274.00   4.45  29.27   0.00   274   527  -0.71
   405.00  23.00   5.40 104.70   4.45  29.27   0.00   128   527  -0.74
   435.00  23.00   6.04 250.78   4.45  29.27   0.00   274   527  -0.81
   465.00  23.00   6.13 274.00   4.46  29.27   0.00   274   527  -0.95
   495.00  23.00   7.09 292.59   4.44  29.18   0.00   315   526  -0.15
   525.00  23.00   7.76 315.00   4.42  29.07   0.00   315   526  -0.39
   555.00  23.00   6.35 315.00   4.43  29.08   0.00   315   526  -0.58
   585.00  23.38   4.13  44.98   4.46  29.30   0.00    45   526  -0.70
   615.00  24.45   4.03  24.79   4.51  29.61   0.00    27   526  -0.81
   645.00  24.73   5.78  32.26   4.53  29.77   0.00    41   526  -0.93
   675.00  23.62   7.18  55.72   4.52  29.69   0.00    79   525  -0.05
   705.00  23.01   6.75 272.33   4.45  29.24   0.00   315   525  -0.12
   735.00  23.00   5.47 158.00   4.44  29.18   0.00   158   525  -0.14
   765.00  23.00   4.67  99.58   4.44  29.19   0.00   101   525  -0.16
   795.00  23.00   5.73 133.35   4.44  29.19   0.00   158   525  -0.22
   825.00  23.00   6.82 184.17   4.44  29.19   0.00   315   525  -0.36
   855.00  23.00   7.54 315.00   4.44  29.19   0.00   315   525  -0.58
   885.00  23.00   7.60 315.00   4.44  29.19   0.00   315   525  -0.81
   915.00  23.02   5.26 158.00   4.45  29.21   0.00   158   525  -0.97
   945.00  23.49   4.25  32.01   4.48  29.43   0.00    33   524  -0.09
   975.00  24.27   3.64  33.00   4.52  29.74   0.00    33   524  -0.19
  1005.00  24.95   5.35  28.76   4.54  29.89   0.00    38   524  -0.29
  1035.00  23.85   8.00  51.12   4.55  29.88   0.00    70   524  -0.42
  1065.00  23.04   7.00 227.70   4.49  29.49   0.00   303   524  -0.52
  1095.00  23.00   5.26 124.00   4.47  29.36   0.00   124   524  -0.54
  1125.00  23.00   4.92 100.11   4.47  29.36   0.00   102   524  -0.55
  1155.00  23.00   5.86 113.53   4.47  29.38   0.00   124   524  -0.61
  1185.00  23.00   6.19 124.00   4.47  29.39   0.00   124   524  -0.75
  1215.00  23.00   6.82 220.41   4.47  29.37   0.00   320   524  -0.94
  1245.00  23.00   7.06 320.00   4.40  28.95   0.00   320   523  -0.15
  1275.00  23.00   5.53 320.00   4.40  28.96   0.00   320   523  -0.32
  1305.00  23.42   4.16  39.00   4.44  29.20   0.00    39   523  -0.44
  1335.00  24.34   3.38  27.55   4.48  29.50   0.00    28   523  -0.53
  1365.00  24.75   4.64  30.88   4.50  29.62   0.00    40   523  -0.63
  1395.00  23.60   6.57  55.30   4.48  29.49   0.00    77   523  -0.70
  1425.00  23.02   6.23 263.26   4.42  29.08   0.00   320   523  -0.73
  1455.00  23.01   5.05 320.00   4.41  29.01   0.00   320   523  -0.75
  1485.00  23.20   4.64  42.93   4.40  28.94   0.00    50   523  -0.72
  1515.00  23.15   5.78  63.96   4.40  28.99   0.00    96   523  -0.76
  1545.00  23.00   6.74 305.16   4.41  29.01   0.00   320   523  -0.92
  1575.00  23.00   7.02 328.39   4.41  29.00   0.00   334   522  -0.12
  1605.00  23.00   6.44 334.00   4.40  28.99   0.00   334   522  -0.31
  1635.00  23.10   4.23 334.00   4.41  29.04   0.00   334   522  -0.44
  1665.00  23.79   4.39  28.43   4.44  29.27   0.00    33   522  -0.57
  1695.00  24.36   3.95  33.85   4.48  29.52   0.00    34   522  -0.68
  1725.00  24.96   4.90  29.72   4.50  29.65   0.00    39   522  -0.78
  1755.00  23.86   7.45  52.21   4.49  29.60   0.00    72   522  -0.91
  1785.00  23.03   7.30 271.17   4.43  29.18   0.00   334   521  -0.00
  1815.00  23.00   5.79 333.00   4.42  29.10   0.00   333   521  -0.05
  1845.00  23.00   5.32 195.96   4.41  29.07   0.00   328   521  -0.08
  1875.00  23.00   7.12 328.00   4.41  29.06   0.00   328   521  -0.15
  1905.00  23.00   8.67 328.00   4.41  29.06   0.00   328   521  -0.36
  1935.00  23.00   9.47 476.64   4.36  28.70   0.00   521   521  -0.63
  1965.00  23.00   8.04 521.00   4.34  28.59   0.00   521   521  -0.87
  1995.00  23.01   5.34 146.00   4.35  28.60   0.00   146   520  -0.03
  2025.00  23.36   4.66  37.00   4.38  28.81   0.00    37   520  -0.17
  2055.00  24.02   4.30  36.00   4.42  29.10   0.00    36   520  -0.29
  2085.00  24.49   5.42  33.49   4.44  29.26   0.00    45   520  -0.41
  2115.00  23.42   7.08  65.72   4.43  29.19   0.00   251   520  -0.53
  2145.00  23.00   6.63 362.00   4.36  28.74   0.00   362   520  -0.60
  2175.00  23.00   6.43 362.00   4.36  28.73   0.00   362   520  -0.65
  2205.00  23.00   6.25 362.00   4.36  28.74   0.00   362   520  -0.69
  2235.00  23.00   6.79 379.58   4.36  28.73   0.00   520   520  -0.76
  2265.00  23.00   7.72 398.00   4.36  28.71   0.00   398   520  -0.93
  2295.00  22.99   8.16 484.63   4.36  28.71   0.00   519   519  -0.17
  2325.00  22.99   7.82 401.00   4.36  28.71   0.00   401   519  -0.41
  2355.00  22.99   6.20 401.00   4.36  28.71   0.00   401   519  -0.59
  2385.00  23.17   4.46 146.00   4.38  28.84   0.00   146   519  -0.72
  2415.00  24.05   3.63  27.00   4.42  29.15   0.00    27   519  -0.82
  2445.00  24.55   5.83  30.88   4.45  29.35   0.00    42   519  -0.95
  2475.00  23.40   7.38  65.49   4.45  29.30   0.00   518   518  -0.08
  2505.00  22.99   6.46 326.00   4.38  28.83   0.00   326   518  -0.13
  2535.00  22.99   5.32 326.00   4.38  28.90   0.00   326   518  -0.17
  2565.00  22.99   5.02 111.93   4.40  29.11   0.00   118   518  -0.19
  2595.00  22.99   6.15 215.05   4.40  29.18   0.00   324   518  -0.24
  2625.00  22.99   6.82 324.00   4.39  29.09   0.00   324   518  -0.40
  2655.00  22.99   7.21 324.00   4.39  29.10   0.00   324   518  -0.61
  2685.00  22.99   7.36 324.00   4.39  29.10   0.00   324   518  -0.83
  2715.00  23.00   5.79 324.00   4.41  29.21   0.00   324   517  -0.00
  2745.00  23.35   4.36  42.00   4.47  29.59   0.00    42   517  -0.13
  2775.00  24.28   3.08  28.92   4.52  29.93   0.00    29   517  -0.22
  2805.00  24.81   4.80  29.14   4.53  30.06   0.00    41   517  -0.31
  2835.00  23.46   7.13  67.46   4.51  29.95   0.00   292   517  -0.41
  2865.00  22.99   6.41 292.00   4.43  29.38   0.00   292   517  -0.49
  2895.00  22.99   5.26 292.00   4.43  29.37   0.00   292   517  -0.52
  2925.00  23.02   4.47  96.99   4.43  29.37   0.00    97   517  -0.49
  2955.00  23.07   5.51  78.42   4.44  29.45   0.00   226   517  -0.55
  2985.00  22.99   6.62 127.00   4.47  29.60   0.00   127   517  -0.69
  3015.00  22.99   7.06 316.31   4.48  29.67   0.00   517   517  -0.89
  3045.00  22.98   6.60 444.00   4.45  29.44   0.00   444   516  -0.09
  3075.00  23.05   4.62 414.00   4.46  29.52   0.00   414   516  -0.23
  3105.00  23.91   3.04  28.00   4.50  29.80   0.00    28   516  -0.32
  3135.00  25.38   2.75  19.50   4.54  30.06   0.00    21   516  -0.39
  3165.00  25.64   5.55  27.22   4.54  30.13   0.00    36   516  -0.50
  3195.00  24.08   7.53  46.98   4.54  30.11   0.00    58   516  -0.61
  3225.00  23.23   6.41  75.83   4.53  30.01   0.00    99   516  -0.69
  3255.00  23.02   5.30  99.57   4.52  30.01   0.00   100   516  -0.72
  3285.00  23.03   4.64  93.47   4.52  30.01   0.00    96   516  -0.69
  3315.00  23.03   5.40  96.98   4.52  30.03   0.00   101   516  -0.71
  3345.00  23.00   7.06 273.70   4.51  29.91   0.00   438   516  -0.87
  3375.00  22.98   7.75 469.50   4.48  29.71   0.00   515   515  -0.09
  3405.00  22.98   6.53 454.00   4.48  29.81   0.00   454   515  -0.28
  3435.00  23.03   4.47 322.00   4.50  29.91   0.00   322   515  -0.42
  3465.00  23.62   4.14  30.48   4.55  30.26   0.00    31   515  -0.54
  3495.00  24.50   3.58  31.00   4.60  30.61   0.00    31   515  -0.64
  3525.00  25.01   5.53  30.24   4.62  30.78   0.00    41   515  -0.76
  3555.00  23.51   7.73  74.59   4.60  30.62   0.00   289   515  -0.89
  3585.00  22.98   7.73 291.00   4.52  30.05   0.00   291   515  -0.98
  3615.00  22.98   6.28 297.77   4.51  30.04   0.00   299   514  -0.04
  3645.00  22.98   4.82 249.00   4.51  30.04   0.00   249   514  -0.04
  3675.00  22.98   6.75 269.69   4.51  30.04   0.00   299   514  -0.12
  3705.00  22.98   8.36 299.00   4.52  30.05   0.00   299   514  -0.31
  3735.00  22.98   8.38 299.00   4.52  30.05   0.00   299   514  -0.55
  3765.00  22.98   7.73 299.00   4.52  30.05   0.00   299   514  -0.78
  3795.00  22.98   5.44 299.00   4.52  30.05   0.00   299   514  -0.94
  3825.00  23.33   4.10  42.00   4.54  30.20   0.00    42   513  -0.06
  3855.00  24.32   3.41  27.99   4.58  30.49   0.00    28   513  -0.15
  3885.00  24.90   5.66  29.26   4.60  30.65   0.00    40   513  -0.27
  3915.00  23.56   7.29  57.71   4.59  30.60   0.00    86   513  -0.38
  3945.00  22.98   6.59 263.03   4.54  30.20   0.00   286   513  -0.45
  3975.00  22.98   5.47 286.00   4.53  30.16   0.00   286   513  -0.46
  4005.00  22.98   4.67 233.14   4.53  30.16   0.00   234   513  -0.46
  4035.00  22.98   5.68 234.00   4.53  30.16   0.00   234   513  -0.50
  4065.00  22.98   6.55 275.13   4.53  30.16   0.00   286   513  -0.63
  4095.00  22.98   7.50 286.00   4.53  30.17   0.00   286   513  -0.84
  4125.00  22.98   7.92 336.16   4.53  30.15   0.00   440   512  -0.08
  4155.00  22.98   5.89 440.00   4.52  30.12   0.00   440   512  -0.25
  4185.00  23.29   4.08  40.00   4.55  30.32   0.00    40   512  -0.37
  4215.00  24.15   3.34  30.00   4.59  30.60   0.00    30   512  -0.46
  4245.00  24.68   5.55  30.79   4.61  30.75   0.00    42   512  -0.58
  4275.00  23.49   7.52  60.51   4.60  30.67   0.00    98   512  -0.68
  4305.00  22.98   6.58 264.21   4.54  30.27   0.00   273   512  -0.72
  4335.00  22.98   5.14 273.00   4.54  30.26   0.00   273   512  -0.74
  4365.00  22.99   4.59  87.38   4.54  30.25   0.00   101   512  -0.75
  4395.00  22.98   6.00 220.98   4.54  30.25   0.00   273   512  -0.78
  4425.00  22.98   6.43 273.00   4.54  30.26   0.00   273   512  -0.91
  4455.00  22.98   6.03 273.00   4.54  30.26   0.00   273   511  -0.08
  4485.00  22.98   6.30 268.00   4.54  30.26   0.00   268   511  -0.27
  4515.00  23.00   4.87 268.00   4.55  30.28   0.00   268   511  -0.41
  4545.00  23.52   4.02  31.00   4.57  30.48   0.00    31   511  -0.53
  4575.00  24.31   3.20  30.69   4.61  30.72   0.00    31   511  -0.62
  4605.00  24.60   4.57  33.53   4.61  30.78   0.00    43   511  -0.71
  4635.00  23.49   7.07  59.69   4.60  30.71   0.00    84   511  -0.80
  4665.00  22.99   6.65 234.79   4.56  30.38   0.00   264   511  -0.85
  4695.00  22.98   5.46 264.00   4.55  30.35   0.00   264   511  -0.89
  4725.00  22.98   5.13 123.28   4.55  30.34   0.00   127   511  -0.89
  4755.00  22.98   6.18 234.57   4.55  30.34   0.00   264   511  -0.95
  4785.00  22.98   6.72 264.00   4.56  30.35   0.00   264   510  -0.10
  4815.00  22.98   6.64 259.00   4.56  30.35   0.00   259   510  -0.29
  4845.00  22.98   6.72 259.00   4.56  30.35   0.00   259   510  -0.49
  4875.00  22.98   6.31 259.00   4.56  30.35   0.00   259   510  -0.68
  4905.00  23.03   5.45 189.00   4.56  30.41   0.00   189   510  -0.84
  4935.00  23.74   3.54  37.00   4.60  30.67   0.00    37   510  -0.93
  4965.00  24.62   5.17  25.47   4.62  30.79   0.00    39   509  -0.03
  4995.00  23.43   7.66  61.38   4.61  30.72   0.00   105   509  -0.13
  5025.00  22.98   6.89 259.93   4.57  30.41   0.00   261   509  -0.18
  5055.00  22.98   5.61 261.00   4.56  30.39   0.00   261   509  -0.20
  5085.00  22.98   4.93 136.00   4.56  30.38   0.00   136   509  -0.20
  5115.00  22.98   6.25 213.36   4.56  30.38   0.00   261   509  -0.25
  5145.00  22.98   7.27 261.00   4.56  30.38   0.00   261   509  -0.37
  5175.00  22.98   7.73 261.00   4.56  30.38   0.00   261   509  -0.59
  5205.00  22.98   8.11 261.00   4.56  30.38   0.00   261   509  -0.83
  5235.00  22.98   6.27 261.00   4.55  30.36   0.00   261   508  -0.02
  5265.00  23.13   5.17  47.92   4.57  30.45   0.00    48   508  -0.17
  5295.00  23.67   4.64  45.00   4.61  30.70   0.00    45   508  -0.30
  5325.00  24.31   5.75  31.71   4.64  30.91   0.00    43   508  -0.42
  5355.00  23.55   6.80  56.69   4.62  30.81   0.00    75   508  -0.51
  5385.00  23.00   6.39 218.91   4.57  30.47   0.00   275   508  -0.55
  5415.00  22.98   5.50 273.06   4.56  30.40   0.00   275   508  -0.58
  5445.00  22.98   4.98 187.00   4.55  30.23   0.00   187   508  -0.57
  5475.00  22.98   6.19 244.22   4.55  30.25   0.00   275   508  -0.60
  5505.00  22.98   7.37 272.00   4.55  30.27   0.00   272   508  -0.73
  5535.00  22.98   7.74 302.33   4.55  30.27   0.00   353   508  -0.95
  5565.00  22.98   7.68 341.00   4.55  30.27   0.00   355   507  -0.18
  5595.00  22.98   5.70 273.00   4.55  30.26   0.00   273   507  -0.35
  5625.00  23.33   4.49  39.00   4.56  30.34   0.00    39   507  -0.49
  5655.00  24.05   3.42  32.00   4.59  30.53   0.00    32   507  -0.58
  5685.00  24.53   4.38  30.95   4.59  30.56   0.00    42   507  -0.66
  5715.00  23.41   7.28  82.20   4.57  30.43   0.00   289   507  -0.75
  5745.00  22.98   7.05 289.00   4.55  30.27   0.00   289   507  -0.80
  5775.00  22.98   5.70 267.00   4.55  30.27   0.00   267   507  -0.84
  5805.00  22.98   5.20 255.00   4.55  30.27   0.00   255   507  -0.85
  5835.00  22.98   6.34 265.93   4.55  30.27   0.00   267   507  -0.91
  5865.00  22.98   7.15 267.72   4.55  30.27   0.00   269   506  -0.05
  5895.00  22.98   6.96 269.00   4.55  30.28   0.00   269   506  -0.25
  5925.00  22.98   6.68 269.00   4.55  30.28   0.00   269   506  -0.45
  5955.00  22.98   5.78 269.00   4.55  30.28   0.00   269   506  -0.62
  5985.00  23.31   4.76  43.00   4.57  30.44   0.00    43   506  -0.76
  6015.00  24.26   3.34  29.00   4.61  30.71   0.00    29   506  -0.85
  6045.00  25.11   4.57  25.14   4.63  30.82   0.00    36   506  -0.93
  6075.00  23.94   7.44  48.16   4.62  30.75   0.00    64   505  -0.03
  6105.00  23.06   6.94 184.88   4.57  30.47   0.00   277   505  -0.09
  6135.00  22.98   5.47 259.00   4.55  30.35   0.00   259   505  -0.10
  6165.00  22.98   4.83 213.17   4.52  30.10   0.00   259   505  -0.07
  6195.00  22.98   6.89 263.50   4.52  30.07   0.00   307   505  -0.13
  6225.00  22.98   8.22 307.00   4.52  30.10   0.00   307   505  -0.29
  6255.00  22.98   8.15 304.71   4.52  30.10   0.00   307   505  -0.52
  6285.00  22.98   7.41 307.00   4.52  30.10   0.00   307   505  -0.74
  6315.00  22.98   5.34 259.00   4.52  30.10   0.00   259   505  -0.90
  6345.00  23.38   3.97  43.00   4.54  30.24   0.00    43   504  -0.02
  6375.00  24.49   3.46  24.00   4.58  30.50   0.00    24   504  -0.12
  6405.00  25.03   5.49  29.39   4.59  30.62   0.00    38   504  -0.23
  6435.00  23.83   7.33  50.48   4.58  30.55   0.00    66   504  -0.33
  6465.00  23.04   6.70 175.95   4.54  30.27   0.00   256   504  -0.37
  6495.00  22.98   5.68 256.00   4.53  30.18   0.00   256   504  -0.41
  6525.00  22.98   5.41 254.57   4.53  30.18   0.00   256   504  -0.41
  6555.00  22.98   6.20 260.67   4.53  30.18   0.00   285   504  -0.45
  6585.00  22.98   6.58 285.00   4.53  30.17   0.00   285   504  -0.59
  6615.00  22.98   6.93 284.86   4.53  30.18   0.00   285   504  -0.79
  6645.00  22.98   6.97 285.00   4.53  30.18   0.00   285   504  -0.99
  6675.00  22.98   5.60 280.00   4.53  30.19   0.00   280   503  -0.16
  6705.00  23.42   4.37  37.00   4.56  30.38   0.00    37   503  -0.29
  6735.00  24.30   3.96  29.63   4.60  30.65   0.00    30   503  -0.40
  6765.00  24.74   5.01  31.74   4.61  30.77   0.00    41   503  -0.50
  6795.00  23.60   6.67  56.19   4.59  30.66   0.00    83   503  -0.57
  6825.00  22.98   6.10 216.58   4.55  30.32   0.00   236   503  -0.59
  6855.00  22.98   4.98 236.00   4.54  30.28   0.00   236   503  -0.59
  6885.00  22.98   4.38 150.00   4.53  30.25   0.00   150   503  -0.54
  6915.00  22.98   5.54 184.89   4.52  30.21   0.00   236   503  -0.57
  6945.00  22.98   6.34 236.00   4.52  30.23   0.00   236   503  -0.69
  6975.00  22.98   6.91 236.00   4.52  30.23   0.00   236   503  -0.89
  7005.00  22.98   7.43 236.00   4.52  30.23   0.00   236   502  -0.11
  7035.00  22.99   5.55 234.00   4.53  30.24   0.00   234   502  -0.28
  7065.00  23.46   4.16  33.99   4.55  30.43   0.00    34   502  -0.40
  7095.00  24.41   3.94  28.00   4.59  30.70   0.00    28   502  -0.51
  7125.00  24.95   6.20  30.58   4.61  30.85   0.00    39   502  -0.64
  7155.00  23.74   7.78  52.82   4.61  30.80   0.00    71   502  -0.75
  7185.00  23.01   6.49 182.02   4.56  30.45   0.00   231   502  -0.80
  7215.00  22.98   5.57 231.00   4.54  30.37   0.00   231   502  -0.81
  7245.00  22.98   4.86 175.79   4.54  30.36   0.00   230   502  -0.77
  7275.00  22.98   6.65 230.00   4.54  30.37   0.00   230   502  -0.84
  7305.00  22.98   8.59 230.00   4.54  30.37   0.00   230   501  -0.02
  7335.00  22.98   9.07 206.00   4.54  30.38   0.00   206   501  -0.28
  7365.00  22.98   8.61 206.00   4.54  30.38   0.00   206   501  -0.54
  7395.00  22.98   5.56 206.00   4.54  30.37   0.00   206   501  -0.71
  7425.00  23.31   3.87  37.00   4.55  30.45   0.00    37   501  -0.82
  7455.00  24.15   3.56  30.00   4.57  30.61   0.00    30   501  -0.91
  7485.00  24.67   5.24  31.20   4.58  30.69   0.00    41   500  -0.02
  7515.00  23.50   7.13  59.12   4.57  30.64   0.00    91   500  -0.10
  7545.00  22.98   6.79 194.49   4.55  30.45   0.00   204   500  -0.15
  7575.00  22.98   5.79 204.00   4.55  30.44   0.00   204   500  -0.17
  7605.00  22.98   5.14 204.00   4.55  30.43   0.00   204   500  -0.14
  7635.00  22.98   6.68 204.00   4.55  30.44   0.00   204   500  -0.22
  7665.00  22.98   8.91 204.00   4.55  30.45   0.00   204   500  -0.43
  7695.00  22.98   9.70 204.00   4.55  30.45   0.00   204   500  -0.71
  7725.00  22.98   9.18 204.00   4.55  30.45   0.00   204   500  -0.98
  7755.00  22.98   6.68 204.00   4.55  30.44   0.00   204   499  -0.18
  7785.00  23.18   4.95  58.00   4.57  30.56   0.00    58   499  -0.33
  7815.00  24.00   4.01  34.00   4.61  30.81   0.00    34   499  -0.43
  7845.00  24.72   4.98  28.46   4.62  30.95   0.00    40   499  -0.52
  7875.00  23.62   6.73  54.44   4.60  30.80   0.00    76   499  -0.59
  7905.00  22.99   7.21 162.45   4.56  30.56   0.00   185   499  -0.65
  7935.00  22.98   6.06 178.00   4.55  30.53   0.00   178   499  -0.68
  7965.00  22.98   4.60 124.00   4.53  30.53   0.00   124   499  -0.65
  7995.00  22.98   6.26 158.75   4.53  30.53   0.00   178   499  -0.70
  8025.00  22.98   7.74 178.00   4.53  30.53   0.00   178   499  -0.87
  8055.00  22.98   8.00 180.77   4.53  30.53   0.00   185   498  -0.09
  8085.00  22.98   7.36 185.00   4.53  30.51   0.00   185   498  -0.31
  8115.00  22.98   5.28 170.00   4.53  30.52   0.00   170   498  -0.47
  8145.00  23.43   3.59  40.00   4.55  30.64   0.00    40   498  -0.57
  8175.00  24.55   3.01  23.79   4.57  30.82   0.00    24   498  -0.65
  8205.00  25.04   4.95  29.35   4.57  30.88   0.00    37   498  -0.75
  8235.00  23.87   6.92  49.34   4.56  30.81   0.00    65   498  -0.85
  8265.00  23.05   6.61 133.19   4.52  30.59   0.00   175   498  -0.91
  8295.00  22.98   5.60 175.00   4.41  30.50   0.00   175   498  -0.94
  8325.00  22.98   4.89 157.56   4.32  30.50   0.00   160   498  -0.93
  8355.00  22.98   6.10 170.10   4.26  30.51   0.00   175   498  -0.98
  8385.00  22.98   7.22 175.00   4.26  30.51   0.00   175   497  -0.13
  8415.00  22.98   7.93 173.25   4.26  30.51   0.00   177   497  -0.35
  8445.00  22.98   7.74 177.00   4.26  30.51   0.00   177   497  -0.59
  8475.00  22.98   5.77 171.00   4.26  30.51   0.00   171   497  -0.76
  8505.00  23.25   4.46  48.00   4.28  30.67   0.00    48   497  -0.89
  8535.00  24.17   3.49  29.00   4.33  30.96   0.00    29   497  -0.99
  8565.00  24.85   4.85  28.17   4.34  31.09   0.00    39   496  -0.08
  8595.00  23.62   6.72  54.70   4.32  30.93   0.00    78   496  -0.16
  8625.00  22.99   6.53 160.50   4.27  30.65   0.00   176   496  -0.19
  8655.00  22.98   5.41 176.00   4.21  30.49   0.00   176   496  -0.20
  8685.00  23.03   4.30  56.99   4.16  30.19   0.00    67   496  -0.18
  8715.00  23.01   5.40 104.32   4.14  30.10   0.00   168   496  -0.20
  8745.00  22.98   6.64 168.00   4.16  30.20   0.00   168   496  -0.33
  8775.00  22.98   7.45 174.37   4.16  30.21   0.00   176   496  -0.55
  8805.00  22.98   7.68 176.00   4.16  30.22   0.00   176   496  -0.78
  8835.00  22.98   5.99 176.00   4.16  30.22   0.00   176   496  -0.96
  8865.00  23.30   4.32  45.99   4.18  30.32   0.00    46   495  -0.08
  8895.00  24.28   3.63  27.00   4.22  30.58   0.00    27   495  -0.18
  8925.00  24.92   5.14  28.60   4.24  30.72   0.00    38   495  -0.29
  8955.00  23.79   6.92  50.48   4.22  30.61   0.00    68   495  -0.36
  8985.00  23.03   6.11 129.55   4.19  30.38   0.00   159   495  -0.39
  9015.00  22.98   4.96 159.00   4.17  30.32   0.00   159   495  -0.35
  9045.00  22.98   4.36 146.00   4.17  30.32   0.00   146   495  -0.33
  9075.00  22.98   5.68 140.62   4.17  30.32   0.00   159   495  -0.38
  9105.00  22.98   7.59 165.14   4.17  30.32   0.00   173   495  -0.55
  9135.00  22.98   8.96 173.26   4.17  30.32   0.00   174   495  -0.80
  9165.00  22.98   8.30 174.00   4.17  30.32   0.00   174   494  -0.05
  9195.00  22.99   5.47 173.00   4.18  30.34   0.00   173   494  -0.21
  9225.00  23.54   3.34  30.00   4.21  30.55   0.00    30   494  -0.31
  9255.00  24.63   2.87  23.52   4.23  30.76   0.00    24   494  -0.38
  9285.00  25.03   5.23  29.78   4.25  30.90   0.00    38   494  -0.49
  9315.00  23.75   6.80  51.76   4.25  30.86   0.00    70   494  -0.58
  9345.00  23.02   6.23 142.05   4.21  30.61   0.00   172   494  -0.62
  9375.00  22.98   5.32 165.00   4.20  30.55   0.00   165   494  -0.66
  9405.00  23.12   4.75  48.31   4.20  30.55   0.00    52   494  -0.67
  9435.00  23.10   5.78  74.99   4.20  30.56   0.00   165   494  -0.70
  9465.00  22.98   6.21 165.00   4.20  30.58   0.00   165   494  -0.81
  9495.00  22.98   6.26 169.26   4.20  30.58   0.00   172   494  -0.99
  9525.00  22.98   7.01 172.00   4.21  30.58   0.00   172   493  -0.20
  9555.00  23.00   5.11 183.44   4.21  30.59   0.00   184   493  -0.36
  9585.00  23.65   3.52  28.00   4.25  30.80   0.00    28   493  -0.46
  9615.00  24.70   3.40  25.72   4.29  31.08   0.00    26   493  -0.55
  9645.00  25.21   5.24  28.75   4.30  31.20   0.00    36   493  -0.65
  9675.00  23.99   7.20  47.37   4.29  31.15   0.00    60   493  -0.73
  9705.00  23.14   6.46 100.28   4.26  30.92   0.00   173   493  -0.77
  9735.00  22.98   5.36 173.00   4.24  30.75   0.00   173   493  -0.81
  9765.00  22.98   4.51 145.00   4.24  30.75   0.00   145   493  -0.79
  9795.00  22.98   6.04 166.39   4.24  30.75   0.00   184   493  -0.82
  9825.00  22.98   6.73 184.00   4.24  30.75   0.00   184   493  -0.95
  9855.00  22.98   6.79 183.08   4.24  30.75   0.00   184   492  -0.15
  9885.00  22.98   6.68 181.00   4.24  30.75   0.00   181   492  -0.35
  9915.00  23.02   4.16 164.00   4.24  30.78   0.00   164   492  -0.47
  9945.00  23.59   3.52  29.12   4.27  30.96   0.00    30   492  -0.58
  9975.00  24.40   3.63  30.00   4.30  31.21   0.00    30   492  -0.68
 10005.00  24.81   5.16  32.07   4.32  31.35   0.00    41   492  -0.79
 10035.00  23.52   6.66  60.74   4.29  31.18   0.00   104   492  -0.86
 10065.00  22.98   6.30 180.23   4.26  30.90   0.00   181   492  -0.90
 10095.00  22.98   5.06 164.00   4.26  30.90   0.00   164   492  -0.86
 10125.00  22.98   5.00 148.00   4.26  30.90   0.00   148   492  -0.84
 10155.00  22.98   6.19 152.81   4.26  30.90   0.00   164   492  -0.90
 10185.00  22.98   6.62 168.55   4.26  30.91   0.00   178   491  -0.05
 10215.00  22.98   6.48 178.00   4.26  30.91   0.00   178   491  -0.23
 10245.00  22.98   5.95 178.00   4.26  30.91   0.00   178   491  -0.41
 10275.00  22.99   4.59 160.00   4.26  30.92   0.00   160   491  -0.55
 10305.00  23.47   3.59  36.00   4.28  31.09   0.00    36   491  -0.65
 10335.00  24.52   2.92  24.65   4.32  31.33   0.00    25   491  -0.73
 10365.00  24.91   4.67  30.17   4.32  31.41   0.00    40   491  -0.82
 10395.00  23.62   6.77  55.49   4.31  31.29   0.00    80   491  -0.90
 10425.00  22.99   6.42 162.40   4.27  31.02   0.00   178   491  -0.92
 10455.00  22.98   5.40 178.00   4.27  31.00   0.00   178   491  -0.93
 10485.00  22.98   5.12 151.91   4.27  30.98   0.00   159   491  -0.89
 10515.00  22.98   7.05 177.80   4.27  30.99   0.00   179   491  -0.98
 10545.00  22.98   7.86 179.00   4.27  30.99   0.00   179   490  -0.15
 10575.00  22.98   7.66 177.63   4.27  30.99   0.00   178   490  -0.37
 10605.00  22.98   7.09 178.00   4.27  30.99   0.00   178   490  -0.58
 10635.00  22.99   4.73 177.00   4.27  31.00   0.00   177   490  -0.72
 10665.00  23.51   3.56  31.00   4.30  31.24   0.00    31   490  -0.83
 10695.00  24.59   3.05  26.00   4.35  31.57   0.00    26   490  -0.91
 10725.00  25.12   4.60  28.66   4.36  31.71   0.00    37   490  -1.00
 10755.00  23.77   6.99  51.29   4.34  31.53   0.00    71   489  -0.07
 10785.00  23.01   6.57 142.64   4.30  31.21   0.00   169   489  -0.10
 10815.00  22.98   5.74 169.00   4.29  31.16   0.00   169   489  -0.13
 10845.00  22.98   5.43 160.00   4.29  31.16   0.00   160   489  -0.08
 10875.00  22.98   6.30 164.20   4.29  31.16   0.00   169   489  -0.13
 10905.00  22.98   6.42 169.00   4.29  31.16   0.00   169   489  -0.25
 10935.00  22.98   6.06 167.15   4.29  31.17   0.00   169   489  -0.42
 10965.00  22.98   6.53 169.00   4.29  31.17   0.00   169   489  -0.62
 10995.00  23.00   5.04 169.00   4.29  31.19   0.00   169   489  -0.77
 11025.00  23.69   3.22  27.00   4.33  31.42   0.00    27   489  -0.86
 11055.00  24.86   2.76  23.39   4.36  31.67   0.00    24   489  -0.94
 11085.00  25.25   4.68  28.22   4.37  31.73   0.00    36   488  -0.02
 11115.00  23.87   6.93  48.73   4.35  31.61   0.00    64   488  -0.09
 11145.00  23.08   6.26 108.90   4.32  31.39   0.00   169   488  -0.12
 11175.00  22.98   5.03 168.00   4.30  31.28   0.00   168   488  -0.12
 11205.00  23.09   4.72  52.14   4.29  31.18   0.00    60   488  -0.10
 11235.00  23.06   6.02  73.18   4.27  31.13   0.00    96   488  -0.13
 11265.00  22.98   6.62 163.37   4.29  31.21   0.00   168   488  -0.27
 11295.00  22.98   6.83 168.00   4.29  31.22   0.00   168   488  -0.45
 11325.00  22.98   6.99 168.00   4.29  31.22   0.00   168   488  -0.66
 11355.00  22.98   5.86 168.00   4.29  31.22   0.00   168   488  -0.84
 11385.00  23.22   4.26 113.00   4.30  31.31   0.00   113   488  -0.96
 11415.00  24.32   3.36  24.00   4.34  31.57   0.00    24   487  -0.05
 11445.00  25.05   5.39  27.32   4.36  31.68   0.00    37   487  -0.15
 11475.00  23.84   7.29  49.07   4.35  31.61   0.00    64   487  -0.24
 11505.00  23.06   6.38 121.26   4.31  31.37   0.00   173   487  -0.28
 11535.00  22.98   5.26 171.00   4.26  30.89   0.00   171   487  -0.29
 11565.00  22.98   4.75 111.84   4.21  30.60   0.00   112   487  -0.28
 11595.00  22.98   6.18 171.05   4.21  30.63   0.00   173   487  -0.31
 11625.00  22.98   7.39 173.00   4.21  30.64   0.00   173   487  -0.47
 11655.00  22.98   7.27 173.00   4.21  30.64   0.00   173   487  -0.67
 11685.00  22.98   6.75 173.00   4.21  30.64   0.00   173   487  -0.87
 11715.00  23.00   4.88 173.00   4.21  30.65   0.00   173   486  -0.02
 11745.00  23.54   3.45  32.00   4.24  30.82   0.00    32   486  -0.12
 11775.00  24.61   2.61  24.00   4.27  31.07   0.00    24   486  -0.19
 11805.00  25.14   4.46  28.06   4.28  31.15   0.00    36   486  -0.27
 11835.00  23.90   6.86  48.19   4.26  31.05   0.00    63   486  -0.35
 11865.00  23.08   6.45 112.72   4.23  30.84   0.00   161   486  -0.39
 11895.00  22.98   5.48 153.00   4.22  30.75   0.00   153   486  -0.39
 11925.00  22.99   4.86 110.97   4.19  30.62   0.00   111   486  -0.37
 11955.00  23.02   6.04  92.30   4.18  30.57   0.00   161   486  -0.39
 11985.00  22.98   6.87 161.00   4.19  30.61   0.00   161   486  -0.54
 12015.00  22.98   7.02 161.15   4.19  30.62   0.00   165   486  -0.74
 12045.00  22.98   6.83 162.00   4.19  30.62   0.00   162   486  -0.94
 12075.00  23.00   4.64 162.00   4.19  30.63   0.00   162   485  -0.08
 12105.00  23.65   3.31  30.00   4.22  30.84   0.00    30   485  -0.18
 12135.00  24.86   2.98  22.94   4.26  31.12   0.00    23   485  -0.26
 12165.00  25.39   5.04  27.59   4.27  31.21   0.00    36   485  -0.35
 12195.00  23.94   7.19  48.69   4.25  31.10   0.00    63   485  -0.43
 12225.00  23.11   6.07  86.22   4.22  30.89   0.00   100   485  -0.45
 12255.00  23.02   5.04 100.00   4.21  30.84   0.00   100   485  -0.46
 12285.00  23.11   5.07  56.72   4.21  30.84   0.00    65   485  -0.45
 12315.00  23.06   5.90  83.28   4.21  30.85   0.00   101   485  -0.46
 12345.00  22.99   7.05 149.00   4.21  30.79   0.00   165   485  -0.61
 12375.00  22.98   8.29 167.80   4.21  30.77   0.00   172   485  -0.85
 12405.00  22.98   7.94 176.95   4.21  30.76   0.00   185   484  -0.08
 12435.00  22.98   5.51 185.00   4.21  30.74   0.00   185   484  -0.25
 12465.00  23.50   3.20  39.00   4.23  30.90   0.00    39   484  -0.34
 12495.00  24.84   3.14  20.70   4.27  31.17   0.00    23   484  -0.42
 12525.00  25.13   5.42  28.83   4.29  31.31   0.00    37   484  -0.54
 12555.00  23.92   7.01  48.20   4.28  31.23   0.00    62   484  -0.61
 12585.00  23.09   6.17 114.47   4.24  30.97   0.00   185   484  -0.65
 12615.00  22.98   4.90 153.00   4.23  30.85   0.00   153   484  -0.67
 12645.00  23.12   4.60  48.97   4.22  30.85   0.00    56   484  -0.64
 12675.00  23.06   6.12  96.73   4.22  30.85   0.00   184   484  -0.68
 12705.00  22.98   7.59 184.00   4.22  30.86   0.00   184   484  -0.84
 12735.00  22.98   7.52 184.00   4.22  30.86   0.00   184   483  -0.05
 12765.00  22.98   6.51 162.00   4.22  30.85   0.00   162   483  -0.24
 12795.00  23.07   4.02 150.00   4.23  30.88   0.00   150   483  -0.36
 12825.00  23.86   3.42  24.73   4.26  31.11   0.00    28   483  -0.46
 12855.00  24.65   3.30  28.00   4.30  31.37   0.00    28   483  -0.55
 12885.00  25.15   5.26  29.97   4.31  31.49   0.00    38   483  -0.66
 12915.00  23.99   7.38  48.28   4.30  31.39   0.00    61   483  -0.75
 12945.00  23.13   6.73 102.54   4.25  31.09   0.00   162   483  -0.78
 12975.00  22.98   5.43 162.00   4.20  30.83   0.00   162   483  -0.78
 13005.00  23.11   5.17  48.70   4.18  30.66   0.00    60   483  -0.74
 13035.00  23.02   6.13  94.05   4.18  30.64   0.00   150   483  -0.78
 13065.00  22.98   6.68 156.71   4.18  30.64   0.00   162   483  -0.92
 13095.00  22.98   7.01 162.00   4.18  30.64   0.00   162   482  -0.11
 13125.00  22.98   6.55 161.00   4.18  30.64   0.00   161   482  -0.31
 13155.00  23.00   5.11 154.00   4.18  30.64   0.00   154   482  -0.46
 13185.00  23.58   3.77  34.00   4.21  30.83   0.00    34   482  -0.57
 13215.00  24.76   3.05  23.58   4.25  31.11   0.00    24   482  -0.65
 13245.00  25.36   4.69  26.68   4.27  31.23   0.00    35   482  -0.74
 13275.00  24.06   6.93  46.06   4.25  31.15   0.00    58   482  -0.82
