  1.0    15.0 292.91   0.013575   3.83 194.10 377.06  88261.23
  1.0    46.0 293.50   0.013666   4.45 221.00 373.91  88235.78
  1.0    74.0 294.73   0.012957   4.38 265.54 363.73  88285.74
  1.0   105.0 294.37   0.012470   6.37 256.02 358.87  88314.27
  1.0   135.0 292.20   0.010263   7.04 247.49 337.36  88576.81
  1.0   166.0 290.59   0.008393   6.77 255.21 308.56  88716.68
  1.0   196.0 289.27   0.007732   7.18 266.53 298.16  88848.88
  1.0   227.0 290.72   0.007938   6.88 277.31 312.76  88786.86
  1.0   258.0 294.20   0.007583   6.39 317.45 319.35  88535.50
  1.0   288.0 295.28   0.009607   4.61 290.37 344.69  88379.62
  1.0   319.0 294.51   0.011849   3.55 257.30 362.31  88316.08
  1.0   349.0 293.24   0.013122   3.95 203.25 373.40  88276.97
  2.0   380.0 293.93   0.013376   3.58 218.98 374.09  88255.05
  2.0   411.0 294.26   0.013526   3.76 232.29 372.12  88325.52
  2.0   439.0 294.46   0.013502   5.20 257.07 368.21  88331.61
  2.0   470.0 294.64   0.011911   6.97 270.80 354.64  88316.02
  2.0   500.0 293.72   0.011405   6.62 231.77 355.38  88419.83
  2.0   531.0 291.97   0.009200   6.88 250.01 324.04  88692.24
  2.0   561.0 291.17   0.008260   7.13 265.99 309.82  88770.38
  2.0   592.0 292.63   0.007720   6.84 297.79 309.83  88700.48
  2.0   623.0 295.09   0.008824   6.85 299.50 339.32  88503.10
  2.0   653.0 296.07   0.009792   7.06 308.22 348.39  88441.11
  2.0   684.0 294.18   0.013485   3.28 193.80 383.59  88277.53
  2.0   714.0 293.69   0.014061   3.50 180.34 387.36  88331.53
  3.0   745.0 294.41   0.014971   2.91 185.90 389.98  88435.70
  3.0   776.0 294.42   0.014648   3.47 184.54 388.21  88379.00
  3.0   804.0 294.75   0.015100   3.40 180.53 393.60  88370.64
  3.0   835.0 294.46   0.013595   6.03 235.52 369.51  88392.70
  3.0   865.0 292.99   0.011184   6.67 245.33 341.92  88529.37
  3.0   896.0 291.41   0.009719   7.08 235.82 327.29  88697.36
  3.0   926.0 290.74   0.009130   7.10 232.91 326.17  88770.42
  3.0   957.0 292.04   0.008427   6.59 277.11 320.25  88672.30
  3.0   988.0 295.06   0.008062   6.32 311.86 325.99  88490.90
  3.0  1018.0 295.17   0.010844   5.37 271.87 360.42  88346.38
  3.0  1049.0 293.54   0.013380   3.53 190.57 381.31  88295.10
  3.0  1079.0 292.90   0.013912   4.27 184.02 381.29  88263.57
  4.0  1110.0 292.48   0.013369   5.43 172.90 378.85  88277.91
  4.0  1141.0 293.22   0.013684   4.00 191.95 376.96  88290.51
  4.0  1169.0 293.46   0.013731   3.58 202.68 376.55  88299.59
  4.0  1200.0 293.15   0.013235   4.70 206.04 368.48  88294.02
  4.0  1230.0 291.79   0.011090   6.79 235.52 338.73  88512.66
  4.0  1261.0 290.09   0.009279   6.82 234.38 319.82  88707.15
  4.0  1291.0 289.58   0.008525   6.77 248.66 312.80  88710.55
  4.0  1322.0 291.85   0.008472   5.81 279.98 317.57  88606.16
  4.0  1353.0 293.93   0.008951   5.15 275.06 337.17  88432.77
  4.0  1383.0 294.57   0.009915   4.32 265.94 350.19  88370.41
  4.0  1414.0 293.50   0.012241   3.75 236.22 362.84  88314.86
  4.0  1444.0 291.87   0.013363   4.12 147.42 380.36  88382.01
  5.0  1475.0 292.32   0.013450   3.16 170.26 377.94  88384.45
  5.0  1506.0 293.53   0.013891   3.79 217.99 374.75  88293.66
  5.0  1534.0 294.01   0.013428   4.13 237.46 370.18  88321.23
  5.0  1565.0 293.64   0.012915   6.23 242.55 359.00  88324.70
  5.0  1595.0 292.85   0.011661   6.14 239.12 345.98  88415.91
  5.0  1626.0 290.89   0.008856   6.62 255.86 310.37  88700.58
  5.0  1656.0 290.49   0.008221   6.79 265.29 307.65  88747.82
  5.0  1687.0 291.19   0.008350   6.98 273.83 315.78  88744.90
  5.0  1718.0 294.33   0.008593   6.29 304.80 331.44  88617.67
  5.0  1748.0 294.91   0.011364   5.61 255.19 362.52  88413.62
  5.0  1779.0 294.19   0.012966   4.58 248.88 367.84  88332.44
  5.0  1809.0 294.42   0.014402   3.72 214.93 380.95  88376.28
  6.0  1840.0 294.19   0.014486   3.30 197.56 384.49  88345.69
  6.0  1871.0 294.00   0.014237   4.31 198.72 380.42  88491.48
  6.0  1899.0 293.95   0.014830   3.10 174.51 388.65  88373.04
  6.0  1930.0 293.58   0.012912   5.98 240.18 359.16  88464.22
  6.0  1960.0 292.28   0.011015   6.63 243.06 340.08  88526.84
  6.0  1991.0 290.39   0.008920   6.72 253.50 312.58  88714.56
  6.0  2021.0 289.78   0.008169   6.74 254.72 304.58  88828.41
  6.0  2052.0 292.10   0.008391   6.97 283.46 317.02  88770.36
  6.0  2083.0 294.59   0.008288   6.76 301.74 331.92  88611.42
  6.0  2113.0 295.74   0.010007   5.58 292.66 348.98  88362.56
  6.0  2144.0 294.25   0.013213   3.86 236.78 373.12  88260.99
  6.0  2174.0 294.16   0.014102   3.87 208.00 381.07  88363.14
  7.0  2205.0 294.10   0.014380   4.25 201.96 381.66  88439.77
  7.0  2236.0 294.16   0.014767   3.33 189.46 387.07  88371.90
  7.0  2264.0 294.48   0.014215   3.58 209.89 378.19  88422.60
  7.0  2295.0 293.47   0.012404   6.58 245.83 357.92  88544.31
  7.0  2325.0 292.56   0.011102   7.07 241.36 343.41  88531.61
  7.0  2356.0 291.35   0.009154   6.81 252.50 317.00  88623.50
  7.0  2386.0 290.36   0.008580   6.79 249.96 316.70  88729.97
  7.0  2417.0 291.53   0.008200   6.30 271.03 320.43  88671.56
  7.0  2448.0 294.43   0.007846   6.17 302.52 326.16  88458.30
  7.0  2478.0 295.27   0.011295   4.51 276.98 358.30  88231.01
  7.0  2509.0 293.35   0.013273   3.71 210.47 372.29  88322.91
  7.0  2539.0 292.49   0.013439   4.76 169.17 378.53  88271.39
  8.0  2570.0 292.34   0.013170   5.00 176.82 375.20  88193.12
  8.0  2601.0 292.98   0.013657   3.43 193.20 377.82  88312.31
  8.0  2629.0 293.26   0.013617   4.09 199.03 375.68  88335.76
  8.0  2660.0 293.60   0.012451   6.40 260.42 353.01  88326.84
  8.0  2690.0 292.01   0.010894   6.68 237.07 341.67  88465.20
  8.0  2721.0 290.49   0.008596   6.19 249.28 311.72  88652.03
  8.0  2751.0 289.55   0.007988   6.89 260.33 305.53  88696.58
  8.0  2782.0 290.59   0.007968   6.99 271.33 312.01  88661.71
  8.0  2813.0 294.00   0.008468   5.59 287.11 333.91  88454.73
  8.0  2843.0 294.87   0.011015   3.93 261.97 357.99  88346.91
  8.0  2874.0 293.97   0.012349   3.52 242.59 361.84  88271.48
  8.0  2904.0 292.34   0.013692   3.12 155.08 384.67  88273.97
  9.0  2935.0 292.91   0.013914   3.62 178.66 382.06  88325.50
  9.0  2966.0 293.51   0.013480   3.06 216.83 372.55  88286.80
  9.0  2994.0 294.45   0.012661   5.65 281.22 357.92  88387.86
  9.0  3025.0 293.88   0.012040   6.75 254.04 355.09  88352.59
  9.0  3055.0 292.70   0.011323   7.22 224.74 348.83  88445.52
  9.0  3086.0 290.74   0.009110   7.16 243.65 317.12  88639.09
  9.0  3116.0 290.16   0.008285   7.05 255.34 308.58  88767.40
  9.0  3147.0 291.35   0.008447   7.15 276.72 316.10  88765.41
  9.0  3178.0 295.18   0.008474   5.05 307.42 332.28  88391.02
  9.0  3208.0 295.68   0.009618   5.42 300.60 346.48  88351.65
  9.0  3239.0 293.99   0.012781   3.97 226.61 373.34  88286.73
  9.0  3269.0 292.90   0.013751   3.05 167.03 382.67  88302.00
 10.0  3300.0 292.96   0.013581   4.42 187.86 379.31  88326.89
 10.0  3331.0 293.13   0.013422   4.15 185.70 378.84  88381.61
 10.0  3359.0 294.04   0.013820   3.86 216.28 376.18  88312.21
 10.0  3390.0 293.78   0.012819   6.05 244.07 359.05  88387.67
 10.0  3420.0 292.43   0.011343   6.85 227.80 346.56  88490.11
 10.0  3451.0 290.63   0.009118   7.16 247.01 317.37  88762.04
 10.0  3481.0 290.50   0.008825   7.08 257.07 312.57  88852.81
 10.0  3512.0 292.06   0.008392   6.78 286.09 316.07  88752.91
 10.0  3543.0 294.57   0.008589   6.63 299.56 334.63  88614.45
 10.0  3573.0 295.52   0.010407   6.36 297.30 354.61  88411.48
 10.0  3604.0 293.75   0.013885   4.06 210.29 377.79  88286.38
 10.0  3634.0 293.39   0.014246   3.14 177.48 384.69  88386.76
 11.0  3665.0 294.34   0.014228   3.88 220.37 380.86  88330.09
 11.0  3696.0 294.34   0.015228   2.51 174.32 391.49  88381.69
 11.0  3724.0 294.19   0.014611   3.15 190.87 383.30  88361.23
 11.0  3755.0 294.41   0.013728   6.11 235.44 367.97  88475.48
 11.0  3785.0 292.87   0.011928   6.93 236.97 346.83  88531.17
 11.0  3816.0 290.67   0.009665   7.03 240.06 322.49  88708.98
 11.0  3846.0 290.14   0.008897   6.59 248.52 317.76  88714.55
 11.0  3877.0 291.29   0.008821   6.74 263.84 324.68  88668.58
 11.0  3908.0 293.40   0.009605   5.89 278.80 340.28  88455.62
 11.0  3938.0 294.49   0.010763   6.47 295.79 348.47  88394.55
 11.0  3969.0 293.41   0.012449   4.94 214.77 371.09  88305.93
 11.0  3999.0 292.89   0.013498   3.56 185.45 379.64  88222.34
 12.0  4030.0 292.32   0.013590   4.64 156.32 381.79  88296.41
 12.0  4061.0 292.81   0.013656   4.39 192.80 377.12  88281.58
 12.0  4089.0 293.04   0.013915   3.10 179.27 380.55  88315.73
 12.0  4120.0 293.24   0.013220   5.66 224.23 365.94  88349.52
 12.0  4150.0 290.98   0.010943   6.51 204.16 347.33  88562.65
 12.0  4181.0 289.76   0.009033   6.81 239.69 312.43  88652.03
 12.0  4211.0 289.40   0.008448   6.84 245.27 311.61  88726.66
 12.0  4242.0 291.63   0.008356   5.88 279.67 312.89  88547.31
 12.0  4273.0 293.91   0.008168   5.66 302.34 321.75  88540.16
 12.0  4303.0 294.92   0.009869   4.37 271.88 348.50  88378.50
 12.0  4334.0 293.49   0.013714   4.04 213.74 376.02  88225.34
 12.0  4364.0 292.35   0.013468   4.10 172.56 379.81  88276.81
 13.0  4395.0 292.72   0.013627   3.54 175.12 380.62  88314.91
 13.0  4426.0 293.53   0.013767   4.13 215.48 374.67  88288.41
 13.0  4454.0 293.78   0.013907   3.54 210.01 376.74  88333.53
 13.0  4485.0 294.02   0.013181   5.54 256.46 360.13  88329.05
 13.0  4515.0 292.41   0.011456   6.92 240.54 341.03  88536.36
 13.0  4546.0 290.56   0.009717   7.22 231.90 323.73  88643.39
 13.0  4576.0 289.57   0.008216   7.21 253.04 308.36  88838.30
 13.0  4607.0 290.86   0.008070   6.99 285.02 307.75  88752.69
 13.0  4638.0 293.46   0.008241   6.80 304.97 324.24  88582.66
 13.0  4668.0 295.73   0.009104   6.40 313.07 342.89  88423.85
 13.0  4699.0 294.46   0.012842   4.42 247.51 369.58  88352.65
 13.0  4729.0 294.25   0.013805   4.38 220.56 377.64  88387.12
 14.0  4760.0 293.44   0.014182   3.41 178.99 383.95  88372.20
 14.0  4791.0 295.18   0.014455   3.60 242.97 378.17  88372.34
 14.0  4819.0 294.80   0.014545   3.37 224.35 379.73  88380.56
 14.0  4850.0 293.80   0.012985   6.64 244.91 360.06  88408.86
 14.0  4880.0 293.05   0.011667   6.98 246.89 345.09  88431.02
 14.0  4911.0 291.63   0.010002   7.05 236.78 330.86  88612.67
 14.0  4941.0 290.86   0.008393   6.68 266.56 308.81  88735.28
 14.0  4972.0 292.00   0.008108   7.25 289.70 312.44  88802.61
 14.0  5003.0 295.10   0.008711   6.57 298.41 337.20  88497.28
 14.0  5033.0 296.18   0.010320   6.40 305.20 352.53  88381.02
 14.0  5064.0 295.50   0.011719   4.84 264.81 369.32  88344.56
 14.0  5094.0 293.82   0.013508   3.77 201.66 378.45  88368.23
 15.0  5125.0 294.38   0.014335   3.65 211.35 382.91  88378.98
 15.0  5156.0 293.96   0.014374   3.79 193.31 384.09  88304.84
 15.0  5184.0 294.45   0.014969   3.17 189.47 388.08  88408.70
 15.0  5215.0 294.96   0.013321   5.39 249.79 363.68  88351.83
 15.0  5245.0 292.62   0.011698   6.83 229.17 348.32  88509.09
 15.0  5276.0 290.72   0.009126   6.31 243.58 318.80  88681.55
 15.0  5306.0 290.23   0.008152   6.67 266.60 305.51  88717.60
 15.0  5337.0 292.34   0.008774   6.31 264.72 328.16  88530.64
 15.0  5368.0 293.76   0.010054   6.41 264.41 347.89  88467.18
 15.0  5398.0 295.46   0.010808   4.28 285.51 353.35  88295.69
 15.0  5429.0 293.50   0.013601   3.67 205.11 377.55  88301.07
 15.0  5459.0 292.15   0.013376   5.61 153.06 380.65  88288.18
 16.0  5490.0 293.06   0.013434   5.59 212.84 371.69  88303.90
 16.0  5521.0 293.26   0.013395   4.78 216.60 371.50  88282.56
 16.0  5549.0 294.55   0.012588   5.12 266.41 362.48  88314.33
 16.0  5580.0 294.22   0.012691   5.53 245.96 362.05  88317.19
 16.0  5610.0 293.20   0.010573   6.57 252.36 340.84  88482.92
 16.0  5641.0 290.48   0.008293   7.12 254.32 307.49  88719.91
 16.0  5671.0 290.09   0.007832   7.18 267.34 302.83  88783.12
 16.0  5702.0 291.85   0.007740   6.47 288.32 309.07  88644.22
 16.0  5733.0 294.42   0.007724   5.78 291.87 330.28  88533.21
 16.0  5763.0 295.14   0.009893   4.80 292.84 347.06  88428.42
 16.0  5794.0 293.83   0.013827   3.17 197.94 380.55  88312.85
 16.0  5824.0 292.60   0.013798   3.44 154.34 385.41  88331.95
 17.0  5855.0 293.26   0.013942   4.35 192.45 379.62  88374.88
 17.0  5886.0 293.48   0.013907   3.80 195.19 380.36  88322.88
 17.0  5914.0 294.77   0.013638   5.00 248.50 372.00  88325.30
 17.0  5945.0 294.59   0.012670   6.41 260.18 357.69  88363.67
 17.0  5975.0 293.27   0.011114   6.75 244.49 342.75  88496.53
 17.0  6006.0 291.28   0.009126   6.74 253.10 317.61  88693.72
 17.0  6036.0 290.91   0.008832   7.13 261.78 313.31  88849.34
 17.0  6067.0 291.94   0.008505   6.84 285.17 318.50  88757.97
 17.0  6098.0 294.18   0.008921   7.14 304.80 332.96  88554.97
 17.0  6128.0 295.57   0.010232   6.43 302.26 351.52  88374.32
 17.0  6159.0 294.60   0.013198   3.85 239.59 371.56  88321.66
 17.0  6189.0 293.75   0.014389   3.44 192.67 384.22  88375.74
 18.0  6220.0 293.58   0.014488   3.29 171.71 388.74  88456.34
 18.0  6251.0 294.13   0.014328   4.46 200.06 382.01  88395.41
 18.0  6279.0 295.50   0.014408   3.62 248.01 378.59  88361.75
 18.0  6310.0 295.35   0.013240   5.99 271.12 362.29  88410.58
 18.0  6340.0 293.27   0.011709   6.93 237.01 350.87  88479.23
 18.0  6371.0 291.42   0.009476   6.66 249.62 325.59  88623.32
 18.0  6401.0 290.50   0.008416   7.15 258.20 314.28  88830.53
 18.0  6432.0 291.06   0.008268   7.00 285.67 311.18  88829.16
 18.0  6463.0 294.52   0.008920   6.12 290.20 341.91  88518.47
 18.0  6493.0 295.85   0.009679   5.34 297.09 346.97  88379.68
 18.0  6524.0 294.35   0.013081   3.91 222.66 376.15  88310.48
 18.0  6554.0 292.88   0.014164   3.62 159.85 386.08  88352.41
 19.0  6585.0 293.34   0.014494   3.64 161.52 387.09  88324.77
 19.0  6616.0 293.95   0.014094   3.64 207.74 379.09  88283.20
 19.0  6644.0 294.61   0.014165   3.86 230.07 378.82  88374.69
 19.0  6675.0 293.82   0.012216   6.46 269.75 350.09  88449.08
 19.0  6705.0 292.96   0.011343   6.80 246.12 342.30  88451.09
 19.0  6736.0 290.65   0.009258   6.98 238.98 321.60  88613.31
 19.0  6766.0 289.75   0.007844   6.76 258.44 306.36  88695.75
 19.0  6797.0 291.03   0.008649   6.96 256.97 324.85  88607.50
 19.0  6828.0 293.50   0.009127   6.08 281.95 339.85  88572.17
 19.0  6858.0 295.75   0.010087   3.93 283.68 354.40  88269.42
 19.0  6889.0 293.56   0.013742   3.84 210.76 376.27  88230.70
 19.0  6919.0 292.57   0.013486   5.44 172.91 378.66  88253.58
 20.0  6950.0 292.50   0.013203   5.08 184.87 375.78  88390.02
 20.0  6981.0 292.90   0.013391   3.96 195.33 375.19  88350.79
 20.0  7009.0 293.31   0.013595   3.21 189.29 376.44  88253.62
 20.0  7040.0 293.01   0.012666   6.32 230.62 358.95  88406.68
 20.0  7070.0 292.18   0.011047   6.05 235.02 340.31  88450.24
 20.0  7101.0 290.42   0.009491   6.65 226.72 326.69  88681.17
 20.0  7131.0 290.68   0.008755   5.91 248.63 317.28  88673.84
 20.0  7162.0 291.91   0.008349   5.73 268.90 323.31  88570.75
 20.0  7193.0 294.34   0.008267   6.28 295.84 329.37  88547.42
 20.0  7223.0 294.58   0.010707   4.42 264.46 353.75  88388.20
 20.0  7254.0 292.78   0.013604   3.18 163.33 382.90  88320.03
 20.0  7284.0 292.70   0.013715   4.46 187.31 378.27  88239.09
 21.0  7315.0 292.44   0.013346   4.76 181.37 376.89  88228.94
 21.0  7346.0 293.31   0.013805   3.30 205.11 379.15  88286.58
 21.0  7374.0 294.81   0.013505   3.89 250.77 370.13  88237.83
 21.0  7405.0 293.95   0.012811   5.84 259.58 356.93  88338.70
 21.0  7435.0 292.61   0.010799   6.18 246.55 338.45  88410.70
 21.0  7466.0 290.93   0.008910   6.55 241.47 320.33  88614.66
 21.0  7496.0 290.10   0.007929   6.60 260.98 305.24  88680.27
 21.0  7527.0 291.76   0.007521   6.48 291.63 306.42  88722.62
 21.0  7558.0 294.46   0.008314   6.12 300.80 329.13  88512.08
 21.0  7588.0 295.57   0.009996   5.38 294.29 350.98  88359.40
 21.0  7619.0 292.94   0.014194   3.05 164.67 386.37  88305.41
 21.0  7649.0 292.83   0.014002   3.06 155.66 386.67  88377.10
 22.0  7680.0 293.21   0.013763   3.66 188.02 379.09  88369.02
 22.0  7711.0 294.27   0.014287   3.23 211.39 379.84  88279.36
 22.0  7739.0 294.72   0.014059   4.10 247.34 372.65  88324.85
 22.0  7770.0 293.75   0.013182   5.49 235.52 362.53  88347.17
 22.0  7800.0 292.36   0.011432   6.92 233.58 342.80  88524.34
 22.0  7831.0 290.83   0.009589   6.97 235.56 325.47  88662.36
 22.0  7861.0 289.81   0.008383   6.89 257.38 306.39  88860.00
 22.0  7892.0 290.93   0.008460   7.13 282.01 313.00  88847.38
 22.0  7923.0 294.23   0.008841   7.07 301.64 334.95  88632.23
 22.0  7953.0 295.56   0.011306   5.46 269.43 362.82  88428.98
 22.0  7984.0 294.47   0.013426   4.65 239.50 373.79  88351.46
 22.0  8014.0 294.37   0.013961   4.21 230.32 377.52  88411.27
 23.0  8045.0 294.07   0.014486   3.66 197.66 385.38  88409.44
 23.0  8076.0 295.06   0.014636   3.48 222.07 384.34  88306.99
 23.0  8104.0 295.36   0.015157   3.83 227.79 384.95  88291.46
 23.0  8135.0 294.41   0.013679   6.06 234.61 367.67  88472.02
 23.0  8165.0 292.93   0.011256   6.39 245.72 342.10  88612.38
 23.0  8196.0 291.62   0.009888   7.09 245.47 325.73  88678.11
 23.0  8226.0 289.95   0.008477   7.06 243.19 316.85  88785.08
 23.0  8257.0 291.54   0.009195   6.93 263.38 323.43  88640.95
 23.0  8288.0 293.94   0.009265   5.36 274.53 339.79  88503.00
 23.0  8318.0 295.76   0.009143   4.93 303.88 340.25  88406.89
 23.0  8349.0 293.27   0.013834   3.00 175.09 383.00  88257.07
 23.0  8379.0 292.72   0.013950   3.75 162.30 384.26  88283.24
 24.0  8410.0 292.72   0.014064   3.24 140.19 388.48  88351.55
 24.0  8441.0 293.19   0.013662   4.07 189.69 378.52  88333.89
 24.0  8469.0 293.31   0.013893   4.24 198.90 378.97  88257.98
 24.0  8500.0 293.17   0.012251   6.62 244.90 355.38  88330.70
 24.0  8530.0 291.34   0.010025   7.04 251.43 325.11  88535.25
 24.0  8561.0 289.56   0.008522   6.58 235.53 310.98  88631.19
 24.0  8591.0 289.65   0.008231   6.84 253.52 310.93  88727.34
 24.0  8622.0 291.15   0.008339   7.01 276.64 315.19  88606.90
 24.0  8653.0 294.33   0.008256   5.68 298.10 330.84  88461.28
 24.0  8683.0 295.26   0.010169   4.39 282.71 352.63  88305.18
 24.0  8714.0 294.39   0.011311   4.24 246.52 360.94  88309.04
 24.0  8744.0 292.99   0.013519   3.47 186.01 376.93  88242.98
 25.0  8775.0 292.69   0.013214   4.86 195.28 374.34  88269.82
 25.0  8806.0 293.75   0.014232   3.19 191.91 384.64  88394.98
 25.0  8834.0 293.91   0.013369   4.28 234.12 369.34  88319.01
 25.0  8865.0 293.72   0.012741   6.08 251.34 358.63  88361.22
 25.0  8895.0 292.44   0.011377   6.64 236.56 344.73  88455.05
 25.0  8926.0 290.36   0.009318   6.74 240.27 317.31  88667.95
 25.0  8956.0 289.90   0.008547   6.90 255.61 308.93  88845.73
 25.0  8987.0 291.34   0.008882   6.91 260.65 322.92  88724.03
 25.0  9018.0 293.82   0.008941   7.04 303.30 329.43  88537.02
 25.0  9048.0 295.43   0.010505   5.57 296.23 355.13  88350.87
 25.0  9079.0 293.40   0.013590   3.58 204.61 377.81  88234.96
 25.0  9109.0 292.74   0.013850   3.45 169.53 381.48  88306.10
 26.0  9140.0 293.27   0.014260   3.58 178.74 383.94  88248.30
 26.0  9171.0 293.56   0.013887   4.40 208.35 376.14  88387.54
 26.0  9199.0 295.05   0.013926   4.15 255.10 371.94  88360.19
 26.0  9230.0 294.11   0.013282   5.73 253.09 360.21  88388.01
 26.0  9260.0 292.13   0.010488   6.56 251.44 335.25  88562.27
 26.0  9291.0 290.83   0.009307   7.03 241.27 323.63  88648.12
 26.0  9321.0 289.97   0.008526   6.89 246.70 316.33  88720.70
 26.0  9352.0 291.06   0.007909   6.75 283.10 311.43  88795.22
 26.0  9383.0 293.86   0.007563   6.81 316.01 320.02  88583.70
 26.0  9413.0 296.13   0.009163   5.74 319.05 344.36  88339.16
 26.0  9444.0 293.64   0.013606   3.27 197.21 380.54  88283.50
 26.0  9474.0 293.09   0.013976   3.60 177.04 382.24  88335.49
 27.0  9505.0 293.83   0.013896   3.80 210.38 379.07  88409.42
 27.0  9536.0 294.44   0.014238   3.61 227.76 378.13  88354.27
 27.0  9564.0 294.53   0.014501   2.97 214.26 382.02  88337.04
 27.0  9595.0 294.18   0.013605   5.37 232.83 367.27  88391.70
 27.0  9625.0 292.36   0.011564   6.81 233.14 346.13  88501.08
 27.0  9656.0 291.05   0.009327   6.82 257.94 313.98  88688.89
 27.0  9686.0 290.82   0.008887   6.43 243.37 319.67  88718.84
 27.0  9717.0 290.84   0.008042   7.12 281.72 308.78  88836.56
 27.0  9748.0 294.15   0.008054   6.45 311.36 324.22  88661.54
 27.0  9778.0 295.79   0.010417   5.36 296.08 354.80  88304.73
 27.0  9809.0 293.47   0.013104   3.63 212.07 373.61  88349.98
 27.0  9839.0 293.79   0.013712   3.97 214.23 376.35  88355.24
 28.0  9870.0 293.68   0.014416   3.45 186.80 385.37  88292.27
 28.0  9901.0 294.54   0.014876   2.78 208.53 386.55  88287.16
 28.0  9929.0 295.41   0.014797   3.46 245.19 380.20  88235.59
 28.0  9960.0 294.45   0.013389   6.54 252.29 363.81  88374.66
 28.0  9990.0 292.20   0.011018   7.12 228.31 345.05  88577.52
 28.0 10021.0 290.98   0.009278   6.51 242.69 320.60  88673.47
 28.0 10051.0 290.23   0.008084   6.90 258.84 307.93  88680.95
 28.0 10082.0 291.61   0.008233   6.85 281.76 312.94  88647.70
 28.0 10113.0 294.88   0.009036   5.12 286.92 342.99  88390.55
 28.0 10143.0 295.02   0.010468   4.03 280.53 347.35  88281.88
 28.0 10174.0 294.10   0.012971   4.36 228.88 372.06  88295.67
 28.0 10204.0 292.52   0.013398   5.00 177.14 378.44  88282.50
 29.0 10235.0 293.07   0.013652   4.68 197.68 377.16  88318.66
 29.0 10266.0 293.31   0.014218   3.18 186.79 383.49  88297.80
 29.0 10294.0 293.68   0.013765   3.60 206.52 377.78  88292.34
 29.0 10325.0 293.67   0.012752   6.10 250.04 358.07  88336.63
 29.0 10355.0 291.97   0.010633   6.58 231.37 340.72  88520.04
 29.0 10386.0 290.76   0.009202   6.58 242.23 318.61  88658.14
 29.0 10416.0 289.80   0.008261   6.88 256.53 306.85  88783.27
 29.0 10447.0 291.58   0.008478   6.05 282.26 314.39  88737.33
 29.0 10478.0 294.01   0.007022   6.74 319.08 313.35  88577.36
 29.0 10508.0 294.86   0.010806   4.58 254.56 357.73  88425.26
 29.0 10539.0 294.03   0.013562   3.11 225.76 372.70  88248.25
 29.0 10569.0 293.47   0.014050   3.14 193.99 380.44  88348.74
 30.0 10600.0 293.09   0.013942   3.54 173.83 382.90  88307.71
 30.0 10631.0 294.40   0.014217   3.68 226.86 379.37  88347.45
 30.0 10659.0 294.11   0.014435   3.04 198.61 382.37  88283.06
 30.0 10690.0 293.88   0.012697   6.36 255.95 356.78  88452.88
 30.0 10720.0 293.09   0.011986   6.61 232.02 349.57  88460.16
 30.0 10751.0 291.29   0.009985   6.49 237.27 326.47  88705.75
 30.0 10781.0 290.84   0.008889   6.37 244.48 321.34  88679.16
 30.0 10812.0 291.75   0.008729   6.69 271.73 324.36  88649.00
 30.0 10843.0 294.38   0.008767   5.69 302.42 332.24  88500.08
 30.0 10873.0 294.62   0.010836   5.82 285.29 352.05  88472.88
 30.0 10904.0 293.65   0.013172   3.92 222.41 373.30  88273.45
 30.0 10934.0 292.71   0.013886   3.88 165.62 383.69  88279.17
 31.0 10965.0 293.22   0.014063   3.78 178.63 382.77  88415.98
 31.0 10996.0 293.71   0.014147   3.14 195.80 383.10  88346.70
 31.0 11024.0 295.25   0.013773   4.36 275.23 367.60  88327.95
 31.0 11055.0 293.26   0.013095   5.60 206.85 368.76  88448.60
 31.0 11085.0 292.52   0.011697   6.37 227.42 350.33  88451.12
 31.0 11116.0 290.60   0.009389   6.69 232.96 323.76  88715.56
 31.0 11146.0 291.17   0.008570   5.85 261.78 313.15  88691.46
 31.0 11177.0 291.92   0.008566   6.70 264.66 326.60  88655.57
 31.0 11208.0 294.41   0.008106   5.95 289.63 332.47  88532.20
 31.0 11238.0 294.59   0.011098   4.82 265.71 357.39  88355.69
 31.0 11269.0 293.04   0.013526   3.93 187.54 377.28  88257.84
 31.0 11299.0 292.85   0.014032   3.28 172.63 383.24  88344.59
 32.0 11330.0 292.78   0.013529   4.45 187.54 377.37  88324.41
 32.0 11361.0 293.78   0.014016   3.90 205.02 378.84  88292.44
 32.0 11389.0 294.32   0.013982   3.55 230.15 375.71  88231.15
 32.0 11420.0 293.89   0.013027   6.14 251.37 361.22  88334.55
 32.0 11450.0 292.00   0.010802   6.55 248.45 335.97  88526.65
 32.0 11481.0 290.59   0.008821   6.79 262.42 308.57  88731.80
 32.0 11511.0 290.80   0.008157   6.39 269.33 304.47  88643.89
 32.0 11542.0 291.34   0.008049   7.13 283.16 312.96  88737.84
 32.0 11573.0 294.83   0.008984   5.89 299.23 335.77  88477.23
 32.0 11603.0 295.22   0.009526   5.56 290.40 347.85  88399.97
 32.0 11634.0 294.09   0.013404   3.82 210.40 378.79  88327.41
 32.0 11664.0 292.95   0.013813   3.81 176.30 380.94  88305.22
 33.0 11695.0 292.57   0.013503   4.60 173.64 377.97  88298.32
 33.0 11726.0 293.76   0.014160   3.18 196.52 383.39  88347.96
 33.0 11754.0 293.77   0.013374   4.26 227.10 369.54  88384.05
 33.0 11785.0 293.77   0.012756   6.13 250.76 358.54  88353.09
 33.0 11815.0 292.69   0.011597   6.75 237.10 346.25  88434.41
 33.0 11846.0 290.80   0.009391   6.76 244.59 318.77  88613.70
 33.0 11876.0 289.62   0.007904   6.56 259.06 303.74  88708.76
 33.0 11907.0 291.32   0.008424   6.75 272.63 319.07  88692.27
 33.0 11938.0 294.43   0.007500   7.02 323.80 316.00  88573.21
 33.0 11968.0 295.60   0.010138   5.16 303.50 350.59  88364.15
 33.0 11999.0 293.43   0.013526   3.53 201.81 377.44  88246.69
 33.0 12029.0 292.84   0.014243   3.00 155.05 385.41  88347.58
 34.0 12060.0 293.03   0.013760   4.58 184.43 379.53  88398.40
 34.0 12091.0 293.70   0.013979   2.79 202.25 378.93  88329.12
 34.0 12119.0 294.14   0.013512   5.37 250.85 366.78  88384.84
 34.0 12150.0 293.44   0.012834   5.67 233.33 362.18  88353.27
 34.0 12180.0 291.64   0.011071   7.11 218.43 345.14  88524.04
 34.0 12211.0 290.44   0.009594   7.03 230.63 321.40  88726.90
 34.0 12241.0 290.21   0.008810   6.95 244.86 314.84  88747.91
 34.0 12272.0 291.23   0.008404   7.17 283.79 315.38  88752.52
 34.0 12303.0 293.61   0.008761   6.89 297.51 333.77  88617.11
 34.0 12333.0 295.33   0.010688   5.25 286.79 357.59  88343.23
 34.0 12364.0 293.54   0.013398   3.66 216.57 373.99  88294.45
 34.0 12394.0 293.55   0.014125   3.25 194.92 380.15  88329.14
 35.0 12425.0 293.16   0.013872   4.29 186.87 380.53  88219.55
 35.0 12456.0 294.01   0.014710   3.41 192.11 385.71  88343.38
 35.0 12484.0 293.96   0.013842   4.67 216.50 375.30  88450.27
 35.0 12515.0 293.74   0.012864   6.78 246.18 359.74  88392.08
 35.0 12545.0 292.44   0.010887   7.03 247.26 338.92  88559.28
 35.0 12576.0 290.76   0.008979   6.83 251.39 316.71  88675.55
 35.0 12606.0 290.12   0.008495   6.56 252.53 312.70  88659.85
 35.0 12637.0 291.81   0.008535   6.48 272.30 321.26  88646.30
 35.0 12668.0 294.57   0.008899   5.99 281.54 339.78  88521.07
 35.0 12698.0 295.37   0.010732   4.26 288.45 349.42  88362.67
 35.0 12729.0 293.29   0.013234   3.66 198.71 376.72  88302.86
 35.0 12759.0 292.83   0.013846   3.76 168.00 383.02  88270.09
 36.0 12790.0 293.02   0.013490   5.60 203.40 375.45  88240.67
 36.0 12821.0 293.61   0.013793   3.80 218.61 374.36  88261.71
 36.0 12849.0 294.61   0.014085   3.21 236.47 375.49  88209.09
 36.0 12880.0 293.65   0.012750   6.16 254.69 356.23  88284.07
 36.0 12910.0 292.09   0.011242   6.74 241.15 342.49  88441.53
 36.0 12941.0 290.72   0.009734   6.77 229.48 325.25  88666.38
 36.0 12971.0 290.12   0.008675   6.58 243.17 319.57  88755.05
 36.0 13002.0 291.65   0.008522   6.73 283.70 314.67  88731.69
 36.0 13033.0 294.32   0.007958   6.49 317.73 321.36  88500.47
 36.0 13063.0 294.48   0.011170   4.87 245.77 363.80  88390.47
 36.0 13094.0 294.31   0.013511   2.90 236.77 371.71  88319.09
 36.0 13124.0 292.93   0.013999   4.04 170.22 382.89  88347.77
 37.0 13155.0 292.96   0.013466   5.60 199.42 375.24  88354.17
 37.0 13186.0 293.58   0.014396   3.17 185.81 384.76  88324.25
 37.0 13214.0 294.21   0.013785   5.00 240.77 372.00  88344.20
 37.0 13245.0 293.95   0.013171   6.21 242.79 364.24  88378.08
 37.0 13275.0 292.11   0.011084   7.03 227.59 344.94  88536.85
 37.0 13306.0 290.78   0.009111   6.77 255.76 311.94  88656.48
 37.0 13336.0 290.27   0.008148   6.51 259.24 308.80  88750.18
 37.0 13367.0 291.16   0.008424   6.85 273.42 316.14  88757.36
 37.0 13398.0 293.83   0.007888   6.36 308.40 324.10  88557.00
 37.0 13428.0 295.16   0.011072   4.58 281.01 355.62  88361.72
 37.0 13459.0 294.16   0.013180   3.71 234.23 371.79  88269.44
 37.0 13489.0 292.88   0.013759   4.05 173.28 380.79  88355.48
 38.0 13520.0 292.72   0.013703   3.59 170.16 381.00  88345.88
 38.0 13551.0 293.93   0.013962   3.06 205.87 380.48  88297.15
 38.0 13579.0 294.77   0.013907   3.34 230.68 375.70  88394.98
 38.0 13610.0 293.69   0.013347   4.86 225.86 366.51  88323.06
 38.0 13640.0 291.97   0.011116   7.11 235.68 343.02  88468.58
 38.0 13671.0 290.31   0.009316   7.25 238.89 319.00  88782.88
 38.0 13701.0 290.02   0.008731   7.05 255.04 308.87  88802.58
 38.0 13732.0 291.62   0.008245   6.58 290.60 309.37  88656.41
 38.0 13763.0 294.26   0.008307   6.25 304.96 329.20  88595.95
 38.0 13793.0 295.49   0.010436   6.19 286.25 355.27  88463.70
 38.0 13824.0 294.06   0.013029   4.54 232.09 372.06  88330.59
 38.0 13854.0 293.64   0.013674   4.05 214.82 375.97  88336.95
 39.0 13885.0 294.04   0.013864   4.17 219.15 377.40  88464.58
 39.0 13916.0 294.41   0.014434   2.97 211.90 383.45  88272.50
 39.0 13944.0 294.76   0.014500   4.45 223.04 380.04  88366.52
 39.0 13975.0 294.35   0.013778   5.52 234.49 368.03  88416.72
 39.0 14005.0 292.17   0.011187   6.87 231.20 345.67  88543.90
 39.0 14036.0 291.13   0.010040   6.74 236.22 326.75  88693.84
 39.0 14066.0 290.40   0.008458   6.64 262.81 309.28  88700.53
 39.0 14097.0 291.70   0.008515   6.54 275.93 319.95  88674.05
 39.0 14128.0 294.25   0.009047   6.85 290.46 340.05  88510.23
 39.0 14158.0 295.40   0.010066   6.19 287.75 352.46  88456.83
 39.0 14189.0 294.05   0.013072   4.72 227.59 372.12  88271.56
 39.0 14219.0 292.59   0.014318   2.78 135.48 389.81  88334.00
 40.0 14250.0 292.86   0.014260   3.61 144.94 388.97  88303.88
 40.0 14281.0 293.85   0.014277   4.15 208.45 377.45  88314.73
 40.0 14309.0 293.88   0.013940   4.27 218.36 375.18  88334.89
 40.0 14340.0 293.39   0.012552   7.10 242.76 357.02  88499.45
 40.0 14370.0 292.52   0.011121   6.42 230.59 343.26  88497.90
 40.0 14401.0 290.06   0.008259   6.56 248.66 309.17  88742.72
 40.0 14431.0 290.19   0.008075   6.66 261.86 306.11  88746.38
 40.0 14462.0 291.18   0.008645   7.14 266.61 320.72  88721.22
 40.0 14493.0 293.74   0.007634   6.58 308.19 318.74  88598.50
 40.0 14523.0 296.13   0.008981   5.23 291.33 349.09  88340.31
 40.0 14554.0 293.78   0.013475   3.12 200.84 378.40  88317.55
 40.0 14584.0 293.26   0.013914   3.37 181.04 383.46  88358.94
 41.0 14615.0 292.95   0.013627   4.71 188.23 377.04  88304.73
 41.0 14646.0 294.27   0.013709   3.94 234.93 373.36  88393.06
 41.0 14674.0 294.41   0.014017   4.09 234.81 376.03  88370.50
 41.0 14705.0 294.39   0.013404   5.74 249.83 363.97  88397.77
 41.0 14735.0 293.18   0.011991   6.99 228.15 349.78  88476.98
 41.0 14766.0 291.07   0.009836   7.43 235.39 327.67  88719.83
 41.0 14796.0 290.94   0.009017   6.98 256.56 314.05  88741.60
 41.0 14827.0 291.62   0.008313   6.88 283.78 317.94  88797.30
 41.0 14858.0 294.05   0.008666   7.39 302.87 332.67  88623.12
 41.0 14888.0 295.32   0.010835   6.54 280.19 357.52  88437.33
 41.0 14919.0 294.03   0.013184   4.60 223.16 374.01  88346.27
 41.0 14949.0 294.57   0.012905   4.82 253.96 365.63  88363.27
 42.0 14980.0 294.04   0.014511   3.19 183.21 386.12  88351.28
 42.0 15011.0 294.13   0.015010   3.02 173.31 391.61  88295.99
 42.0 15039.0 294.96   0.014777   3.70 213.39 385.16  88402.47
 42.0 15070.0 293.95   0.013581   5.57 224.00 369.88  88374.49
 42.0 15100.0 291.94   0.011308   7.07 215.34 349.05  88552.14
 42.0 15131.0 290.15   0.009354   6.85 228.66 326.02  88763.70
 42.0 15161.0 289.27   0.008305   7.12 246.88 311.21  88787.42
 42.0 15192.0 290.49   0.008392   7.01 261.74 319.91  88699.47
 42.0 15223.0 294.30   0.008854   5.98 294.76 335.51  88504.22
 42.0 15253.0 295.11   0.011888   3.66 248.66 366.96  88305.44
 42.0 15284.0 293.03   0.013840   3.14 178.99 381.44  88307.61
 42.0 15314.0 292.76   0.013834   4.17 171.88 381.44  88306.33
 43.0 15345.0 292.86   0.013868   3.95 186.76 379.06  88278.80
 43.0 15376.0 292.83   0.013737   3.59 172.79 380.35  88313.49
 43.0 15404.0 293.66   0.013669   3.68 219.68 375.66  88218.65
 43.0 15435.0 292.92   0.012773   6.43 224.22 360.28  88349.38
 43.0 15465.0 292.15   0.011239   6.11 223.17 347.87  88475.59
 43.0 15496.0 289.56   0.008704   6.55 242.26 311.30  88626.40
 43.0 15526.0 290.08   0.008535   6.45 250.46 311.49  88610.90
 43.0 15557.0 292.27   0.008613   6.28 271.83 324.44  88532.58
 43.0 15588.0 294.33   0.007877   5.61 287.52 333.43  88406.17
 43.0 15618.0 294.56   0.010849   4.13 265.77 351.75  88310.41
 43.0 15649.0 293.09   0.013450   4.24 205.61 373.71  88286.02
 43.0 15679.0 292.51   0.013680   3.73 171.49 379.00  88339.16
 44.0 15710.0 292.22   0.013001   4.59 186.68 371.86  88344.20
 44.0 15741.0 292.30   0.013031   5.02 185.75 371.82  88275.48
 44.0 15769.0 292.99   0.013655   4.22 201.92 375.80  88272.37
 44.0 15800.0 293.12   0.012433   6.56 248.24 354.64  88355.38
 44.0 15830.0 292.18   0.011113   6.44 239.76 340.18  88382.23
 44.0 15861.0 289.98   0.008342   6.08 247.83 309.37  88650.16
 44.0 15891.0 289.28   0.008435   7.28 243.11 312.00  88791.90
 44.0 15922.0 290.88   0.008353   6.33 274.42 315.64  88692.38
 44.0 15953.0 294.15   0.008536   6.11 300.69 330.94  88465.11
 44.0 15983.0 294.32   0.012447   3.41 235.24 368.06  88349.58
 44.0 16014.0 293.28   0.013751   3.84 195.45 377.26  88289.09
 44.0 16044.0 292.68   0.013802   3.45 160.82 381.35  88363.30
 45.0 16075.0 292.69   0.013680   3.78 168.58 379.86  88375.39
 45.0 16106.0 293.28   0.013805   4.15 184.32 380.60  88316.09
 45.0 16134.0 294.37   0.013447   4.56 259.60 365.24  88298.84
 45.0 16165.0 293.83   0.013059   5.37 249.79 359.80  88359.70
 45.0 16195.0 292.44   0.011484   6.64 236.83 343.65  88471.62
 45.0 16226.0 290.51   0.008957   6.45 246.31 317.19  88666.24
 45.0 16256.0 290.28   0.008019   6.67 261.60 309.21  88708.67
 45.0 16287.0 291.99   0.008113   6.60 280.03 317.19  88724.02
 45.0 16318.0 294.15   0.009016   5.32 291.66 334.45  88429.58
 45.0 16348.0 294.87   0.011136   4.48 274.96 359.33  88364.52
 45.0 16379.0 293.86   0.013384   3.69 209.06 374.92  88326.55
 45.0 16409.0 292.69   0.013711   4.25 163.23 382.03  88290.12
 46.0 16440.0 292.97   0.013873   4.12 179.62 381.15  88291.63
 46.0 16471.0 292.95   0.013297   3.82 189.11 376.68  88384.33
 46.0 16499.0 293.65   0.014199   3.39 193.40 383.08  88292.89
 46.0 16530.0 293.89   0.012656   6.35 253.60 358.60  88342.09
 46.0 16560.0 292.14   0.011195   6.62 221.67 346.97  88514.95
 46.0 16591.0 289.86   0.008557   6.42 251.25 305.32  88661.82
 46.0 16621.0 289.83   0.008275   6.57 256.24 307.53  88725.58
 46.0 16652.0 291.24   0.008805   6.51 256.12 323.27  88657.95
 46.0 16683.0 292.65   0.008797   6.67 278.63 333.42  88595.62
 46.0 16713.0 294.70   0.010541   4.54 271.01 352.57  88301.48
 46.0 16744.0 292.92   0.013406   3.41 194.98 376.93  88276.29
 46.0 16774.0 292.39   0.013555   4.26 167.94 380.11  88295.77
 47.0 16805.0 292.75   0.013759   4.00 179.48 380.65  88235.41
 47.0 16836.0 293.04   0.013499   4.36 201.38 375.51  88301.19
 47.0 16864.0 294.28   0.013701   3.30 226.28 376.45  88288.01
 47.0 16895.0 293.60   0.012205   6.61 267.91 347.64  88354.36
 47.0 16925.0 292.24   0.011402   6.43 226.88 347.60  88474.48
 47.0 16956.0 290.81   0.008744   6.58 256.73 310.00  88637.83
 47.0 16986.0 290.15   0.008169   6.82 264.94 305.42  88731.76
 47.0 17017.0 291.92   0.007917   6.66 290.54 308.95  88692.00
 47.0 17048.0 293.39   0.007890   6.58 296.90 325.80  88647.65
 47.0 17078.0 295.67   0.010678   3.85 283.44 352.69  88265.66
 47.0 17109.0 293.48   0.013275   3.61 209.08 374.34  88364.73
 47.0 17139.0 293.10   0.014349   3.05 161.14 387.45  88361.55
 48.0 17170.0 293.40   0.014443   2.74 157.43 388.79  88400.89
 48.0 17201.0 294.66   0.014013   3.39 231.77 376.51  88350.55
 48.0 17229.0 294.41   0.013963   3.82 214.96 377.17  88394.31
 48.0 17260.0 294.44   0.013315   6.33 251.44 362.32  88406.56
 48.0 17290.0 292.69   0.011626   7.07 223.47 349.28  88570.56
 48.0 17321.0 291.21   0.010129   7.22 219.80 336.28  88728.59
 48.0 17351.0 290.55   0.008692   7.20 260.41 311.24  88911.91
 48.0 17382.0 292.15   0.009639   7.40 262.14 330.08  88743.14
 48.0 17413.0 294.47   0.009848   7.03 290.39 343.79  88579.05
 48.0 17443.0 295.76   0.010428   6.29 294.61 354.12  88422.44
 48.0 17474.0 294.74   0.013376   4.60 251.37 370.25  88379.87
 48.0 17504.0 294.01   0.014549   3.81 186.61 386.67  88423.62
 49.0 17535.0 294.41   0.014702   4.10 200.83 386.18  88453.41
 49.0 17566.0 294.77   0.014828   3.60 200.30 386.15  88354.10
 49.0 17594.0 295.09   0.015193   3.39 212.00 387.33  88375.59
 49.0 17625.0 294.03   0.013121   6.30 238.80 363.06  88400.12
 49.0 17655.0 292.00   0.011511   7.16 218.29 348.51  88542.37
 49.0 17686.0 291.36   0.009939   6.58 247.88 322.33  88643.91
 49.0 17716.0 290.16   0.008824   7.33 243.04 317.02  88780.09
 49.0 17747.0 291.52   0.008694   6.31 274.62 318.47  88709.92
 49.0 17778.0 294.40   0.009113   6.32 295.47 339.95  88492.56
 49.0 17808.0 295.72   0.010465   5.87 303.09 351.10  88425.86
 49.0 17839.0 293.79   0.013359   3.58 212.46 376.14  88269.16
 49.0 17869.0 292.78   0.014004   4.37 148.25 385.87  88329.96
 50.0 17900.0 293.19   0.014192   3.84 177.44 383.07  88427.03
 50.0 17931.0 293.30   0.014186   3.03 185.58 381.85  88286.66
 50.0 17959.0 293.69   0.014022   4.25 218.25 375.51  88235.94
 50.0 17990.0 293.71   0.012953   6.13 245.79 360.07  88311.02
 50.0 18020.0 292.31   0.010977   6.48 239.66 339.84  88500.09
 50.0 18051.0 290.35   0.008721   6.04 246.75 312.24  88678.25
 50.0 18081.0 290.31   0.008105   6.45 266.11 306.25  88676.81
 50.0 18112.0 291.93   0.008189   6.71 282.35 316.16  88641.16
 50.0 18143.0 294.08   0.008388   6.61 299.93 329.05  88506.80
 50.0 18173.0 294.58   0.010335   4.85 265.73 352.43  88379.03
 50.0 18204.0 293.66   0.013249   3.58 227.45 371.49  88275.67
 50.0 18234.0 292.79   0.013724   3.65 168.58 382.90  88300.29
 51.0 18265.0 292.77   0.013665   3.99 178.01 379.33  88315.77
 51.0 18296.0 293.20   0.013950   3.81 180.72 381.41  88354.37
 51.0 18324.0 294.12   0.013694   4.66 237.17 372.93  88340.80
 51.0 18355.0 293.97   0.012693   6.68 257.65 355.58  88346.89
 51.0 18385.0 292.76   0.011140   6.89 248.02 341.15  88500.46
 51.0 18416.0 290.25   0.008537   6.68 258.00 307.45  88688.58
 51.0 18446.0 289.65   0.007880   7.01 262.23 300.83  88789.57
 51.0 18477.0 292.13   0.008030   5.94 289.04 312.13  88710.62
 51.0 18508.0 294.29   0.008266   5.89 298.16 332.48  88513.44
 51.0 18538.0 295.32   0.009975   4.18 283.62 347.63  88411.45
 51.0 18569.0 293.70   0.013380   3.80 216.28 374.69  88333.51
 51.0 18599.0 292.99   0.013728   3.32 174.14 382.08  88369.23
 52.0 18630.0 292.78   0.013712   4.09 178.30 380.51  88351.80
 52.0 18661.0 293.64   0.013955   3.75 207.85 379.17  88325.86
 52.0 18689.0 294.21   0.013582   4.10 232.78 370.27  88252.62
 52.0 18720.0 294.04   0.011941   6.61 273.81 347.17  88352.95
 52.0 18750.0 292.88   0.011080   6.86 246.67 342.44  88483.39
 52.0 18781.0 291.18   0.008610   6.40 257.56 311.81  88636.46
 52.0 18811.0 290.41   0.008170   6.98 263.31 308.84  88712.98
 52.0 18842.0 292.41   0.008533   6.89 289.48 316.26  88620.27
 52.0 18873.0 293.84   0.008616   6.76 300.42 330.04  88596.73
 52.0 18903.0 295.13   0.010712   5.14 278.98 355.73  88399.55
 52.0 18934.0 293.86   0.013482   3.50 211.77 378.05  88319.94
 52.0 18964.0 293.14   0.013971   3.74 178.49 383.59  88356.75
 53.0 18995.0 293.44   0.014486   3.11 166.25 388.14  88440.44
 53.0 19026.0 293.73   0.014101   3.10 180.03 383.51  88398.84
 53.0 19054.0 294.65   0.014360   4.25 223.06 380.14  88391.15
 53.0 19085.0 293.39   0.012794   6.38 224.80 364.60  88517.08
 53.0 19115.0 291.98   0.010756   6.69 228.48 341.46  88625.28
 53.0 19146.0 290.65   0.009085   7.28 249.05 319.50  88767.05
 53.0 19176.0 289.63   0.008605   6.96 247.84 311.40  88881.77
 53.0 19207.0 291.62   0.008409   6.83 281.12 318.66  88774.31
 53.0 19238.0 294.32   0.009142   6.54 290.02 341.33  88551.66
 53.0 19268.0 296.10   0.011038   5.57 289.81 359.30  88369.88
 53.0 19299.0 294.21   0.013649   3.96 204.62 380.53  88330.86
 53.0 19329.0 293.79   0.014367   4.24 194.39 384.44  88301.70
 54.0 19360.0 294.01   0.014760   3.50 182.28 387.83  88447.20
 54.0 19391.0 294.66   0.014336   3.11 208.51 380.84  88419.66
 54.0 19419.0 294.46   0.014337   3.94 220.05 379.16  88356.94
 54.0 19450.0 294.05   0.012825   6.59 261.06 353.16  88407.10
 54.0 19480.0 292.70   0.011062   6.64 239.13 342.46  88499.25
 54.0 19511.0 290.53   0.008894   7.08 252.74 311.63  88764.38
 54.0 19541.0 289.87   0.008179   7.02 265.22 306.11  88825.34
 54.0 19572.0 292.28   0.008683   6.40 280.63 321.30  88633.12
 54.0 19603.0 294.17   0.008563   6.42 291.52 334.89  88534.65
 54.0 19633.0 294.49   0.009790   5.31 285.45 343.45  88394.57
 54.0 19664.0 293.28   0.012899   3.38 209.39 371.17  88250.20
 54.0 19694.0 292.87   0.013536   3.17 189.61 376.81  88353.80
 55.0 19725.0 292.52   0.013639   4.14 168.16 380.97  88358.30
 55.0 19756.0 293.89   0.014175   3.19 206.22 379.30  88297.91
 55.0 19784.0 294.20   0.013994   3.81 226.83 376.10  88333.27
 55.0 19815.0 293.62   0.013252   6.22 237.97 363.23  88378.77
 55.0 19845.0 292.61   0.011678   6.92 231.59 345.85  88522.56
 55.0 19876.0 290.08   0.009063   7.13 244.66 315.11  88791.16
 55.0 19906.0 289.52   0.008498   7.04 243.13 310.85  88825.08
 55.0 19937.0 290.59   0.008007   6.67 271.42 313.53  88766.66
 55.0 19968.0 293.52   0.008287   6.54 303.87 327.23  88523.74
 55.0 19998.0 295.56   0.009401   5.49 301.17 345.82  88377.45
 55.0 20029.0 293.92   0.013215   3.71 223.89 372.89  88305.14
 55.0 20059.0 293.85   0.012837   3.60 232.05 367.03  88321.52
 56.0 20090.0 293.43   0.013330   3.59 209.81 374.52  88330.06
 56.0 20121.0 293.69   0.013994   3.64 215.45 378.93  88311.52
 56.0 20149.0 294.79   0.013685   4.79 255.73 368.93  88262.25
 56.0 20180.0 294.50   0.012739   6.00 259.87 358.53  88386.87
 56.0 20210.0 293.35   0.011671   6.80 233.98 350.35  88486.32
 56.0 20241.0 291.94   0.009812   6.52 241.97 328.00  88653.78
 56.0 20271.0 291.49   0.008289   6.42 263.16 311.01  88707.73
 56.0 20302.0 291.91   0.008292   6.87 279.69 315.91  88691.12
 56.0 20333.0 294.30   0.007607   7.23 316.20 319.86  88627.84
 56.0 20363.0 296.00   0.010335   4.54 277.52 357.81  88359.38
 56.0 20394.0 293.93   0.013263   4.05 217.49 375.17  88360.37
 56.0 20424.0 293.64   0.013919   3.93 189.61 382.87  88361.36
 57.0 20455.0 293.39   0.014254   3.37 166.50 386.46  88317.28
 57.0 20486.0 293.94   0.014530   3.17 176.48 388.82  88464.36
 57.0 20514.0 294.74   0.014227   3.68 214.90 381.05  88342.91
 57.0 20545.0 293.60   0.012709   5.43 234.57 362.13  88394.73
 57.0 20575.0 292.52   0.011490   6.96 236.52 344.15  88477.39
 57.0 20606.0 290.86   0.009187   6.95 245.93 317.42  88631.86
 57.0 20636.0 289.94   0.008501   7.13 249.62 311.75  88797.01
 57.0 20667.0 291.48   0.008434   6.68 274.88 317.88  88683.05
 57.0 20698.0 293.85   0.008688   6.99 292.19 332.97  88617.98
 57.0 20728.0 295.23   0.010940   4.51 257.90 361.80  88327.05
 57.0 20759.0 293.99   0.012616   3.85 233.24 365.71  88349.06
 57.0 20789.0 292.86   0.013685   3.66 170.78 381.66  88350.78
 58.0 20820.0 293.07   0.013584   3.92 196.58 377.36  88344.28
 58.0 20851.0 293.70   0.014296   3.19 191.18 384.09  88307.51
 58.0 20879.0 294.10   0.013684   3.49 226.59 373.13  88212.48
 58.0 20910.0 293.49   0.013456   5.28 221.28 368.54  88341.30
 58.0 20940.0 291.80   0.011143   6.25 232.64 339.54  88524.64
 58.0 20971.0 290.11   0.009449   7.06 234.54 321.46  88684.56
 58.0 21001.0 289.42   0.008198   6.69 255.89 306.57  88810.34
 58.0 21032.0 291.24   0.009215   6.82 240.77 332.55  88700.52
 58.0 21063.0 294.27   0.008556   5.27 303.49 330.11  88521.16
 58.0 21093.0 295.96   0.009536   4.55 295.96 349.14  88359.92
 58.0 21124.0 293.20   0.013587   3.43 195.08 378.28  88273.69
 58.0 21154.0 292.48   0.014077   3.29 142.71 388.00  88250.88
 59.0 21185.0 292.63   0.013723   4.33 176.67 378.87  88334.70
 59.0 21216.0 293.51   0.014235   3.08 192.12 380.98  88397.91
 59.0 21244.0 295.20   0.013642   4.18 271.63 366.47  88279.95
 59.0 21275.0 294.30   0.013078   6.18 264.70 358.66  88334.31
 59.0 21305.0 292.79   0.010915   6.83 245.44 340.36  88496.84
 59.0 21336.0 290.98   0.009092   6.91 252.03 315.86  88725.19
 59.0 21366.0 291.10   0.008653   6.82 255.73 315.60  88750.03
 59.0 21397.0 291.62   0.007848   6.95 291.18 310.71  88781.41
 59.0 21428.0 294.76   0.009482   4.85 284.02 340.16  88446.02
 59.0 21458.0 294.53   0.010611   5.63 285.54 346.48  88475.31
 59.0 21489.0 293.31   0.013513   3.48 195.71 377.12  88320.05
 59.0 21519.0 292.95   0.013975   4.40 176.86 382.39  88350.25
 60.0 21550.0 293.20   0.014550   3.37 163.53 387.98  88395.67
 60.0 21581.0 294.09   0.014272   2.96 199.57 382.15  88330.55
 60.0 21609.0 295.20   0.013749   4.27 267.73 367.44  88360.79
 60.0 21640.0 294.67   0.012933   6.38 265.21 359.48  88346.16
 60.0 21670.0 293.30   0.011415   7.12 235.74 349.39  88457.89
 60.0 21701.0 291.61   0.009312   6.63 255.93 322.20  88646.05
 60.0 21731.0 290.88   0.008330   7.02 257.54 311.66  88747.52
 60.0 21762.0 292.05   0.008323   7.03 286.97 317.19  88759.83
 60.0 21793.0 294.02   0.008318   7.16 308.50 327.85  88612.72
 60.0 21823.0 295.65   0.010624   5.35 285.84 356.46  88337.83
 60.0 21854.0 294.81   0.012385   4.21 253.29 367.43  88361.95
 60.0 21884.0 294.67   0.013609   4.58 241.30 374.24  88288.47
 61.0 21915.0 293.68   0.014186   4.24 179.75 385.68  88417.13
 61.0 21946.0 294.97   0.014851   3.73 210.15 387.23  88410.00
 61.0 21974.0 294.52   0.014322   3.51 210.56 382.77  88399.78
 61.0 22005.0 294.02   0.013326   6.74 243.98 363.44  88461.69
 61.0 22035.0 292.95   0.011485   6.13 233.10 348.47  88512.12
 61.0 22066.0 291.82   0.009842   6.50 235.79 330.43  88642.73
 61.0 22096.0 290.30   0.008642   7.14 247.17 316.45  88840.43
 61.0 22127.0 291.69   0.008439   6.71 289.28 312.78  88755.30
 61.0 22158.0 294.59   0.008742   5.31 301.36 328.86  88539.61
 61.0 22188.0 295.85   0.009873   6.12 298.61 351.73  88394.23
 61.0 22219.0 293.48   0.013495   3.81 186.82 380.66  88269.38
 61.0 22249.0 293.70   0.013907   3.55 203.59 380.20  88269.03
 62.0 22280.0 294.00   0.014732   3.07 174.72 388.62  88364.78
 62.0 22311.0 294.64   0.014670   3.19 208.08 384.81  88444.83
 62.0 22339.0 294.73   0.014535   3.33 226.87 379.52  88306.80
 62.0 22370.0 294.25   0.013614   5.30 245.70 366.02  88336.22
 62.0 22400.0 292.43   0.011506   6.54 232.46 347.48  88515.81
 62.0 22431.0 290.65   0.009179   6.39 250.56 317.02  88683.77
 62.0 22461.0 290.53   0.008761   7.01 250.72 318.34  88665.80
 62.0 22492.0 291.88   0.008964   6.78 255.93 329.65  88660.08
 62.0 22523.0 293.92   0.009256   5.90 286.84 338.15  88444.19
 62.0 22553.0 294.58   0.011235   4.45 264.60 357.32  88311.23
 62.0 22584.0 293.18   0.013749   3.34 177.76 380.94  88231.91
 62.0 22614.0 292.37   0.013863   3.27 152.14 384.39  88235.05
 63.0 22645.0 292.67   0.013362   5.08 195.81 374.69  88201.54
 63.0 22676.0 293.38   0.013458   4.99 232.73 369.04  88295.28
 63.0 22704.0 293.00   0.013166   4.96 219.79 368.35  88285.48
 63.0 22735.0 293.13   0.012172   6.91 247.54 355.80  88376.72
 63.0 22765.0 291.05   0.009789   6.90 248.49 327.56  88574.19
 63.0 22796.0 289.94   0.008781   6.69 235.20 317.87  88688.62
 63.0 22826.0 289.94   0.008332   7.15 253.95 309.66  88708.39
 63.0 22857.0 291.27   0.008253   6.49 279.44 315.44  88658.52
 63.0 22888.0 293.43   0.007662   6.68 312.50 318.52  88530.37
 63.0 22918.0 295.47   0.008978   4.71 308.31 341.08  88322.09
 63.0 22949.0 294.20   0.012344   3.62 248.79 364.97  88241.30
 63.0 22979.0 292.33   0.013374   4.71 166.27 378.15  88279.31
 64.0 23010.0 292.41   0.013456   3.98 168.65 378.78  88398.09
 64.0 23041.0 292.93   0.013640   3.07 171.14 381.59  88262.32
 64.0 23069.0 293.94   0.013334   4.74 240.58 370.24  88306.62
 64.0 23100.0 293.46   0.012075   6.54 263.74 349.15  88357.42
 64.0 23130.0 292.67   0.010784   6.40 245.75 339.26  88436.62
 64.0 23161.0 291.71   0.008449   6.03 264.52 307.50  88671.24
 64.0 23191.0 291.30   0.008096   6.75 267.93 305.38  88729.12
 64.0 23222.0 291.88   0.008061   6.97 296.36 307.74  88690.87
 64.0 23253.0 294.15   0.007904   7.09 311.43 325.25  88644.81
 64.0 23283.0 295.60   0.010011   6.18 293.78 352.41  88452.34
 64.0 23314.0 294.40   0.012698   4.45 245.70 368.05  88393.08
 64.0 23344.0 293.22   0.014426   3.56 162.00 387.66  88410.04
 65.0 23375.0 293.82   0.014445   3.51 191.24 384.56  88361.23
 65.0 23406.0 294.94   0.013631   3.26 229.90 378.02  88404.81
 65.0 23434.0 295.41   0.013915   4.42 254.54 372.21  88316.16
 65.0 23465.0 294.21   0.012759   6.69 256.96 356.96  88472.34
 65.0 23495.0 292.76   0.010612   7.04 245.01 339.38  88545.30
 65.0 23526.0 291.71   0.009194   6.48 251.79 321.95  88595.16
 65.0 23556.0 290.37   0.008550   7.22 247.35 316.22  88841.02
 65.0 23587.0 291.33   0.008090   7.29 288.07 309.13  88822.86
 65.0 23618.0 294.82   0.009109   6.62 292.47 343.07  88567.91
 65.0 23648.0 295.76   0.011033   6.28 287.66 357.94  88391.78
 65.0 23679.0 294.96   0.012483   4.69 258.06 368.82  88331.62
 65.0 23709.0 294.47   0.014180   3.86 213.84 384.41  88392.93
 66.0 23740.0 294.35   0.014685   3.58 190.83 387.85  88450.55
 66.0 23771.0 295.31   0.014939   3.06 217.26 387.43  88387.48
 66.0 23799.0 295.11   0.014599   4.06 227.80 382.68  88486.95
 66.0 23830.0 295.04   0.013723   6.37 256.45 366.58  88433.22
 66.0 23860.0 293.74   0.012333   6.53 216.78 361.36  88522.82
 66.0 23891.0 291.40   0.009487   6.85 242.61 327.03  88764.28
 66.0 23921.0 290.96   0.009136   7.26 241.79 325.23  88805.20
 66.0 23952.0 291.86   0.009051   7.05 270.76 324.69  88783.22
 66.0 23983.0 294.02   0.009135   6.94 290.92 338.31  88559.79
 66.0 24013.0 295.70   0.011283   5.95 289.82 362.03  88361.79
 66.0 24044.0 293.97   0.013582   3.51 206.39 380.81  88327.09
 66.0 24074.0 292.74   0.014028   4.28 152.83 385.87  88291.11
 67.0 24105.0 293.15   0.014171   4.11 170.95 385.43  88409.06
 67.0 24136.0 293.24   0.013752   4.89 194.96 378.74  88325.05
 67.0 24164.0 294.15   0.013909   3.61 222.37 376.64  88307.05
 67.0 24195.0 293.28   0.012769   6.47 238.86 359.68  88423.73
 67.0 24225.0 292.28   0.011218   6.68 237.34 342.43  88428.89
 67.0 24256.0 290.22   0.009082   6.63 240.21 317.86  88682.57
 67.0 24286.0 290.12   0.008920   6.71 234.35 320.14  88672.79
 67.0 24317.0 291.00   0.008561   6.97 260.92 323.68  88670.23
 67.0 24348.0 294.10   0.008223   5.48 289.40 330.59  88468.22
 67.0 24378.0 295.61   0.010135   4.73 289.29 352.23  88341.02
 67.0 24409.0 293.52   0.012673   4.59 225.38 367.45  88296.69
 67.0 24439.0 292.29   0.013430   4.50 159.18 378.50  88279.60
 68.0 24470.0 292.65   0.013632   4.59 175.61 379.83  88331.50
 68.0 24501.0 293.61   0.013968   3.38 194.72 379.94  88341.57
 68.0 24529.0 294.87   0.013506   5.58 267.60 367.92  88280.94
 68.0 24560.0 293.28   0.012853   6.43 231.83 362.15  88402.91
 68.0 24590.0 292.68   0.011328   6.84 235.99 343.81  88495.09
 68.0 24621.0 291.03   0.009324   7.03 248.12 314.82  88683.58
 68.0 24651.0 290.52   0.008375   6.75 261.33 308.46  88702.02
 68.0 24682.0 291.13   0.008051   6.86 281.91 311.91  88672.88
 68.0 24713.0 294.47   0.008837   5.83 290.49 339.62  88554.69
 68.0 24743.0 295.44   0.010236   4.86 291.33 350.64  88388.23
 68.0 24774.0 293.90   0.013096   3.30 223.94 372.67  88281.32
 68.0 24804.0 292.75   0.013674   3.72 162.04 382.33  88403.17
 69.0 24835.0 293.13   0.014048   3.99 180.34 383.34  88387.87
 69.0 24866.0 293.54   0.014146   3.68 185.21 383.75  88347.51
 69.0 24894.0 294.51   0.013820   4.23 244.02 372.43  88374.84
 69.0 24925.0 293.93   0.012851   5.87 251.32 358.65  88345.44
 69.0 24955.0 292.90   0.011801   6.86 228.33 349.10  88435.30
 69.0 24986.0 290.78   0.009587   7.17 229.92 327.43  88688.58
 69.0 25016.0 290.57   0.008968   7.17 247.45 318.38  88703.70
 69.0 25047.0 291.44   0.008359   6.98 282.13 316.34  88732.31
 69.0 25078.0 294.90   0.008196   6.46 315.54 326.29  88472.83
 69.0 25108.0 294.53   0.011515   5.37 250.50 364.88  88422.42
 69.0 25139.0 294.12   0.013543   3.62 230.15 374.90  88278.06
 69.0 25169.0 292.85   0.014212   3.17 161.99 386.03  88319.58
 70.0 25200.0 293.06   0.013580   4.76 190.48 377.11  88347.46
 70.0 25231.0 293.62   0.014458   2.82 173.13 386.34  88366.10
 70.0 25259.0 294.91   0.014104   4.60 250.14 374.88  88283.69
 70.0 25290.0 294.07   0.012840   6.71 252.45 359.83  88356.20
 70.0 25320.0 292.56   0.010944   6.62 241.99 340.47  88483.79
 70.0 25351.0 290.58   0.008930   6.66 246.51 316.86  88673.24
 70.0 25381.0 290.30   0.008637   6.89 244.80 317.91  88720.13
 70.0 25412.0 291.03   0.008414   6.85 273.44 317.39  88741.89
 70.0 25443.0 294.29   0.008744   5.71 287.69 336.90  88541.23
 70.0 25473.0 294.73   0.011278   4.31 257.50 359.58  88343.34
 70.0 25504.0 293.33   0.014104   3.45 186.46 381.43  88261.57
 70.0 25534.0 292.69   0.014168   3.15 145.64 386.59  88317.58
 71.0 25565.0 293.10   0.013861   4.27 188.85 377.65  88315.03
 71.0 25596.0 293.32   0.013848   3.76 200.74 378.48  88375.98
 71.0 25624.0 293.63   0.014105   3.17 195.65 381.37  88293.09
 71.0 25655.0 293.71   0.012865   6.64 244.25 359.99  88363.26
 71.0 25685.0 291.35   0.010630   6.45 232.40 334.78  88566.76
 71.0 25716.0 290.43   0.009344   6.70 231.83 323.02  88665.30
 71.0 25746.0 289.68   0.008354   7.30 253.35 309.20  88802.62
 71.0 25777.0 291.06   0.008435   6.86 276.63 316.11  88702.62
 71.0 25808.0 293.99   0.008268   6.29 302.18 327.83  88493.92
 71.0 25838.0 295.37   0.010430   4.43 268.92 356.79  88353.66
 71.0 25869.0 294.02   0.013062   3.47 236.57 369.43  88278.11
 71.0 25899.0 293.17   0.014327   3.21 172.35 384.67  88291.94
 72.0 25930.0 293.37   0.013955   4.57 196.74 381.19  88223.80
 72.0 25961.0 293.73   0.013923   3.51 203.45 376.88  88262.13
 72.0 25989.0 294.67   0.013755   5.69 263.58 369.20  88345.18
 72.0 26020.0 293.45   0.012842   6.07 237.39 360.72  88363.91
 72.0 26050.0 292.77   0.011618   6.86 230.36 347.76  88376.25
 72.0 26081.0 290.86   0.008831   6.65 258.61 312.03  88680.32
 72.0 26111.0 290.65   0.008254   6.65 263.12 310.89  88745.44
 72.0 26142.0 292.35   0.008491   6.07 271.64 325.06  88624.34
 72.0 26173.0 294.98   0.008063   5.35 297.71 330.27  88493.61
 72.0 26203.0 294.99   0.010550   5.25 295.03 352.25  88375.91
 72.0 26234.0 293.38   0.013551   3.62 197.42 379.29  88284.47
 72.0 26264.0 292.65   0.013757   3.70 165.29 383.27  88352.76
 73.0 26295.0 292.76   0.013759   4.91 171.09 381.38  88380.63
 73.0 26326.0 293.55   0.013765   4.09 212.31 375.52  88321.36
 73.0 26354.0 294.05   0.013823   3.78 219.02 376.17  88391.58
 73.0 26385.0 293.76   0.013628   4.77 215.45 369.20  88335.41
 73.0 26415.0 291.89   0.011103   6.55 241.63 336.35  88500.01
 73.0 26446.0 290.52   0.009374   6.60 234.95 319.02  88731.88
 73.0 26476.0 290.13   0.008573   7.06 253.85 313.56  88823.76
 73.0 26507.0 290.99   0.008276   7.09 281.71 314.22  88811.06
 73.0 26538.0 293.83   0.008259   6.50 314.97 321.66  88618.72
 73.0 26568.0 295.48   0.010587   6.10 291.00 353.37  88334.23
 73.0 26599.0 294.45   0.012531   4.27 240.80 366.69  88273.83
 73.0 26629.0 293.94   0.014300   3.30 206.81 383.25  88322.88
 74.0 26660.0 293.60   0.014455   4.01 181.04 385.38  88313.56
 74.0 26691.0 294.20   0.014407   3.75 207.96 382.11  88391.55
 74.0 26719.0 294.82   0.014120   4.12 253.70 374.65  88295.48
 74.0 26750.0 293.72   0.013399   5.45 225.86 366.43  88420.20
 74.0 26780.0 292.21   0.011320   6.94 226.68 344.73  88456.32
 74.0 26811.0 291.05   0.009322   5.84 250.41 320.23  88622.36
 74.0 26841.0 290.51   0.008560   6.72 257.57 310.79  88722.49
 74.0 26872.0 291.47   0.008683   7.28 274.61 319.75  88676.53
 74.0 26903.0 294.78   0.009216   5.68 286.80 346.48  88459.84
 74.0 26933.0 295.19   0.010381   5.25 300.12 349.28  88308.92
 74.0 26964.0 294.21   0.012412   4.33 244.14 368.96  88298.57
 74.0 26994.0 292.84   0.013677   3.09 177.25 381.24  88248.55
 75.0 27025.0 292.03   0.013334   4.67 148.23 380.59  88316.34
 75.0 27056.0 293.56   0.013807   3.63 202.70 377.06  88421.04
 75.0 27084.0 293.52   0.014057   3.30 188.17 382.14  88293.78
 75.0 27115.0 293.21   0.012756   6.22 233.56 359.17  88408.97
 75.0 27145.0 292.15   0.011221   6.63 235.14 342.19  88461.07
 75.0 27176.0 290.24   0.009001   6.80 234.29 317.76  88615.22
 75.0 27206.0 290.19   0.009030   6.66 234.29 319.23  88685.09
 75.0 27237.0 291.82   0.008507   6.29 274.74 319.78  88615.67
 75.0 27268.0 293.88   0.008814   5.17 284.94 332.40  88530.08
 75.0 27298.0 294.32   0.010877   4.29 249.51 358.21  88332.09
 75.0 27329.0 292.82   0.013192   3.62 185.62 376.39  88312.16
 75.0 27359.0 292.53   0.013507   3.89 171.59 378.47  88346.66
 76.0 27390.0 292.46   0.013223   5.28 182.93 375.72  88212.92
 76.0 27421.0 292.64   0.013423   3.49 173.66 377.72  88350.05
 76.0 27449.0 293.78   0.013309   4.41 233.56 367.19  88292.05
 76.0 27480.0 293.56   0.012259   6.29 252.60 354.72  88315.88
 76.0 27510.0 292.58   0.010291   6.37 251.08 334.57  88479.84
 76.0 27541.0 289.92   0.008686   6.94 241.95 312.61  88692.62
 76.0 27571.0 290.48   0.007865   6.18 269.49 301.37  88718.70
 76.0 27602.0 292.39   0.007576   5.76 287.18 311.66  88640.10
 76.0 27633.0 293.95   0.008395   5.55 293.89 331.75  88495.19
 76.0 27663.0 294.30   0.009935   4.95 288.39 344.65  88416.89
 76.0 27694.0 294.16   0.012669   3.73 227.56 371.39  88274.38
 76.0 27724.0 293.04   0.013961   3.13 178.90 382.95  88287.03
 77.0 27755.0 292.87   0.013566   3.77 178.24 379.36  88434.23
 77.0 27786.0 293.73   0.013977   3.42 212.48 378.60  88239.58
 77.0 27814.0 294.69   0.013898   3.81 241.88 375.60  88312.30
 77.0 27845.0 293.17   0.013682   4.65 184.47 375.83  88414.42
 77.0 27875.0 292.28   0.011627   6.99 232.24 346.32  88530.53
 77.0 27906.0 291.26   0.009833   5.65 235.53 327.52  88627.14
 77.0 27936.0 290.61   0.009064   6.92 250.42 314.90  88743.53
 77.0 27967.0 291.66   0.008582   7.17 285.81 315.10  88694.42
 77.0 27998.0 294.63   0.008443   5.46 306.50 329.18  88462.72
 77.0 28028.0 295.29   0.010070   5.34 284.21 351.39  88356.13
 77.0 28059.0 294.06   0.012133   4.82 254.49 361.64  88267.39
 77.0 28089.0 293.25   0.013952   3.10 186.19 381.52  88311.65
 78.0 28120.0 292.66   0.013845   4.15 168.96 380.00  88318.98
 78.0 28151.0 293.82   0.014305   3.84 201.65 382.05  88260.39
 78.0 28179.0 294.65   0.014221   3.78 237.30 374.13  88329.74
 78.0 28210.0 294.09   0.013022   6.30 256.24 359.05  88377.99
 78.0 28240.0 292.74   0.011432   6.94 240.55 347.62  88534.00
 78.0 28271.0 290.83   0.008685   6.56 260.70 309.67  88711.81
 78.0 28301.0 290.23   0.008829   6.95 249.36 315.70  88843.20
 78.0 28332.0 291.30   0.008000   6.73 283.45 309.72  88742.05
 78.0 28363.0 294.59   0.007770   6.78 313.05 325.13  88537.91
 78.0 28393.0 294.53   0.011392   5.44 275.14 353.85  88383.99
 78.0 28424.0 293.70   0.013157   3.68 227.40 369.55  88341.13
 78.0 28454.0 292.99   0.014062   3.31 167.54 385.15  88356.38
 79.0 28485.0 293.12   0.013974   3.92 178.64 382.24  88366.48
 79.0 28516.0 293.58   0.014108   3.54 202.43 380.25  88285.66
 79.0 28544.0 293.83   0.014042   3.51 202.70 379.28  88290.62
 79.0 28575.0 294.19   0.012782   6.33 263.46 357.32  88330.67
 79.0 28605.0 292.96   0.011775   6.64 234.34 348.46  88471.42
 79.0 28636.0 291.24   0.010136   7.11 232.75 329.67  88674.05
 79.0 28666.0 289.64   0.008425   7.20 242.77 313.39  88850.83
 79.0 28697.0 291.20   0.008842   7.15 272.61 320.16  88765.15
 79.0 28728.0 293.55   0.008985   7.01 305.40 328.52  88563.85
 79.0 28758.0 295.18   0.010317   5.60 291.62 350.20  88344.70
 79.0 28789.0 293.76   0.013520   3.81 206.64 375.92  88312.03
 79.0 28819.0 293.13   0.014218   3.26 165.98 385.24  88324.56
 80.0 28850.0 293.21   0.013894   3.80 174.32 382.86  88345.98
 80.0 28881.0 294.43   0.014912   2.86 197.05 388.27  88404.38
 80.0 28909.0 295.34   0.014523   4.04 250.73 376.61  88346.69
 80.0 28940.0 293.83   0.013157   6.29 245.09 363.40  88403.62
 80.0 28970.0 292.32   0.010801   6.64 243.76 338.47  88522.95
 80.0 29001.0 291.06   0.009275   6.76 252.05 317.75  88647.02
 80.0 29031.0 290.36   0.008857   7.36 237.71 319.91  88755.48
 80.0 29062.0 291.25   0.008637   6.92 278.41 316.64  88714.72
 80.0 29093.0 293.63   0.008782   6.54 293.84 334.46  88570.27
 80.0 29123.0 295.22   0.009690   6.23 294.83 346.58  88399.94
 80.0 29154.0 293.92   0.012866   4.01 229.22 372.22  88215.27
 80.0 29184.0 292.59   0.013459   4.32 169.83 379.98  88331.53
 81.0 29215.0 292.93   0.013417   5.26 203.30 373.61  88273.48
 81.0 29246.0 293.31   0.013805   3.70 188.86 380.31  88276.27
 81.0 29274.0 294.59   0.013231   5.43 270.00 364.08  88320.84
 81.0 29305.0 294.00   0.012327   6.61 255.27 356.92  88432.68
 81.0 29335.0 292.77   0.011360   7.13 225.89 352.14  88485.71
 81.0 29366.0 291.68   0.009944   6.48 235.23 331.67  88623.52
 81.0 29396.0 290.35   0.008519   7.35 256.82 311.12  88770.48
 81.0 29427.0 290.96   0.008471   7.56 275.67 318.46  88834.63
 81.0 29458.0 293.62   0.008433   7.05 314.53 324.85  88639.25
 81.0 29488.0 295.59   0.010530   6.22 293.19 359.65  88386.45
 81.0 29519.0 294.66   0.012731   4.58 262.38 367.01  88326.55
 81.0 29549.0 293.80   0.014047   4.05 208.81 379.52  88268.75
 82.0 29580.0 293.45   0.014165   4.38 196.22 382.20  88319.55
 82.0 29611.0 294.10   0.014190   3.59 211.80 379.82  88383.09
 82.0 29639.0 295.56   0.014402   3.29 241.93 379.76  88206.21
 82.0 29670.0 294.74   0.012656   6.16 270.30 357.67  88383.78
 82.0 29700.0 292.82   0.010793   6.81 247.05 340.09  88501.52
 82.0 29731.0 291.63   0.009736   6.60 240.42 324.45  88586.98
 82.0 29761.0 290.27   0.008446   6.59 250.64 313.99  88799.28
 82.0 29792.0 292.17   0.008824   6.64 269.83 326.53  88662.28
 82.0 29823.0 294.53   0.008415   6.34 299.12 333.40  88564.98
 82.0 29853.0 295.29   0.010530   4.64 262.44 357.24  88389.83
 82.0 29884.0 293.52   0.013631   3.79 199.23 379.15  88327.71
 82.0 29914.0 292.77   0.013564   4.15 173.93 379.43  88289.80
 83.0 29945.0 293.11   0.013727   4.09 185.81 381.41  88324.12
 83.0 29976.0 293.86   0.013881   3.12 209.30 378.86  88265.04
 83.0 30004.0 294.74   0.013962   4.08 249.47 373.23  88273.18
 83.0 30035.0 293.52   0.012626   6.73 249.43 355.95  88378.21
 83.0 30065.0 292.35   0.010972   6.60 237.73 341.44  88486.54
 83.0 30096.0 290.79   0.009306   6.74 245.12 316.67  88659.52
 83.0 30126.0 289.83   0.008394   7.38 253.79 308.66  88853.79
 83.0 30157.0 291.33   0.008259   6.66 286.18 311.95  88718.66
 83.0 30188.0 294.55   0.007559   6.13 317.86 319.26  88497.65
 83.0 30218.0 295.58   0.010055   4.86 288.29 347.93  88397.62
 83.0 30249.0 294.41   0.012434   4.25 247.33 367.06  88358.98
 83.0 30279.0 293.70   0.013774   4.19 209.19 378.91  88358.14
 84.0 30310.0 293.88   0.014108   3.24 196.03 383.14  88337.59
 84.0 30341.0 294.12   0.014122   3.77 209.71 378.25  88399.25
 84.0 30369.0 294.38   0.013026   5.03 259.25 362.25  88351.11
 84.0 30400.0 294.32   0.012362   6.86 265.94 355.83  88391.36
 84.0 30430.0 292.38   0.010633   7.05 230.64 344.96  88516.27
 84.0 30461.0 290.47   0.008806   7.08 237.60 317.70  88690.06
 84.0 30491.0 290.80   0.009119   6.89 241.34 322.52  88745.41
 84.0 30522.0 290.85   0.008184   7.12 285.76 308.02  88793.66
 84.0 30553.0 294.15   0.008848   6.64 305.35 333.19  88543.58
 84.0 30583.0 296.06   0.010130   6.39 311.05 351.16  88400.09
 84.0 30614.0 293.87   0.013291   3.79 216.04 376.09  88344.20
 84.0 30644.0 293.29   0.014243   2.94 166.04 386.59  88316.16
 85.0 30675.0 293.90   0.014212   3.62 189.73 386.40  88326.60
 85.0 30706.0 293.74   0.013894   4.00 198.10 380.33  88476.85
 85.0 30734.0 294.50   0.014077   3.98 218.95 378.50  88348.16
 85.0 30765.0 293.93   0.012933   6.51 244.64 359.97  88427.79
 85.0 30795.0 292.39   0.011061   7.38 239.62 342.98  88571.90
 85.0 30826.0 290.51   0.009483   7.52 235.19 321.11  88771.09
 85.0 30856.0 290.05   0.008624   7.17 254.45 310.62  88829.01
 85.0 30887.0 290.94   0.008087   7.13 279.04 312.73  88795.14
 85.0 30918.0 294.18   0.008413   6.48 316.78 324.03  88579.79
 85.0 30948.0 295.64   0.010842   5.26 269.44 360.98  88385.16
 85.0 30979.0 293.69   0.013504   4.13 223.81 372.29  88320.97
 85.0 31009.0 293.44   0.014231   3.49 189.94 381.98  88318.16
 86.0 31040.0 294.44   0.014078   4.41 225.06 379.24  88354.42
 86.0 31071.0 294.38   0.014967   3.37 186.22 388.29  88403.41
 86.0 31099.0 295.05   0.014459   4.75 245.88 377.87  88367.20
 86.0 31130.0 295.07   0.013341   6.48 262.35 362.20  88365.05
 86.0 31160.0 292.85   0.010995   6.73 230.71 349.42  88533.86
 86.0 31191.0 290.52   0.008780   7.26 251.24 312.90  88723.27
 86.0 31221.0 290.52   0.008378   6.95 264.07 308.88  88775.95
 86.0 31252.0 291.63   0.008383   6.96 280.16 316.95  88678.95
 86.0 31283.0 294.58   0.008571   6.19 295.32 336.86  88441.84
 86.0 31313.0 294.94   0.011004   5.12 265.41 357.35  88389.09
 86.0 31344.0 293.95   0.012999   4.24 238.11 369.29  88319.25
 86.0 31374.0 293.00   0.013487   3.76 193.11 377.20  88259.56
 87.0 31405.0 293.30   0.013786   4.09 203.11 377.42  88228.25
 87.0 31436.0 293.31   0.014116   3.51 176.38 383.10  88304.59
 87.0 31464.0 293.38   0.013317   4.05 214.81 369.47  88337.60
 87.0 31495.0 293.80   0.012581   6.73 254.13 356.49  88316.55
 87.0 31525.0 291.90   0.009965   7.13 256.96 327.90  88486.27
 87.0 31556.0 290.09   0.009016   7.39 228.83 319.45  88698.00
 87.0 31586.0 290.02   0.008299   7.28 260.91 307.86  88766.71
 87.0 31617.0 291.23   0.008422   6.69 269.64 319.38  88697.38
 87.0 31648.0 294.37   0.007862   6.34 311.78 323.42  88464.15
 87.0 31678.0 295.99   0.009067   5.95 313.37 343.72  88302.62
 87.0 31709.0 294.21   0.012437   3.76 242.27 368.30  88320.92
 87.0 31739.0 293.39   0.014088   3.34 184.52 382.46  88295.06
 88.0 31770.0 292.71   0.014023   3.38 149.40 387.11  88348.06
 88.0 31801.0 293.40   0.013535   4.31 208.15 375.59  88298.45
 88.0 31829.0 294.40   0.013746   3.32 230.63 374.50  88255.60
 88.0 31860.0 293.54   0.013307   5.28 220.71 368.24  88384.03
 88.0 31890.0 292.82   0.012100   6.60 231.07 351.10  88428.28
 88.0 31921.0 289.99   0.009095   6.74 234.76 318.56  88729.20
 88.0 31951.0 289.59   0.008408   6.35 246.17 312.85  88751.27
 88.0 31982.0 290.59   0.007805   7.29 286.41 307.08  88720.45
 88.0 32013.0 293.89   0.008950   5.80 297.82 330.78  88551.34
 88.0 32043.0 295.43   0.009766   5.26 299.31 343.31  88362.14
 88.0 32074.0 293.57   0.013431   3.35 202.79 375.29  88271.02
 88.0 32104.0 292.52   0.014043   3.08 150.16 387.56  88360.85
 89.0 32135.0 292.66   0.013569   4.94 183.97 377.28  88281.05
 89.0 32166.0 293.45   0.014113   3.19 192.71 381.12  88334.12
 89.0 32194.0 294.17   0.014168   3.10 216.04 380.02  88255.33
 89.0 32225.0 293.81   0.012826   6.41 254.47 355.32  88270.27
 89.0 32255.0 292.53   0.011404   6.28 229.86 345.74  88432.39
 89.0 32286.0 290.22   0.008994   6.85 250.62 313.04  88673.76
 89.0 32316.0 289.67   0.008478   7.07 247.03 311.31  88824.95
 89.0 32347.0 291.50   0.008813   6.39 266.06 323.86  88671.74
 89.0 32378.0 294.67   0.008381   5.55 302.03 328.54  88483.58
 89.0 32408.0 295.35   0.009844   4.26 284.24 347.73  88352.03
 89.0 32439.0 293.49   0.013038   3.23 198.87 375.29  88268.81
 89.0 32469.0 293.06   0.013733   3.49 181.02 381.32  88335.70
 90.0 32500.0 292.90   0.013825   3.30 166.72 381.96  88293.60
 90.0 32531.0 294.49   0.013827   3.51 233.08 375.44  88263.50
 90.0 32559.0 294.18   0.013485   4.01 245.98 369.39  88292.56
 90.0 32590.0 294.18   0.013165   6.26 251.55 362.77  88302.89
 90.0 32620.0 292.67   0.011141   6.79 234.95 344.60  88502.20
 90.0 32651.0 291.41   0.009482   6.78 244.62 323.29  88675.91
 90.0 32681.0 290.54   0.008798   7.11 250.14 317.05  88753.77
 90.0 32712.0 291.52   0.008470   7.08 281.19 316.24  88797.01
 90.0 32743.0 294.39   0.008660   6.98 297.35 335.15  88525.02
 90.0 32773.0 295.66   0.010223   5.95 295.05 356.53  88311.82
 90.0 32804.0 294.63   0.012833   4.52 255.11 370.61  88289.22
 90.0 32834.0 293.57   0.013962   3.44 197.16 381.71  88345.59
 91.0 32865.0 293.99   0.014498   3.43 193.94 386.72  88273.61
 91.0 32896.0 294.54   0.014444   3.79 218.32 381.75  88310.14
 91.0 32924.0 295.68   0.014213   3.28 249.10 378.26  88285.83
 91.0 32955.0 294.66   0.013591   5.96 250.08 367.15  88371.81
 91.0 32985.0 292.62   0.011452   6.84 233.50 347.84  88508.13
 91.0 33016.0 290.44   0.009326   6.35 215.32 327.88  88688.50
 91.0 33046.0 290.34   0.008975   6.88 244.90 318.00  88697.12
 91.0 33077.0 291.67   0.008214   6.26 272.04 321.83  88672.57
 91.0 33108.0 294.18   0.008970   5.13 281.65 336.59  88440.34
 91.0 33138.0 294.35   0.011287   5.08 261.28 359.91  88421.96
 91.0 33169.0 293.74   0.013239   3.46 226.26 371.04  88208.14
 91.0 33199.0 292.74   0.013724   4.12 180.26 379.33  88352.33
 92.0 33230.0 292.32   0.013267   4.59 181.65 374.62  88266.54
 92.0 33261.0 293.14   0.013298   4.70 231.96 365.79  88245.77
 92.0 33289.0 293.72   0.013358   5.08 245.00 366.84  88323.80
 92.0 33320.0 293.52   0.011952   6.39 259.14 350.77  88384.85
 92.0 33350.0 292.67   0.010861   6.91 244.63 340.30  88430.92
 92.0 33381.0 290.86   0.008480   6.80 256.63 310.85  88679.57
 92.0 33411.0 289.92   0.007930   6.93 266.37 302.70  88805.02
 92.0 33442.0 291.99   0.007926   6.57 286.13 315.19  88627.27
 92.0 33473.0 295.24   0.008034   5.68 298.55 334.18  88443.68
 92.0 33503.0 294.83   0.010780   4.67 271.14 351.13  88362.08
 92.0 33534.0 294.13   0.013285   4.35 231.19 373.13  88294.02
 92.0 33564.0 292.76   0.013735   3.26 161.79 382.29  88337.05
 93.0 33595.0 293.33   0.014211   4.00 183.54 383.72  88346.44
 93.0 33626.0 293.94   0.014165   3.72 212.67 379.44  88306.39
 93.0 33654.0 294.94   0.013845   3.77 255.98 370.79  88264.44
 93.0 33685.0 293.41   0.013407   5.84 212.39 370.68  88371.20
 93.0 33715.0 292.67   0.010781   5.96 245.43 336.93  88522.44
 93.0 33746.0 290.83   0.009182   6.42 241.90 318.20  88625.55
 93.0 33776.0 290.89   0.008525   6.74 254.44 314.53  88735.44
 93.0 33807.0 292.09   0.008889   6.42 271.60 320.86  88651.03
 93.0 33838.0 294.33   0.008647   6.18 298.70 331.21  88532.69
 93.0 33868.0 294.99   0.011150   4.35 266.21 360.03  88349.96
 93.0 33899.0 293.53   0.013867   3.84 205.47 377.44  88285.88
 93.0 33929.0 293.12   0.013801   4.30 190.52 378.70  88267.65
 94.0 33960.0 293.27   0.014338   2.93 168.37 386.41  88307.07
 94.0 33991.0 293.21   0.013580   3.74 198.73 374.07  88425.98
 94.0 34019.0 294.25   0.013940   3.61 223.37 373.83  88332.53
 94.0 34050.0 294.24   0.013564   6.01 233.61 369.11  88372.40
 94.0 34080.0 293.16   0.012181   6.09 224.04 355.45  88461.02
 94.0 34111.0 291.60   0.010168   6.52 223.59 334.81  88611.97
 94.0 34141.0 290.69   0.009063   6.97 245.64 320.40  88751.28
 94.0 34172.0 292.32   0.008432   6.69 282.39 321.17  88713.34
 94.0 34203.0 294.61   0.008954   5.92 295.88 336.34  88468.49
 94.0 34233.0 295.30   0.010850   5.84 287.59 354.93  88431.09
 94.0 34264.0 294.42   0.013221   3.45 240.26 374.77  88273.88
 94.0 34294.0 293.16   0.013857   3.49 185.77 381.29  88357.06
 95.0 34325.0 292.90   0.014238   3.13 151.83 387.45  88375.88
 95.0 34356.0 293.30   0.014085   4.49 186.79 380.81  88336.81
 95.0 34384.0 294.03   0.014033   3.45 207.03 379.67  88343.56
 95.0 34415.0 293.94   0.012613   6.30 259.81 353.31  88390.84
 95.0 34445.0 292.33   0.010461   6.61 253.39 332.51  88480.53
 95.0 34476.0 291.38   0.009574   6.75 242.16 322.74  88556.19
 95.0 34506.0 290.35   0.008923   7.03 240.18 319.83  88683.58
 95.0 34537.0 291.54   0.008301   6.21 279.45 316.53  88647.34
 95.0 34568.0 294.67   0.008531   5.85 304.77 329.54  88441.55
 95.0 34598.0 294.16   0.012307   3.92 216.81 372.50  88323.29
 95.0 34629.0 292.90   0.013340   3.57 193.69 375.02  88231.66
 95.0 34659.0 292.20   0.013680   3.59 148.60 384.01  88296.51
 96.0 34690.0 292.43   0.013252   5.46 179.71 375.41  88200.44
 96.0 34721.0 293.22   0.013407   4.98 214.82 371.12  88269.51
 96.0 34749.0 293.88   0.013908   3.71 215.15 377.52  88259.39
 96.0 34780.0 293.75   0.012521   5.53 248.61 357.59  88265.37
 96.0 34810.0 292.22   0.011038   6.64 226.22 343.64  88486.85
 96.0 34841.0 289.83   0.007927   6.15 264.84 299.00  88638.48
 96.0 34871.0 290.89   0.008626   6.70 257.05 312.92  88542.27
 96.0 34902.0 291.45   0.007811   6.73 290.38 308.32  88645.54
 96.0 34933.0 294.18   0.008595   5.87 291.20 330.47  88531.34
 96.0 34963.0 295.08   0.009487   5.05 297.86 342.61  88417.57
 96.0 34994.0 293.03   0.013645   3.23 172.93 382.86  88290.40
 96.0 35024.0 292.36   0.013532   3.93 165.02 380.72  88352.23
 97.0 35055.0 292.69   0.013832   3.18 162.03 384.16  88346.12
 97.0 35086.0 294.60   0.013119   5.10 268.07 366.39  88396.55
 97.0 35114.0 294.39   0.013944   4.04 232.30 375.78  88274.22
 97.0 35145.0 293.59   0.012736   6.45 236.69 360.74  88324.64
 97.0 35175.0 292.70   0.011077   6.93 231.94 346.87  88514.07
 97.0 35206.0 291.33   0.008799   6.36 263.52 309.62  88688.36
 97.0 35236.0 291.11   0.008811   7.01 256.83 315.24  88740.92
 97.0 35267.0 292.01   0.008295   6.49 282.04 319.98  88721.49
 97.0 35298.0 294.82   0.008696   5.76 301.70 331.29  88504.83
 97.0 35328.0 295.47   0.011029   4.70 255.30 363.34  88357.28
 97.0 35359.0 293.80   0.013784   3.61 218.13 377.04  88350.82
 97.0 35389.0 293.61   0.014712   3.05 181.29 386.76  88378.16
 98.0 35420.0 293.66   0.013984   4.16 192.35 382.06  88344.38
 98.0 35451.0 293.66   0.014107   3.38 181.79 383.23  88413.48
 98.0 35479.0 294.40   0.013594   4.88 244.12 369.83  88363.15
 98.0 35510.0 294.92   0.013509   6.18 256.47 366.35  88386.05
 98.0 35540.0 292.91   0.011550   6.94 230.19 348.35  88475.47
 98.0 35571.0 291.92   0.009683   6.96 246.79 327.75  88643.70
 98.0 35601.0 291.76   0.009159   6.86 256.11 320.43  88740.46
 98.0 35632.0 291.83   0.008637   7.44 277.98 322.49  88876.62
 98.0 35663.0 294.10   0.009539   7.60 305.57 334.19  88575.89
 98.0 35693.0 296.02   0.009713   6.70 308.94 347.97  88410.73
 98.0 35724.0 295.02   0.012850   3.37 226.76 376.62  88321.22
 98.0 35754.0 293.59   0.014491   3.16 166.84 388.37  88339.62
 99.0 35785.0 294.63   0.014597   3.08 205.02 384.34  88344.16
 99.0 35816.0 294.40   0.014769   3.28 189.21 388.52  88379.62
 99.0 35844.0 294.08   0.014716   2.95 171.32 389.76  88385.01
 99.0 35875.0 294.06   0.013301   5.84 241.33 362.90  88488.60
 99.0 35905.0 292.49   0.010985   7.01 247.62 337.67  88568.05
 99.0 35936.0 290.71   0.008793   6.88 255.46 311.40  88679.53
 99.0 35966.0 290.38   0.008625   6.58 253.29 316.17  88701.25
 99.0 35997.0 291.99   0.008423   6.41 275.39 321.55  88617.98
 99.0 36028.0 294.59   0.009024   5.71 266.72 346.77  88480.77
 99.0 36058.0 295.48   0.009870   4.74 296.62 349.51  88406.18
 99.0 36089.0 293.45   0.013862   3.10 197.09 378.89  88244.02
 99.0 36119.0 292.18   0.013587   4.73 155.64 381.48  88257.56
100.0 36150.0 292.59   0.013392   4.95 188.01 374.66  88290.73
100.0 36181.0 293.67   0.013601   3.28 209.25 373.79  88243.80
100.0 36209.0 293.92   0.013439   3.60 230.18 369.76  88222.54
100.0 36240.0 293.28   0.013428   4.60 203.85 371.48  88281.27
100.0 36270.0 291.61   0.011354   6.86 217.85 346.48  88457.92
100.0 36301.0 289.31   0.008970   6.71 229.11 316.83  88711.89
100.0 36331.0 288.69   0.007656   6.33 253.20 301.45  88738.65
100.0 36362.0 291.62   0.008532   6.22 270.94 319.78  88602.70
100.0 36393.0 294.02   0.008545   6.07 301.81 329.16  88488.41
100.0 36423.0 295.53   0.008803   4.66 308.47 337.66  88270.25
100.0 36454.0 293.46   0.013130   3.51 210.95 373.06  88208.41
100.0 36484.0 292.64   0.013628   3.85 174.83 380.14  88280.48
