  1.0    15.0 292.44   0.012267   4.49 225.93 367.12  91011.84
  1.0    46.0 292.55   0.012547   4.71 219.94 369.91  90960.74
  1.0    74.0 291.99   0.012401   4.66 203.87 367.18  91082.10
  1.0   105.0 290.95   0.011554   5.32 184.69 356.03  91303.99
  1.0   135.0 289.30   0.010356   5.31 166.41 341.62  91424.97
  1.0   166.0 286.74   0.008295   5.29 161.87 320.66  91588.18
  1.0   196.0 286.68   0.008065   5.54 187.03 313.36  91669.70
  1.0   227.0 287.56   0.008103   5.92 204.12 318.24  91564.31
  1.0   258.0 289.91   0.007655   6.00 270.42 309.89  91414.93
  1.0   288.0 292.16   0.009494   6.36 264.27 336.28  91110.81
  1.0   319.0 291.69   0.011097   5.48 242.90 354.74  91059.62
  1.0   349.0 291.54   0.012207   4.68 188.93 372.73  90989.38
  2.0   380.0 292.50   0.012764   4.74 205.71 374.17  90797.45
  2.0   411.0 292.43   0.012557   4.55 228.26 369.17  90995.38
  2.0   439.0 292.64   0.012796   4.15 218.09 367.06  91046.72
  2.0   470.0 291.44   0.012298   5.05 159.50 369.70  91124.41
  2.0   500.0 288.17   0.009419   5.61 171.85 332.77  91363.60
  2.0   531.0 286.82   0.008418   5.09 179.90 315.33  91573.49
  2.0   561.0 285.86   0.008109   5.87 153.60 323.54  91625.16
  2.0   592.0 287.10   0.008541   5.53 191.82 320.62  91602.62
  2.0   623.0 289.52   0.008922   5.43 235.50 323.62  91234.45
  2.0   653.0 292.84   0.008007   6.13 310.43 320.88  91034.20
  2.0   684.0 292.47   0.011091   5.57 251.78 354.04  90932.81
  2.0   714.0 291.43   0.011909   4.93 190.84 366.79  90784.27
  3.0   745.0 291.84   0.012197   5.29 193.67 368.87  90721.24
  3.0   776.0 290.99   0.011621   4.50 202.77 361.42  90876.71
  3.0   804.0 291.56   0.011693   4.73 235.16 351.92  91084.85
  3.0   835.0 290.79   0.011421   4.86 194.64 352.02  91079.62
  3.0   865.0 289.41   0.010137   4.49 194.12 329.78  91315.84
  3.0   896.0 286.80   0.008767   5.71 153.42 323.99  91642.30
  3.0   926.0 286.21   0.008257   5.15 166.55 317.22  91561.65
  3.0   957.0 287.38   0.008046   4.97 225.45 303.26  91500.63
  3.0   988.0 289.69   0.007898   6.03 260.73 312.81  91368.38
  3.0  1018.0 292.52   0.008505   6.47 286.44 328.18  91127.82
  3.0  1049.0 292.45   0.010738   5.42 251.80 350.00  90940.84
  3.0  1079.0 291.55   0.011966   4.31 211.02 364.04  90918.90
  4.0  1110.0 291.45   0.012020   4.18 200.31 366.69  90828.08
  4.0  1141.0 292.10   0.012367   4.54 212.03 367.03  90890.88
  4.0  1169.0 291.88   0.012150   4.70 219.77 359.28  90956.89
  4.0  1200.0 290.07   0.011122   5.34 171.34 355.57  91227.76
  4.0  1230.0 288.14   0.009246   5.09 196.58 320.68  91478.19
  4.0  1261.0 285.74   0.007695   5.33 187.35 304.69  91721.64
  4.0  1291.0 285.80   0.007686   5.28 181.34 306.48  91640.73
  4.0  1322.0 286.73   0.007281   5.61 224.01 303.79  91576.60
  4.0  1353.0 288.82   0.007404   6.37 250.55 312.46  91386.66
  4.0  1383.0 290.86   0.008090   6.17 292.65 314.68  91195.13
  4.0  1414.0 292.37   0.010100   5.75 282.99 341.63  91049.97
  4.0  1444.0 291.96   0.011993   4.00 206.24 367.37  90949.40
  5.0  1475.0 291.68   0.012073   4.75 181.10 370.01  90815.90
  5.0  1506.0 291.43   0.011897   4.91 183.59 367.58  90791.45
  5.0  1534.0 291.84   0.011721   5.24 239.01 353.26  91150.48
  5.0  1565.0 290.21   0.011081   5.37 186.66 352.02  91275.99
  5.0  1595.0 288.90   0.009900   4.74 181.68 333.33  91423.70
  5.0  1626.0 286.66   0.007932   5.03 195.92 304.05  91533.51
  5.0  1656.0 285.93   0.007709   5.92 171.94 314.03  91711.13
  5.0  1687.0 286.11   0.007058   5.87 222.93 299.71  91742.29
  5.0  1718.0 290.80   0.007795   6.01 286.74 308.07  91357.14
  5.0  1748.0 291.91   0.009205   6.28 264.08 339.53  91128.09
  5.0  1779.0 291.85   0.011386   5.24 236.97 357.49  91019.08
  5.0  1809.0 292.24   0.012038   4.94 243.91 360.39  90989.28
  6.0  1840.0 292.57   0.012613   4.82 200.47 374.18  90934.05
  6.0  1871.0 292.83   0.013030   3.93 200.58 375.13  90866.64
  6.0  1899.0 292.48   0.012832   4.23 195.57 369.71  90927.20
  6.0  1930.0 290.35   0.011215   5.40 176.93 354.35  91245.84
  6.0  1960.0 288.82   0.009724   5.18 188.71 330.01  91481.80
  6.0  1991.0 286.78   0.008419   5.73 164.77 321.23  91647.34
  6.0  2021.0 285.52   0.007507   5.48 173.78 309.65  91552.89
  6.0  2052.0 286.75   0.007473   5.78 223.01 305.61  91582.67
  6.0  2083.0 289.75   0.008417   6.08 240.23 323.23  91398.16
  6.0  2113.0 292.17   0.009021   5.70 276.67 332.09  91024.03
  6.0  2144.0 291.59   0.011360   5.30 213.52 358.59  90946.51
  6.0  2174.0 291.69   0.011881   4.26 214.85 363.39  90847.27
  7.0  2205.0 292.12   0.012208   5.33 205.89 366.82  90663.18
  7.0  2236.0 291.77   0.012351   3.75 172.73 372.69  90829.94
  7.0  2264.0 291.49   0.012524   4.08 167.55 373.73  90979.72
  7.0  2295.0 290.07   0.010906   5.62 175.58 354.71  91295.09
  7.0  2325.0 287.98   0.009126   5.35 189.02 324.10  91372.85
  7.0  2356.0 286.27   0.008238   5.52 156.81 322.03  91511.74
  7.0  2386.0 286.08   0.007763   5.15 186.60 308.13  91509.41
  7.0  2417.0 287.28   0.007701   4.99 223.69 304.03  91482.05
  7.0  2448.0 289.74   0.007595   6.15 275.75 308.49  91304.92
  7.0  2478.0 290.33   0.008258   6.17 279.13 317.89  91250.78
  7.0  2509.0 291.82   0.009512   5.86 277.23 336.20  91125.08
  7.0  2539.0 291.51   0.011481   4.65 207.69 364.01  90937.06
  8.0  2570.0 291.90   0.011761   4.66 234.59 361.62  90890.95
  8.0  2601.0 291.79   0.012232   4.80 206.05 368.16  91003.27
  8.0  2629.0 291.85   0.012062   5.03 226.16 357.96  91035.62
  8.0  2660.0 290.08   0.011014   5.55 160.88 358.04  91247.66
  8.0  2690.0 288.66   0.009535   5.26 177.28 333.64  91338.03
  8.0  2721.0 285.86   0.007356   5.37 200.24 298.02  91561.09
  8.0  2751.0 286.36   0.008125   5.96 161.67 320.01  91642.93
  8.0  2782.0 287.10   0.007755   5.44 216.55 307.34  91568.34
  8.0  2813.0 290.18   0.008344   5.93 264.74 317.09  91267.38
  8.0  2843.0 290.91   0.010223   5.78 239.21 342.01  91212.93
  8.0  2874.0 291.81   0.011166   5.39 238.95 352.49  91042.54
  8.0  2904.0 291.54   0.012159   4.59 194.96 368.88  91088.30
  9.0  2935.0 291.71   0.012413   4.92 173.11 374.43  90831.21
  9.0  2966.0 292.35   0.012403   4.60 225.93 367.00  91014.96
  9.0  2994.0 291.71   0.012229   4.14 199.58 364.79  91059.38
  9.0  3025.0 290.81   0.011142   4.80 209.39 345.52  91205.30
  9.0  3055.0 288.34   0.009391   5.40 180.29 330.14  91500.09
  9.0  3086.0 286.08   0.007691   5.14 185.57 305.19  91536.34
  9.0  3116.0 285.55   0.007612   5.17 169.03 310.43  91631.45
  9.0  3147.0 286.26   0.007468   5.83 207.79 306.10  91548.31
  9.0  3178.0 289.71   0.008033   5.67 260.63 315.05  91294.27
  9.0  3208.0 291.68   0.008364   6.57 288.76 322.95  91101.35
  9.0  3239.0 292.83   0.010371   5.88 266.68 350.53  90884.01
  9.0  3269.0 291.88   0.011942   5.11 220.10 364.73  90675.25
 10.0  3300.0 291.67   0.012166   5.08 180.71 371.65  90692.36
 10.0  3331.0 291.85   0.012057   3.59 208.07 365.51  90844.98
 10.0  3359.0 291.60   0.011880   4.75 227.84 356.22  91045.30
 10.0  3390.0 290.62   0.011167   5.28 197.99 348.14  91234.16
 10.0  3420.0 287.17   0.008684   5.82 180.89 322.64  91473.56
 10.0  3451.0 286.08   0.007452   5.14 195.44 300.14  91562.75
 10.0  3481.0 286.00   0.006976   4.68 200.95 293.66  91562.83
 10.0  3512.0 287.42   0.007330   5.64 225.16 304.66  91584.67
 10.0  3543.0 289.79   0.007367   5.87 272.50 306.18  91333.65
 10.0  3573.0 292.62   0.007344   6.25 319.43 313.77  91093.36
 10.0  3604.0 293.24   0.010478   5.75 264.29 352.46  90885.20
 10.0  3634.0 291.95   0.011934   5.51 188.86 369.84  90680.37
 11.0  3665.0 291.31   0.011372   4.06 221.25 358.26  90931.76
 11.0  3696.0 292.78   0.012371   4.79 239.54 363.53  90879.36
 11.0  3724.0 292.04   0.012157   4.77 211.03 362.28  91114.83
 11.0  3755.0 290.62   0.011569   5.10 166.22 361.12  91216.18
 11.0  3785.0 288.42   0.009405   5.32 189.40 326.34  91381.78
 11.0  3816.0 286.55   0.007416   4.87 204.70 299.14  91469.80
 11.0  3846.0 285.76   0.006915   5.43 203.77 293.43  91575.77
 11.0  3877.0 287.72   0.007527   5.70 230.48 304.77  91574.05
 11.0  3908.0 291.01   0.006692   6.39 306.55 298.18  91326.15
 11.0  3938.0 292.01   0.008908   6.50 277.63 330.29  91159.17
 11.0  3969.0 292.79   0.010788   6.05 271.11 350.52  90995.61
 11.0  3999.0 291.77   0.012447   4.29 181.40 374.18  90843.36
 12.0  4030.0 291.99   0.012217   5.29 190.32 371.07  90759.52
 12.0  4061.0 293.02   0.012769   4.68 228.01 370.45  90799.41
 12.0  4089.0 292.34   0.012579   4.86 212.38 364.84  90976.19
 12.0  4120.0 289.64   0.010651   5.68 171.46 349.71  91231.24
 12.0  4150.0 287.59   0.009008   5.23 176.39 324.48  91487.20
 12.0  4181.0 286.00   0.007602   5.06 190.35 301.00  91521.37
 12.0  4211.0 286.06   0.007576   5.18 194.21 302.55  91605.59
 12.0  4242.0 286.61   0.007574   5.73 214.85 306.39  91528.67
 12.0  4273.0 289.78   0.007736   5.78 263.53 311.30  91365.68
 12.0  4303.0 292.74   0.008326   6.31 301.83 325.22  91143.10
 12.0  4334.0 293.08   0.010287   5.49 284.34 345.52  90967.94
 12.0  4364.0 291.61   0.012082   4.56 210.83 366.37  91013.10
 13.0  4395.0 291.66   0.012379   4.48 191.18 369.80  91021.97
 13.0  4426.0 292.27   0.012685   4.37 211.76 369.67  90923.58
 13.0  4454.0 292.01   0.012476   4.69 213.73 365.81  91027.29
 13.0  4485.0 290.68   0.011257   5.13 195.15 350.37  91262.02
 13.0  4515.0 289.41   0.010127   4.89 189.37 333.36  91346.49
 13.0  4546.0 287.20   0.008645   5.41 162.53 323.02  91600.28
 13.0  4576.0 286.75   0.007863   5.20 195.04 309.41  91572.51
 13.0  4607.0 287.60   0.007543   5.36 226.78 303.78  91556.62
 13.0  4638.0 290.68   0.007354   6.06 277.52 307.58  91323.66
 13.0  4668.0 291.61   0.009044   6.47 264.77 332.55  91223.37
 13.0  4699.0 291.81   0.011504   5.45 252.87 353.47  91003.48
 13.0  4729.0 292.19   0.012573   4.41 224.26 368.00  90874.25
 14.0  4760.0 292.08   0.012412   5.47 195.47 372.01  90794.52
 14.0  4791.0 292.15   0.012728   4.58 204.51 370.80  90926.24
 14.0  4819.0 291.72   0.012104   4.65 220.57 359.35  91098.09
 14.0  4850.0 290.52   0.011407   5.40 176.43 356.77  91262.04
 14.0  4880.0 288.32   0.009529   4.96 194.00 323.43  91376.12
 14.0  4911.0 286.48   0.008122   5.62 178.78 311.99  91545.58
 14.0  4941.0 285.95   0.007669   5.42 180.23 306.76  91673.39
 14.0  4972.0 287.86   0.007660   5.28 224.15 304.50  91472.73
 14.0  5003.0 289.94   0.008014   5.89 264.36 313.48  91265.62
 14.0  5033.0 290.11   0.009341   5.90 249.44 331.95  91215.53
 14.0  5064.0 291.57   0.011099   5.32 247.66 351.14  90932.95
 14.0  5094.0 291.52   0.012244   4.38 199.00 368.50  90865.84
 15.0  5125.0 291.22   0.011897   4.84 177.14 368.08  90758.23
 15.0  5156.0 291.90   0.012255   4.11 200.64 368.87  90997.33
 15.0  5184.0 292.07   0.012146   4.89 238.97 355.23  91043.66
 15.0  5215.0 290.87   0.011706   5.03 177.45 359.61  91132.21
 15.0  5245.0 289.21   0.009841   4.76 196.78 328.56  91316.94
 15.0  5276.0 286.63   0.008427   5.55 168.88 315.47  91584.98
 15.0  5306.0 286.20   0.008025   5.44 176.10 313.17  91601.75
 15.0  5337.0 287.32   0.007597   5.62 226.02 302.94  91495.41
 15.0  5368.0 289.87   0.007643   6.15 265.05 313.31  91363.91
 15.0  5398.0 291.88   0.008794   6.39 284.05 325.48  91117.71
 15.0  5429.0 292.12   0.010566   5.74 251.27 349.59  90975.30
 15.0  5459.0 291.21   0.012380   4.20 153.40 375.69  90930.21
 16.0  5490.0 291.98   0.012060   4.56 200.98 368.59  90776.23
 16.0  5521.0 291.98   0.012249   4.09 210.67 366.67  90835.91
 16.0  5549.0 291.60   0.012013   4.97 206.12 361.90  91120.20
 16.0  5580.0 290.63   0.011333   5.10 175.98 356.81  91293.74
 16.0  5610.0 288.36   0.009490   5.22 174.11 330.91  91426.55
 16.0  5641.0 286.90   0.008227   5.23 185.85 310.41  91502.19
 16.0  5671.0 285.52   0.007514   6.00 185.15 305.20  91641.92
 16.0  5702.0 287.75   0.007913   5.31 229.08 304.47  91514.38
 16.0  5733.0 290.19   0.007832   5.74 263.12 315.82  91354.24
 16.0  5763.0 290.95   0.009553   5.96 259.67 332.43  91197.81
 16.0  5794.0 291.55   0.010938   5.17 231.35 352.77  91074.92
 16.0  5824.0 291.93   0.012227   4.30 206.38 368.55  90904.15
 17.0  5855.0 292.10   0.012208   4.93 187.08 371.64  90802.55
 17.0  5886.0 292.87   0.012506   4.00 229.99 366.93  90860.62
 17.0  5914.0 292.31   0.012482   4.64 220.84 363.17  91090.29
 17.0  5945.0 290.82   0.011485   5.32 190.46 356.51  91234.13
 17.0  5975.0 288.10   0.009485   5.68 167.39 335.57  91453.14
 17.0  6006.0 286.68   0.008258   4.75 172.87 316.00  91420.55
 17.0  6036.0 285.40   0.007035   5.61 199.75 296.85  91577.09
 17.0  6067.0 286.77   0.008051   6.00 195.50 317.28  91649.66
 17.0  6098.0 289.19   0.008222   5.97 247.35 314.72  91422.07
 17.0  6128.0 291.41   0.009788   6.27 261.07 336.46  91132.86
 17.0  6159.0 292.25   0.010934   5.44 260.92 349.12  90970.88
 17.0  6189.0 291.80   0.011926   4.34 204.34 366.49  90737.20
 18.0  6220.0 291.98   0.011929   4.95 205.22 367.26  90851.51
 18.0  6251.0 292.26   0.012541   4.78 202.59 369.23  90845.09
 18.0  6279.0 292.36   0.012555   4.21 216.95 364.07  90957.18
 18.0  6310.0 290.75   0.011454   5.23 189.19 354.53  91128.82
 18.0  6340.0 289.26   0.010352   5.01 170.23 338.14  91318.30
 18.0  6371.0 287.66   0.008940   4.99 181.83 317.53  91482.91
 18.0  6401.0 286.57   0.007535   5.02 206.98 298.94  91382.97
 18.0  6432.0 287.47   0.007928   5.35 221.01 307.15  91365.53
 18.0  6463.0 289.14   0.007503   5.87 261.91 307.84  91346.24
 18.0  6493.0 290.73   0.008899   6.38 261.69 326.92  91241.09
 18.0  6524.0 292.12   0.010323   5.97 271.59 342.53  91043.06
 18.0  6554.0 292.03   0.011798   4.70 219.32 362.80  90945.38
 19.0  6585.0 292.16   0.011986   4.71 230.99 363.03  90866.43
 19.0  6616.0 292.42   0.012360   4.21 188.49 374.06  90779.73
 19.0  6644.0 291.96   0.011616   4.63 236.28 352.94  91070.78
 19.0  6675.0 290.64   0.011431   5.06 175.04 357.19  91210.02
 19.0  6705.0 287.84   0.009126   5.40 195.71 320.59  91398.77
 19.0  6736.0 286.84   0.008409   5.13 169.43 316.24  91625.30
 19.0  6766.0 286.29   0.007999   5.31 176.35 312.94  91665.92
 19.0  6797.0 286.82   0.006981   5.66 232.28 297.15  91661.56
 19.0  6828.0 289.77   0.007580   6.19 257.61 312.90  91446.26
 19.0  6858.0 292.36   0.009012   5.97 270.69 336.52  91174.24
 19.0  6889.0 292.19   0.010975   5.45 269.17 347.97  91143.41
 19.0  6919.0 292.00   0.012215   4.51 204.32 369.18  90942.53
 20.0  6950.0 292.41   0.011951   4.84 233.52 361.93  90914.92
 20.0  6981.0 292.81   0.012929   4.29 220.11 368.93  91016.13
 20.0  7009.0 292.58   0.012643   4.63 211.54 367.53  91004.78
 20.0  7040.0 290.58   0.011550   5.56 168.39 359.64  91320.82
 20.0  7070.0 288.85   0.009010   4.70 220.89 314.80  91336.03
 20.0  7101.0 286.85   0.008007   5.33 191.82 307.19  91492.29
 20.0  7131.0 286.44   0.008293   5.58 161.50 321.58  91562.62
 20.0  7162.0 287.32   0.008315   5.46 199.51 313.97  91504.75
 20.0  7193.0 288.31   0.008427   6.29 228.16 321.48  91469.30
 20.0  7223.0 290.26   0.009172   6.20 238.36 333.79  91205.07
 20.0  7254.0 291.09   0.009938   5.66 251.00 341.31  91118.93
 20.0  7284.0 291.86   0.011858   4.73 236.26 359.39  90878.88
 21.0  7315.0 292.45   0.012344   3.86 231.36 365.47  90825.12
 21.0  7346.0 291.95   0.012313   4.16 208.62 366.58  90850.04
 21.0  7374.0 292.12   0.012005   4.25 233.31 357.93  90944.06
 21.0  7405.0 290.45   0.011372   5.19 160.35 359.50  91156.64
 21.0  7435.0 288.69   0.009442   4.52 194.77 324.70  91325.95
 21.0  7466.0 286.31   0.008111   5.72 170.74 316.28  91565.63
 21.0  7496.0 286.17   0.007439   5.39 194.01 302.72  91537.69
 21.0  7527.0 287.90   0.007195   5.75 233.40 303.73  91389.00
 21.0  7558.0 289.95   0.007168   6.04 283.76 304.64  91370.56
 21.0  7588.0 291.25   0.009374   5.75 266.91 331.69  91106.73
 21.0  7619.0 291.57   0.010588   5.20 263.01 344.79  90953.98
 21.0  7649.0 292.07   0.012010   4.90 209.89 366.52  90760.31
 22.0  7680.0 292.08   0.012140   5.25 188.96 372.05  90714.62
 22.0  7711.0 292.10   0.012092   5.17 199.93 368.68  90726.90
 22.0  7739.0 291.35   0.011981   4.52 183.91 364.99  91065.66
 22.0  7770.0 290.26   0.010578   4.98 215.89 337.73  91292.22
 22.0  7800.0 288.68   0.009770   5.24 174.19 334.93  91382.98
 22.0  7831.0 286.22   0.008051   5.91 167.08 314.89  91669.52
 22.0  7861.0 285.44   0.007456   5.62 169.49 309.94  91662.10
 22.0  7892.0 286.59   0.007621   5.74 197.74 312.66  91661.08
 22.0  7923.0 289.90   0.008159   6.06 258.32 314.92  91368.22
 22.0  7953.0 291.09   0.009515   6.17 244.66 340.90  91104.44
 22.0  7984.0 291.27   0.011678   5.05 216.69 359.22  91050.27
 22.0  8014.0 291.88   0.012145   5.00 233.77 363.42  90936.51
 23.0  8045.0 292.04   0.012548   4.23 202.80 371.19  90840.55
 23.0  8076.0 291.14   0.011553   5.06 196.91 361.47  90885.81
 23.0  8104.0 292.26   0.012512   4.42 214.60 365.20  91129.25
 23.0  8135.0 290.79   0.011450   4.62 179.15 356.60  91242.89
 23.0  8165.0 288.61   0.009499   5.26 190.80 324.67  91470.94
 23.0  8196.0 286.01   0.007665   5.51 185.04 304.47  91548.88
 23.0  8226.0 285.03   0.007221   5.82 163.61 312.83  91712.23
 23.0  8257.0 286.33   0.007208   5.71 222.49 300.26  91595.09
 23.0  8288.0 289.35   0.008633   6.05 233.47 321.13  91515.28
 23.0  8318.0 291.47   0.009222   6.16 272.86 329.29  91201.34
 23.0  8349.0 292.14   0.010677   5.60 247.90 351.61  90982.66
 23.0  8379.0 291.91   0.011765   5.56 219.85 363.26  90840.88
 24.0  8410.0 291.75   0.011978   5.48 174.50 372.70  90806.54
 24.0  8441.0 291.85   0.012054   4.44 189.39 369.15  90862.23
 24.0  8469.0 291.79   0.011986   4.89 214.92 360.66  91116.11
 24.0  8500.0 290.08   0.010903   5.55 177.54 351.97  91275.18
 24.0  8530.0 288.39   0.009573   5.15 175.52 331.09  91414.58
 24.0  8561.0 286.06   0.007711   5.23 189.30 303.59  91530.34
 24.0  8591.0 285.38   0.007388   5.87 168.56 312.62  91658.16
 24.0  8622.0 287.37   0.007780   5.30 223.13 306.02  91435.66
 24.0  8653.0 290.27   0.007859   6.09 278.87 308.26  91333.16
 24.0  8683.0 292.98   0.008071   6.58 301.17 323.67  91182.84
 24.0  8714.0 291.76   0.011144   5.35 214.08 361.23  90977.46
 24.0  8744.0 292.31   0.012506   4.42 225.32 368.53  90867.18
 25.0  8775.0 292.43   0.012436   5.83 200.72 373.14  90681.30
 25.0  8806.0 292.75   0.012245   5.54 234.99 363.44  90901.62
 25.0  8834.0 291.52   0.011966   5.29 208.67 362.44  91121.94
 25.0  8865.0 290.48   0.011246   5.43 186.28 353.02  91278.59
 25.0  8895.0 288.52   0.009605   5.44 180.96 330.10  91492.92
 25.0  8926.0 287.85   0.009156   4.70 170.03 322.27  91468.49
 25.0  8956.0 286.55   0.008052   5.39 175.13 315.12  91636.05
 25.0  8987.0 288.64   0.007852   5.65 239.13 307.66  91457.12
 25.0  9018.0 290.42   0.007429   6.33 278.38 309.88  91331.74
 25.0  9048.0 291.64   0.009438   6.38 262.13 337.71  91190.86
 25.0  9079.0 292.26   0.010847   5.64 267.09 348.32  90965.06
 25.0  9109.0 292.11   0.012015   4.80 224.69 365.43  90820.46
 26.0  9140.0 291.89   0.012309   5.62 185.48 372.79  90678.55
 26.0  9171.0 291.84   0.012222   4.68 214.48 365.90  91045.19
 26.0  9199.0 291.79   0.011980   5.13 217.21 360.09  91110.88
 26.0  9230.0 290.59   0.011377   5.17 182.24 354.45  91208.62
 26.0  9260.0 288.80   0.010041   5.20 167.70 336.71  91426.87
 26.0  9291.0 286.17   0.007880   5.46 179.14 309.87  91618.70
 26.0  9321.0 285.79   0.007883   5.66 166.99 314.62  91707.47
 26.0  9352.0 286.19   0.007250   5.78 213.79 302.50  91705.19
 26.0  9383.0 288.98   0.008131   6.19 232.18 320.74  91489.45
 26.0  9413.0 291.17   0.009751   5.78 260.96 337.92  91149.02
 26.0  9444.0 291.54   0.011185   5.11 237.80 352.23  91036.12
 26.0  9474.0 291.66   0.012232   4.60 213.23 365.56  91000.35
 27.0  9505.0 291.66   0.011644   5.92 200.98 366.65  90786.49
 27.0  9536.0 291.98   0.012280   4.59 234.76 362.52  91137.91
 27.0  9564.0 291.66   0.012243   4.76 205.98 363.84  91001.65
 27.0  9595.0 290.94   0.011767   5.12 178.14 361.51  91245.98
 27.0  9625.0 288.06   0.009163   5.35 190.12 322.12  91390.02
 27.0  9656.0 286.77   0.008575   5.34 165.73 319.85  91608.29
 27.0  9686.0 285.54   0.007618   6.07 177.65 308.60  91763.94
 27.0  9717.0 286.65   0.007648   5.56 207.16 311.48  91608.33
 27.0  9748.0 289.57   0.008063   6.30 250.05 317.25  91344.60
 27.0  9778.0 291.66   0.009216   6.37 269.42 335.32  91174.37
 27.0  9809.0 291.43   0.011052   5.94 220.07 357.33  91100.97
 27.0  9839.0 292.09   0.012412   4.94 229.14 365.38  90900.18
 28.0  9870.0 291.81   0.012589   4.51 178.07 373.51  90946.08
 28.0  9901.0 292.00   0.012680   4.38 191.53 372.91  90855.44
 28.0  9929.0 291.92   0.012594   4.33 193.48 370.23  91130.49
 28.0  9960.0 289.74   0.010727   5.68 176.66 350.65  91289.87
 28.0  9990.0 287.39   0.008914   5.24 175.21 324.04  91504.59
 28.0 10021.0 286.53   0.008379   5.20 160.93 320.49  91563.49
 28.0 10051.0 285.86   0.007713   5.70 180.78 311.21  91620.77
 28.0 10082.0 286.64   0.007399   5.42 220.39 305.61  91446.55
 28.0 10113.0 290.07   0.008138   5.92 272.04 311.60  91170.24
 28.0 10143.0 291.66   0.009101   5.94 281.35 326.71  90995.50
 28.0 10174.0 291.62   0.011473   5.12 221.18 358.37  90922.16
 28.0 10204.0 291.83   0.011776   5.08 224.10 361.93  90714.73
 29.0 10235.0 291.10   0.012026   4.95 157.31 372.67  90765.29
 29.0 10266.0 291.72   0.012186   4.53 176.48 370.77  90692.88
 29.0 10294.0 291.37   0.012069   4.29 194.58 363.00  90924.81
 29.0 10325.0 290.64   0.011569   5.25 165.84 360.88  91081.43
 29.0 10355.0 288.18   0.009432   5.26 180.30 326.90  91385.81
 29.0 10386.0 285.89   0.007954   5.82 173.14 312.38  91604.83
 29.0 10416.0 285.71   0.008009   5.68 157.18 320.55  91603.96
 29.0 10447.0 286.76   0.007833   5.34 213.30 308.62  91401.60
 29.0 10478.0 289.65   0.007866   5.70 280.25 303.87  91232.42
 29.0 10508.0 292.68   0.008232   6.02 297.39 325.46  90971.22
 29.0 10539.0 292.54   0.010157   5.78 272.15 344.35  90941.93
 29.0 10569.0 291.59   0.011930   4.36 223.88 360.14  90813.49
 30.0 10600.0 291.57   0.012119   4.09 212.58 363.96  90875.48
 30.0 10631.0 291.63   0.012073   3.92 199.06 366.04  90823.73
 30.0 10659.0 291.77   0.012215   4.64 223.73 360.61  90956.68
 30.0 10690.0 290.51   0.011483   5.48 180.50 358.93  91179.44
 30.0 10720.0 288.16   0.009443   5.10 165.56 335.38  91489.44
 30.0 10751.0 286.34   0.008500   5.30 153.02 323.22  91654.66
 30.0 10781.0 285.47   0.007583   5.50 177.12 309.54  91729.79
 30.0 10812.0 286.50   0.007163   5.66 229.27 297.23  91686.34
 30.0 10843.0 289.64   0.007324   6.20 280.00 305.90  91371.20
 30.0 10873.0 292.86   0.008630   6.44 304.73 324.96  91092.79
 30.0 10904.0 291.93   0.012160   5.03 215.83 364.77  90875.72
 30.0 10934.0 291.84   0.012503   4.43 198.33 368.42  90925.78
 31.0 10965.0 292.13   0.012850   4.54 177.05 377.92  90817.21
 31.0 10996.0 292.19   0.012669   4.19 196.01 372.99  90893.60
 31.0 11024.0 291.29   0.012345   4.08 164.63 371.45  90993.90
 31.0 11055.0 289.97   0.010926   5.22 172.51 351.42  91316.68
 31.0 11085.0 288.11   0.009439   5.61 172.40 334.44  91527.83
 31.0 11116.0 286.23   0.007937   4.77 174.16 311.63  91582.98
 31.0 11146.0 285.72   0.007482   5.24 175.49 311.44  91548.55
 31.0 11177.0 287.25   0.007741   5.69 209.09 313.03  91528.71
 31.0 11208.0 290.07   0.007430   6.06 278.73 306.30  91356.38
 31.0 11238.0 292.65   0.008976   6.47 300.30 326.33  90940.45
 31.0 11269.0 293.09   0.010389   5.74 296.90 344.78  90907.49
 31.0 11299.0 292.00   0.012109   4.49 221.58 366.13  90862.95
 32.0 11330.0 291.96   0.012238   4.14 212.31 368.17  90820.57
 32.0 11361.0 291.58   0.012046   4.67 176.76 369.52  90809.88
 32.0 11389.0 291.71   0.012410   3.86 190.70 368.33  90884.56
 32.0 11420.0 290.25   0.011298   5.14 156.89 361.03  91159.75
 32.0 11450.0 288.19   0.009302   5.05 186.17 324.69  91309.91
 32.0 11481.0 285.97   0.008082   5.52 163.93 315.55  91554.86
 32.0 11511.0 284.59   0.007343   5.80 160.67 312.27  91561.83
 32.0 11542.0 286.17   0.007808   5.67 191.88 314.22  91548.27
 32.0 11573.0 288.29   0.007660   5.05 257.11 306.26  91314.04
 32.0 11603.0 291.12   0.008952   6.13 280.69 326.10  91096.51
 32.0 11634.0 293.00   0.010896   5.36 278.58 346.28  90872.79
 32.0 11664.0 291.43   0.011950   4.77 196.40 365.00  90807.20
 33.0 11695.0 291.30   0.011798   4.87 189.82 366.05  90729.59
 33.0 11726.0 291.60   0.011919   5.33 202.25 364.85  90691.20
 33.0 11754.0 291.03   0.011737   4.97 204.83 357.99  91086.00
 33.0 11785.0 290.65   0.011215   5.05 194.13 351.00  91256.07
 33.0 11815.0 288.43   0.009567   5.08 184.22 326.91  91438.87
 33.0 11846.0 285.61   0.007991   5.66 161.47 317.32  91617.59
 33.0 11876.0 285.80   0.007827   5.58 173.91 313.64  91728.95
 33.0 11907.0 286.42   0.007539   5.43 195.21 311.27  91584.94
 33.0 11938.0 288.87   0.007815   6.14 255.55 312.03  91441.85
 33.0 11968.0 291.74   0.008201   6.21 298.83 320.08  91163.48
 33.0 11999.0 292.35   0.011490   5.28 240.62 358.72  90799.41
 33.0 12029.0 291.31   0.012019   4.63 195.03 366.26  90965.77
 34.0 12060.0 291.20   0.012379   4.22 164.40 373.96  90856.46
 34.0 12091.0 291.84   0.012259   5.59 200.68 367.40  90744.74
 34.0 12119.0 292.29   0.012527   4.26 223.25 362.61  90921.02
 34.0 12150.0 290.51   0.011411   4.95 168.99 357.87  91215.47
 34.0 12180.0 288.33   0.009578   5.18 173.95 334.68  91468.94
 34.0 12211.0 287.27   0.008585   4.63 178.67 313.78  91501.95
 34.0 12241.0 286.29   0.008162   5.33 175.26 316.99  91458.31
 34.0 12272.0 286.96   0.007912   5.21 219.32 305.08  91548.27
 34.0 12303.0 289.71   0.007481   5.86 279.55 306.22  91302.85
 34.0 12333.0 292.00   0.008657   6.49 295.72 325.59  91108.98
 34.0 12364.0 292.49   0.009801   5.98 276.72 339.36  91005.38
 34.0 12394.0 292.38   0.011962   5.22 211.26 370.43  90797.63
 35.0 12425.0 291.70   0.012074   4.36 196.30 370.08  90835.77
 35.0 12456.0 291.93   0.012130   4.08 211.85 363.76  90857.99
 35.0 12484.0 291.63   0.012173   4.63 199.61 365.23  90969.05
 35.0 12515.0 289.98   0.010924   5.39 169.10 353.26  91272.34
 35.0 12545.0 287.91   0.009008   5.14 189.87 322.67  91430.02
 35.0 12576.0 286.31   0.008097   5.23 170.35 316.37  91554.58
 35.0 12606.0 284.63   0.007010   6.07 182.07 299.43  91674.91
 35.0 12637.0 287.16   0.007750   5.32 215.79 307.12  91502.17
 35.0 12668.0 289.60   0.008876   5.91 240.82 325.26  91294.87
 35.0 12698.0 290.85   0.009492   6.23 249.27 334.87  91144.69
 35.0 12729.0 292.41   0.010774   5.44 269.68 346.90  90933.66
 35.0 12759.0 292.55   0.011949   4.85 239.20 364.21  90769.31
 36.0 12790.0 291.85   0.011700   6.17 191.07 368.77  90614.64
 36.0 12821.0 291.57   0.012015   4.78 181.86 369.60  90737.98
 36.0 12849.0 291.79   0.011954   5.28 225.96 357.89  90968.73
 36.0 12880.0 290.24   0.011330   5.48 150.90 364.66  91206.69
 36.0 12910.0 287.93   0.009133   5.22 188.72 321.02  91386.04
 36.0 12941.0 287.03   0.008205   4.77 184.59 312.59  91417.59
 36.0 12971.0 285.99   0.007564   5.38 180.77 307.76  91658.46
 36.0 13002.0 287.63   0.007570   5.46 231.70 304.00  91458.09
 36.0 13033.0 289.56   0.007443   6.23 277.66 303.82  91425.02
 36.0 13063.0 291.59   0.008416   6.75 291.55 323.37  91166.80
 36.0 13094.0 291.89   0.010383   5.34 245.57 347.96  90977.69
 36.0 13124.0 291.31   0.011786   4.39 203.50 364.55  90939.24
 37.0 13155.0 292.02   0.012158   5.05 197.16 367.58  90881.01
 37.0 13186.0 292.12   0.012440   3.76 199.91 369.86  90889.91
 37.0 13214.0 291.49   0.012127   4.75 175.82 369.07  91069.80
 37.0 13245.0 289.85   0.011081   5.73 145.32 362.17  91287.66
 37.0 13275.0 287.81   0.009094   5.63 176.49 331.53  91378.28
 37.0 13306.0 285.62   0.007419   5.41 181.91 303.67  91652.75
 37.0 13336.0 285.38   0.007842   5.95 148.17 323.66  91755.15
 37.0 13367.0 286.54   0.007700   5.39 213.21 307.81  91573.46
 37.0 13398.0 289.29   0.008231   5.71 251.64 315.95  91380.59
 37.0 13428.0 291.64   0.008585   6.38 275.58 327.63  91253.98
 37.0 13459.0 292.38   0.011072   5.83 243.85 353.10  90901.16
 37.0 13489.0 291.83   0.012099   4.97 209.73 369.01  90862.87
 38.0 13520.0 291.62   0.012324   4.49 196.64 368.48  90871.07
 38.0 13551.0 291.77   0.012005   5.05 214.35 364.88  90929.81
 38.0 13579.0 291.93   0.012123   4.42 230.22 359.14  90977.38
 38.0 13610.0 290.23   0.011077   5.47 173.24 354.98  91173.49
 38.0 13640.0 287.56   0.008539   4.68 198.38 315.43  91408.84
 38.0 13671.0 286.57   0.007399   4.86 202.91 297.09  91443.47
 38.0 13701.0 286.03   0.007453   5.33 195.02 302.26  91546.27
 38.0 13732.0 287.03   0.007079   5.73 226.08 300.10  91547.16
 38.0 13763.0 289.25   0.007739   6.21 265.97 308.80  91301.79
 38.0 13793.0 291.03   0.008923   6.09 277.14 327.65  91200.26
 38.0 13824.0 292.19   0.009654   5.81 270.13 339.76  91126.54
 38.0 13854.0 292.39   0.011563   4.35 232.49 360.67  90800.41
 39.0 13885.0 291.42   0.012033   4.85 178.73 370.38  90729.25
 39.0 13916.0 291.76   0.011910   4.00 206.69 364.87  90881.33
 39.0 13944.0 290.89   0.011667   4.76 182.31 363.72  91106.56
 39.0 13975.0 289.65   0.010579   5.27 178.68 349.76  91323.60
 39.0 14005.0 288.45   0.009709   5.50 171.06 336.05  91455.16
 39.0 14036.0 286.75   0.008181   4.86 177.47 312.91  91626.98
 39.0 14066.0 285.86   0.007879   5.37 167.62 314.28  91668.67
 39.0 14097.0 286.93   0.008209   5.35 202.14 314.64  91524.55
 39.0 14128.0 289.05   0.007834   6.02 259.16 311.27  91405.95
 39.0 14158.0 291.51   0.009530   6.23 263.99 337.20  91091.18
 39.0 14189.0 291.52   0.011259   5.52 218.59 360.74  91084.30
 39.0 14219.0 291.48   0.011780   5.03 234.93 359.99  91061.06
 40.0 14250.0 292.07   0.012720   4.44 193.51 375.49  90825.30
 40.0 14281.0 292.25   0.012800   5.30 171.80 377.98  90704.65
 40.0 14309.0 292.54   0.012841   4.56 217.26 366.43  91037.95
 40.0 14340.0 291.41   0.012240   5.11 164.30 368.10  91205.80
 40.0 14370.0 288.16   0.009192   5.37 195.03 324.67  91489.86
 40.0 14401.0 286.22   0.008352   5.18 159.79 320.19  91587.24
 40.0 14431.0 285.83   0.008017   5.53 175.49 313.78  91565.72
 40.0 14462.0 286.93   0.007942   5.45 218.70 305.44  91540.30
 40.0 14493.0 289.27   0.008367   6.06 250.65 315.30  91466.66
 40.0 14523.0 292.33   0.008498   6.31 299.70 323.73  91112.70
 40.0 14554.0 291.89   0.011483   5.39 233.57 358.50  90972.36
 40.0 14584.0 291.28   0.011897   4.56 205.90 363.46  91011.96
 41.0 14615.0 291.54   0.012680   3.90 169.99 376.16  90831.70
 41.0 14646.0 292.15   0.012499   4.40 191.26 370.90  90721.00
 41.0 14674.0 291.85   0.012570   4.40 193.50 368.23  90983.18
 41.0 14705.0 290.61   0.011668   5.21 164.55 362.14  91183.59
 41.0 14735.0 287.57   0.009129   5.32 169.99 329.25  91455.88
 41.0 14766.0 286.57   0.008348   4.82 177.53 313.62  91480.10
 41.0 14796.0 286.54   0.008283   4.70 172.72 315.73  91528.07
 41.0 14827.0 286.79   0.007457   4.98 230.19 297.03  91541.44
 41.0 14858.0 289.86   0.007369   6.43 285.65 302.90  91337.91
 41.0 14888.0 290.92   0.009206   6.33 260.21 331.23  91086.11
 41.0 14919.0 290.99   0.010449   5.20 257.50 338.39  91037.19
 41.0 14949.0 292.83   0.011061   5.36 271.24 353.14  91006.73
 42.0 14980.0 292.63   0.011489   4.37 237.53 360.49  90857.94
 42.0 15011.0 293.00   0.012044   4.91 235.69 362.94  90717.09
 42.0 15039.0 291.78   0.011964   5.03 218.52 359.20  91044.06
 42.0 15070.0 290.37   0.011111   5.37 184.30 353.62  91263.16
 42.0 15100.0 288.40   0.008966   4.81 203.39 321.07  91279.23
 42.0 15131.0 286.26   0.008127   5.58 140.36 328.40  91606.43
 42.0 15161.0 286.00   0.007288   5.60 189.92 304.53  91616.51
 42.0 15192.0 287.34   0.007523   5.97 212.14 310.76  91489.99
 42.0 15223.0 289.06   0.007310   6.04 253.17 313.51  91450.26
 42.0 15253.0 291.87   0.008140   6.20 277.90 324.61  91183.12
 42.0 15284.0 292.95   0.010845   5.14 257.36 353.55  90925.77
 42.0 15314.0 292.12   0.011836   4.72 207.32 366.02  90826.88
 43.0 15345.0 292.41   0.012010   4.83 204.78 370.99  90769.29
 43.0 15376.0 292.32   0.012346   4.24 187.92 373.32  90915.55
 43.0 15404.0 292.31   0.012040   4.60 219.54 362.64  91018.15
 43.0 15435.0 291.48   0.011717   5.40 191.38 357.64  91187.34
 43.0 15465.0 289.16   0.009984   5.63 165.89 340.42  91395.90
 43.0 15496.0 287.00   0.008301   5.95 177.78 317.13  91539.03
 43.0 15526.0 286.51   0.007851   5.84 182.73 315.02  91473.65
 43.0 15557.0 287.23   0.007566   5.74 213.20 308.96  91452.90
 43.0 15588.0 290.52   0.007768   6.26 274.42 312.11  91351.00
 43.0 15618.0 291.89   0.008247   6.50 276.99 329.03  91192.04
 43.0 15649.0 293.16   0.010513   5.98 275.91 350.31  90905.91
 43.0 15679.0 291.46   0.011832   4.44 199.02 367.14  90876.62
 44.0 15710.0 292.07   0.011902   5.73 206.18 367.64  90629.54
 44.0 15741.0 292.52   0.012168   5.09 240.45 362.85  90888.77
 44.0 15769.0 292.06   0.012061   5.41 219.66 361.11  90908.03
 44.0 15800.0 290.25   0.011053   5.37 177.53 353.37  91252.29
 44.0 15830.0 288.35   0.009456   5.38 181.06 328.01  91365.96
 44.0 15861.0 286.57   0.008151   4.87 173.93 313.74  91532.75
 44.0 15891.0 285.95   0.007559   5.40 187.69 304.71  91597.94
 44.0 15922.0 286.87   0.006826   5.75 242.04 293.13  91531.41
 44.0 15953.0 290.41   0.007602   6.04 276.23 310.00  91195.47
 44.0 15983.0 290.46   0.008904   6.38 269.99 323.59  91163.39
 44.0 16014.0 291.55   0.010972   5.75 237.24 352.43  91017.61
 44.0 16044.0 291.56   0.011643   4.65 204.96 365.96  90865.30
 45.0 16075.0 291.72   0.012202   4.10 196.98 368.97  90786.91
 45.0 16106.0 291.95   0.012083   4.48 221.56 363.94  90931.49
 45.0 16134.0 290.85   0.011769   4.88 165.64 367.91  91029.20
 45.0 16165.0 289.09   0.009923   5.42 197.27 338.08  91343.98
 45.0 16195.0 288.17   0.009242   5.08 189.85 325.16  91386.88
 45.0 16226.0 287.40   0.008272   4.49 191.29 309.08  91411.53
 45.0 16256.0 285.85   0.007240   5.13 208.71 295.59  91483.41
 45.0 16287.0 287.07   0.007040   5.76 244.02 296.11  91545.66
 45.0 16318.0 289.58   0.008303   6.13 237.04 321.72  91301.63
 45.0 16348.0 291.39   0.008892   6.01 280.99 324.18  91066.57
 45.0 16379.0 291.53   0.010500   5.47 236.82 349.09  91028.09
 45.0 16409.0 291.53   0.012234   4.44 178.10 371.96  90806.84
 46.0 16440.0 292.01   0.012238   5.44 193.51 372.32  90655.70
 46.0 16471.0 292.16   0.012042   5.19 202.42 366.60  90873.10
 46.0 16499.0 292.37   0.012417   4.41 226.77 363.15  90907.35
 46.0 16530.0 291.03   0.011678   5.14 186.39 358.74  91141.88
 46.0 16560.0 288.48   0.009488   5.34 183.10 328.58  91415.27
 46.0 16591.0 287.77   0.008572   4.41 198.40 310.30  91374.88
 46.0 16621.0 286.27   0.008027   5.42 166.13 313.74  91572.59
 46.0 16652.0 286.13   0.007585   5.58 197.97 305.85  91570.79
 46.0 16683.0 288.42   0.008825   5.62 211.12 328.23  91411.96
 46.0 16713.0 291.07   0.009945   6.05 248.20 339.15  91130.28
 46.0 16744.0 292.26   0.010581   5.65 275.41 343.65  91036.77
 46.0 16774.0 291.43   0.011616   4.88 238.34 356.49  91009.18
 47.0 16805.0 291.70   0.012138   5.00 198.87 369.16  90826.59
 47.0 16836.0 292.34   0.012196   5.00 215.46 366.00  90823.27
 47.0 16864.0 292.19   0.012363   4.54 220.76 363.28  91034.66
 47.0 16895.0 290.66   0.011277   4.86 196.15 350.70  91178.13
 47.0 16925.0 289.31   0.010520   5.07 169.17 342.11  91327.14
 47.0 16956.0 286.15   0.007816   5.19 190.87 305.45  91491.04
 47.0 16986.0 286.08   0.007285   4.87 201.42 296.83  91555.75
 47.0 17017.0 286.70   0.007168   5.43 231.93 296.85  91476.96
 47.0 17048.0 290.48   0.008276   6.03 261.08 318.75  91249.73
 47.0 17078.0 290.88   0.009800   6.10 244.97 338.35  91170.64
 47.0 17109.0 291.62   0.011468   5.00 234.38 354.60  90962.34
 47.0 17139.0 291.74   0.012001   4.74 231.63 360.07  91009.55
 48.0 17170.0 291.77   0.011998   5.72 205.15 365.87  90695.24
 48.0 17201.0 291.93   0.012275   4.71 215.19 366.60  90829.99
 48.0 17229.0 291.76   0.012144   4.70 219.81 360.06  91114.67
 48.0 17260.0 289.60   0.010451   5.55 193.37 344.62  91294.56
 48.0 17290.0 287.53   0.008295   5.12 201.13 314.54  91519.15
 48.0 17321.0 286.82   0.007650   5.43 181.55 310.22  91566.12
 48.0 17351.0 285.09   0.007069   6.47 180.17 307.43  91776.00
 48.0 17382.0 287.06   0.007505   5.53 213.37 307.75  91534.55
 48.0 17413.0 290.32   0.007537   6.27 282.21 305.62  91277.02
 48.0 17443.0 292.16   0.008934   6.52 278.06 333.38  91199.20
 48.0 17474.0 291.76   0.011619   5.16 215.03 363.12  91040.61
 48.0 17504.0 292.34   0.012053   4.78 249.46 360.63  90966.34
 49.0 17535.0 292.64   0.012464   4.78 250.04 363.69  90995.14
 49.0 17566.0 292.60   0.012961   4.04 195.85 376.59  90848.57
 49.0 17594.0 291.88   0.012347   4.62 176.05 370.28  91054.50
 49.0 17625.0 290.53   0.011178   5.72 178.64 358.34  91320.23
 49.0 17655.0 288.28   0.009256   5.36 191.53 326.63  91586.67
 49.0 17686.0 287.47   0.008756   5.08 174.28 320.26  91592.30
 49.0 17716.0 286.20   0.007648   5.69 179.23 311.31  91832.88
 49.0 17747.0 286.86   0.007924   5.54 201.88 312.39  91662.42
 49.0 17778.0 288.84   0.007771   5.76 255.77 308.95  91323.59
 49.0 17808.0 291.28   0.008425   6.43 278.44 323.34  91163.03
 49.0 17839.0 291.74   0.011167   5.23 228.60 355.34  91065.27
 49.0 17869.0 291.73   0.012425   4.60 208.80 367.23  90997.58
 50.0 17900.0 291.48   0.011972   4.21 191.11 368.14  90958.22
 50.0 17931.0 292.27   0.012652   4.56 225.81 364.96  90928.15
 50.0 17959.0 292.04   0.012514   4.50 201.31 367.78  90981.46
 50.0 17990.0 290.81   0.011412   5.28 195.87 353.20  91219.12
 50.0 18020.0 288.35   0.009427   5.30 186.19 327.51  91426.86
 50.0 18051.0 286.13   0.008148   5.72 165.49 316.78  91609.02
 50.0 18081.0 285.93   0.007904   5.25 156.04 318.86  91607.13
 50.0 18112.0 286.79   0.007465   5.46 222.35 301.95  91529.21
 50.0 18143.0 291.21   0.007594   5.99 292.76 307.62  91241.94
 50.0 18173.0 291.91   0.008927   6.27 283.31 326.55  91167.71
 50.0 18204.0 291.58   0.011073   5.05 233.71 354.23  91120.38
 50.0 18234.0 291.60   0.011724   4.46 206.66 364.63  90934.36
 51.0 18265.0 291.90   0.012387   4.12 206.03 368.62  90955.10
 51.0 18296.0 292.42   0.012386   4.56 228.05 366.04  90841.48
 51.0 18324.0 291.42   0.012353   4.46 180.10 369.64  91017.95
 51.0 18355.0 290.82   0.011561   5.13 173.52 357.69  91175.05
 51.0 18385.0 288.36   0.009175   5.15 196.86 322.77  91456.66
 51.0 18416.0 285.70   0.007663   5.60 174.46 307.26  91625.75
 51.0 18446.0 285.51   0.007433   5.71 180.09 306.37  91572.22
 51.0 18477.0 286.31   0.007385   5.72 198.99 312.31  91527.04
 51.0 18508.0 289.92   0.007306   6.01 279.30 307.12  91391.48
 51.0 18538.0 291.93   0.009248   6.34 279.31 329.27  91136.88
 51.0 18569.0 292.07   0.011222   5.12 229.75 358.43  90916.17
 51.0 18599.0 291.82   0.012268   4.32 194.48 371.12  90813.03
 52.0 18630.0 292.31   0.011994   4.82 205.84 366.12  90693.84
 52.0 18661.0 292.12   0.012425   4.14 198.46 371.73  90853.84
 52.0 18689.0 291.85   0.012306   4.38 205.13 363.90  90988.95
 52.0 18720.0 291.13   0.011773   5.11 185.67 359.26  91044.86
 52.0 18750.0 288.16   0.009691   5.46 154.38 338.32  91445.74
 52.0 18781.0 286.33   0.008212   5.32 169.56 317.64  91582.88
 52.0 18811.0 286.04   0.007806   5.21 186.79 308.67  91513.87
 52.0 18842.0 286.39   0.007564   5.41 201.90 308.95  91577.27
 52.0 18873.0 288.69   0.007333   5.68 265.55 304.34  91351.35
 52.0 18903.0 292.51   0.006991   6.76 331.63 307.76  91099.27
 52.0 18934.0 292.31   0.009633   5.96 284.03 339.20  90967.00
 52.0 18964.0 291.39   0.011353   5.12 235.27 353.59  90946.59
 53.0 18995.0 291.31   0.011841   4.16 209.53 365.05  90844.67
 53.0 19026.0 291.60   0.011627   4.71 248.59 354.26  91007.83
 53.0 19054.0 292.01   0.011880   4.60 239.20 353.97  90931.30
 53.0 19085.0 290.99   0.011598   4.72 190.40 355.84  91159.56
 53.0 19115.0 288.87   0.010136   5.45 153.40 343.78  91424.45
 53.0 19146.0 286.70   0.008160   5.29 179.32 312.23  91613.66
 53.0 19176.0 285.60   0.007209   5.57 185.37 303.85  91746.34
 53.0 19207.0 287.17   0.006844   5.83 228.44 300.90  91613.97
 53.0 19238.0 288.30   0.006628   6.39 277.83 296.39  91485.12
 53.0 19268.0 291.79   0.008377   6.37 300.99 320.18  91175.37
 53.0 19299.0 292.36   0.009924   5.85 261.51 344.08  91136.20
 53.0 19329.0 292.00   0.012101   4.57 212.28 364.82  90975.45
 54.0 19360.0 292.41   0.012456   4.37 210.54 370.44  90844.87
 54.0 19391.0 292.54   0.012650   4.75 218.83 368.59  91044.34
 54.0 19419.0 292.24   0.012423   4.11 208.82 365.08  91067.70
 54.0 19450.0 290.53   0.011551   5.39 155.98 364.11  91270.70
 54.0 19480.0 288.80   0.009654   5.39 187.52 329.85  91444.06
 54.0 19511.0 286.34   0.008260   5.76 157.15 323.64  91608.50
 54.0 19541.0 286.00   0.007799   5.54 172.36 316.35  91559.33
 54.0 19572.0 286.29   0.007012   6.16 241.13 294.96  91602.71
 54.0 19603.0 289.65   0.007706   5.84 262.88 313.11  91377.61
 54.0 19633.0 291.87   0.008802   6.40 286.40 326.32  91216.82
 54.0 19664.0 293.31   0.009570   5.63 307.01 336.23  90941.59
 54.0 19694.0 291.79   0.011484   4.98 194.66 367.37  90743.70
 55.0 19725.0 291.93   0.012149   4.54 206.88 369.35  90850.45
 55.0 19756.0 291.68   0.012020   3.58 185.60 367.61  90883.55
 55.0 19784.0 292.20   0.012191   4.29 228.96 360.39  90921.70
 55.0 19815.0 290.93   0.011445   5.38 185.84 357.19  91199.83
 55.0 19845.0 288.41   0.009551   5.08 169.08 332.45  91365.64
 55.0 19876.0 286.46   0.007649   5.73 194.37 305.96  91582.10
 55.0 19906.0 285.41   0.007571   5.89 162.47 314.61  91570.88
 55.0 19937.0 287.27   0.007736   5.20 222.83 305.34  91508.59
 55.0 19968.0 290.54   0.007531   6.06 282.35 306.54  91322.51
 55.0 19998.0 291.60   0.009661   6.39 261.06 336.80  91161.38
 55.0 20029.0 291.67   0.010827   5.54 265.20 343.92  90998.75
 55.0 20059.0 291.86   0.012309   4.36 208.57 367.02  90767.86
 56.0 20090.0 292.11   0.012192   5.41 202.33 369.65  90667.30
 56.0 20121.0 291.78   0.012135   5.88 186.81 370.84  90660.89
 56.0 20149.0 291.57   0.011904   4.32 204.54 360.80  90998.98
 56.0 20180.0 290.86   0.011409   4.99 196.50 350.33  91192.10
 56.0 20210.0 289.06   0.009976   4.97 191.44 328.75  91272.55
 56.0 20241.0 286.32   0.007874   5.33 174.92 313.18  91523.99
 56.0 20271.0 286.07   0.007825   5.20 182.29 309.70  91517.79
 56.0 20302.0 285.62   0.007207   5.55 203.94 303.63  91472.20
 56.0 20333.0 290.34   0.007642   6.30 288.03 306.31  91261.91
 56.0 20363.0 291.39   0.008981   5.92 261.09 330.21  91071.09
 56.0 20394.0 291.64   0.011306   5.28 244.89 349.74  91054.91
 56.0 20424.0 291.01   0.011814   4.57 191.61 366.32  90933.02
 57.0 20455.0 291.26   0.011720   5.12 189.76 365.05  90786.23
 57.0 20486.0 291.84   0.012389   4.10 196.06 369.42  90849.94
 57.0 20514.0 291.71   0.012032   4.34 227.79 357.45  90990.91
 57.0 20545.0 289.91   0.011286   5.47 152.98 361.99  91188.48
 57.0 20575.0 287.67   0.009202   5.48 183.14 327.27  91404.56
 57.0 20606.0 285.84   0.007993   5.71 164.53 317.10  91613.77
 57.0 20636.0 284.99   0.007461   5.49 162.23 312.41  91700.53
 57.0 20667.0 287.28   0.007532   5.31 237.24 297.57  91474.72
 57.0 20698.0 288.80   0.008435   5.91 231.21 319.87  91335.18
 57.0 20728.0 291.09   0.008682   6.03 280.72 321.81  91143.62
 57.0 20759.0 292.10   0.010317   5.74 267.82 343.79  91040.17
 57.0 20789.0 291.80   0.012055   4.34 217.31 365.47  90846.70
 58.0 20820.0 291.52   0.012182   3.89 178.43 371.07  90833.11
 58.0 20851.0 292.18   0.012308   4.62 195.62 369.01  90856.48
 58.0 20879.0 291.98   0.012405   4.50 217.20 362.20  90993.24
 58.0 20910.0 290.53   0.011424   5.10 172.84 357.60  91155.09
 58.0 20940.0 288.40   0.009453   4.95 186.03 328.21  91382.18
 58.0 20971.0 286.12   0.008071   5.25 174.58 312.44  91514.37
 58.0 21001.0 286.09   0.007982   5.72 173.79 313.39  91659.44
 58.0 21032.0 287.12   0.007732   5.57 209.02 310.45  91659.04
 58.0 21063.0 289.73   0.008251   5.83 253.22 317.86  91268.16
 58.0 21093.0 291.29   0.009104   6.07 274.61 329.03  91131.75
 58.0 21124.0 292.36   0.010628   5.71 264.88 348.99  91025.39
 58.0 21154.0 292.36   0.011759   5.25 240.89 361.28  90912.09
 59.0 21185.0 292.20   0.012331   4.81 195.74 371.90  90791.10
 59.0 21216.0 292.73   0.012291   5.35 227.58 368.40  90839.70
 59.0 21244.0 291.95   0.012443   4.35 179.22 371.14  90959.00
 59.0 21275.0 290.89   0.012023   4.99 142.54 370.14  91224.82
 59.0 21305.0 289.00   0.010173   5.22 169.20 339.15  91365.91
 59.0 21336.0 286.06   0.007839   5.56 181.46 304.65  91654.91
 59.0 21366.0 285.64   0.007273   5.28 188.69 302.30  91637.16
 59.0 21397.0 287.16   0.007238   5.34 236.60 297.45  91451.03
 59.0 21428.0 290.30   0.007716   5.93 277.71 309.79  91228.08
 59.0 21458.0 292.74   0.007789   5.67 299.62 320.44  91053.07
 59.0 21489.0 292.30   0.010345   5.93 258.31 347.72  91018.67
 59.0 21519.0 292.03   0.011952   5.17 195.48 368.43  90826.98
 60.0 21550.0 291.80   0.011642   4.43 202.11 363.61  90887.79
 60.0 21581.0 291.59   0.011977   4.54 178.81 369.99  90884.88
 60.0 21609.0 291.46   0.012128   4.49 192.41 364.80  91125.68
 60.0 21640.0 290.52   0.011537   5.36 158.68 364.28  91254.41
 60.0 21670.0 288.59   0.009751   5.42 184.75 330.38  91397.65
 60.0 21701.0 286.71   0.008408   5.12 172.92 314.63  91531.72
 60.0 21731.0 286.01   0.007771   5.83 162.50 316.28  91658.37
 60.0 21762.0 286.60   0.008123   5.74 185.02 321.41  91665.66
 60.0 21793.0 288.44   0.007890   6.08 263.22 307.77  91388.61
 60.0 21823.0 291.40   0.008443   6.52 292.48 319.80  91135.30
 60.0 21854.0 291.91   0.010826   5.81 257.22 347.10  91069.47
 60.0 21884.0 291.80   0.011830   4.53 226.14 361.00  90856.62
 61.0 21915.0 292.11   0.012759   4.28 198.33 374.16  90914.62
 61.0 21946.0 291.69   0.012468   4.52 173.24 373.60  90881.56
 61.0 21974.0 292.21   0.012247   4.58 237.08 356.11  91059.41
 61.0 22005.0 290.78   0.011206   4.87 206.27 348.62  91077.28
 61.0 22035.0 288.74   0.009651   5.07 181.01 332.58  91428.87
 61.0 22066.0 288.19   0.008737   4.76 187.27 318.89  91536.55
 61.0 22096.0 286.71   0.007803   5.38 194.75 306.42  91527.31
 61.0 22127.0 287.48   0.007573   5.30 228.39 301.37  91526.48
 61.0 22158.0 288.65   0.007404   6.02 253.15 310.27  91443.23
 61.0 22188.0 290.42   0.008990   6.30 252.93 332.35  91262.79
 61.0 22219.0 292.06   0.010973   5.69 251.62 352.42  91091.14
 61.0 22249.0 292.08   0.011956   5.50 226.99 363.39  90959.84
 62.0 22280.0 291.73   0.011894   4.52 217.95 361.09  90851.32
 62.0 22311.0 292.68   0.012725   4.20 221.98 369.73  90923.71
 62.0 22339.0 291.90   0.012567   4.67 191.46 369.49  91008.25
 62.0 22370.0 290.01   0.011048   5.79 155.31 359.84  91345.95
 62.0 22400.0 288.41   0.009519   5.50 182.72 329.76  91368.86
 62.0 22431.0 286.20   0.008133   5.26 165.08 317.31  91528.03
 62.0 22461.0 286.18   0.007701   5.32 188.00 308.11  91646.45
 62.0 22492.0 287.53   0.008080   5.64 205.97 314.66  91554.88
 62.0 22523.0 288.76   0.007615   6.04 249.14 312.69  91412.70
 62.0 22553.0 291.70   0.008354   6.33 297.71 319.93  91140.30
 62.0 22584.0 291.89   0.010188   5.95 262.17 345.85  90958.98
 62.0 22614.0 292.03   0.011979   4.38 201.86 368.93  90902.88
 63.0 22645.0 292.22   0.012185   4.70 206.13 368.34  90738.34
 63.0 22676.0 292.43   0.012166   4.75 216.52 367.33  90841.98
 63.0 22704.0 292.32   0.012047   4.08 222.52 362.06  90900.56
 63.0 22735.0 289.30   0.009990   5.18 194.78 337.20  91239.92
 63.0 22765.0 288.40   0.009674   5.18 167.48 333.63  91458.05
 63.0 22796.0 286.78   0.008558   5.87 160.56 325.36  91512.05
 63.0 22826.0 286.07   0.007846   5.33 171.60 312.88  91488.33
 63.0 22857.0 287.18   0.007904   5.17 214.05 308.39  91449.57
 63.0 22888.0 289.63   0.007602   6.15 274.94 306.78  91358.06
 63.0 22918.0 292.01   0.008621   6.47 284.95 328.01  91060.97
 63.0 22949.0 291.44   0.011171   5.47 239.53 352.45  91062.05
 63.0 22979.0 291.57   0.011637   4.49 218.94 360.85  90851.45
 64.0 23010.0 291.80   0.011892   4.13 222.34 363.23  90863.31
 64.0 23041.0 291.61   0.011921   4.28 202.39 364.70  90834.62
 64.0 23069.0 291.62   0.011715   4.59 233.93 352.99  90913.10
 64.0 23100.0 289.92   0.011051   5.53 153.86 358.67  91184.15
 64.0 23130.0 288.74   0.009636   4.54 193.09 325.43  91286.53
 64.0 23161.0 286.54   0.008036   5.29 173.50 314.00  91487.43
 64.0 23191.0 286.41   0.007473   5.24 194.75 306.05  91499.12
 64.0 23222.0 287.45   0.007491   5.59 221.53 306.47  91477.39
 64.0 23253.0 289.83   0.006783   6.19 292.87 298.77  91368.59
 64.0 23283.0 291.85   0.008555   6.43 283.14 329.86  91040.96
 64.0 23314.0 291.27   0.011056   5.41 232.61 352.76  90970.89
 64.0 23344.0 291.83   0.012005   4.75 207.94 363.61  90914.08
 65.0 23375.0 292.23   0.012033   4.87 212.70 366.24  90808.35
 65.0 23406.0 291.93   0.012239   3.59 193.86 370.09  90947.08
 65.0 23434.0 292.12   0.012752   4.05 182.83 373.47  90909.43
 65.0 23465.0 290.61   0.011628   5.18 156.40 364.42  91248.76
 65.0 23495.0 288.25   0.009508   5.57 181.76 330.92  91364.01
 65.0 23526.0 286.34   0.008106   5.25 174.29 313.28  91556.13
 65.0 23556.0 285.72   0.007497   5.38 181.40 306.24  91588.80
 65.0 23587.0 286.74   0.007578   5.37 207.20 306.94  91616.83
 65.0 23618.0 289.64   0.007748   5.95 271.61 308.06  91319.82
 65.0 23648.0 291.24   0.008768   6.11 258.96 330.53  91215.23
 65.0 23679.0 292.09   0.010297   5.66 277.17 340.71  91187.27
 65.0 23709.0 292.17   0.012055   4.92 199.69 369.93  90714.70
 66.0 23740.0 292.50   0.012509   4.70 196.89 372.85  90854.45
 66.0 23771.0 291.69   0.012148   4.52 191.44 370.28  90916.98
 66.0 23799.0 291.75   0.011586   4.71 233.57 354.33  91067.31
 66.0 23830.0 290.98   0.011282   5.00 200.29 347.62  91288.14
 66.0 23860.0 289.23   0.010038   5.20 177.01 337.07  91444.63
 66.0 23891.0 287.06   0.008090   5.44 186.24 309.21  91637.68
 66.0 23921.0 286.01   0.007980   5.92 162.83 317.37  91758.05
 66.0 23952.0 287.01   0.007448   5.75 210.22 310.09  91647.29
 66.0 23983.0 289.88   0.008044   6.13 280.84 307.50  91262.26
 66.0 24013.0 292.16   0.009287   6.32 274.45 333.12  91194.77
 66.0 24044.0 291.64   0.011034   5.47 246.84 349.46  91055.01
 66.0 24074.0 292.53   0.012671   4.04 223.32 369.40  90905.79
 67.0 24105.0 291.37   0.012417   4.13 141.56 375.44  90852.01
 67.0 24136.0 292.38   0.012548   3.96 213.74 368.27  90907.07
 67.0 24164.0 292.15   0.012512   4.29 211.85 364.74  91095.34
 67.0 24195.0 290.64   0.010574   4.49 224.22 335.46  91250.05
 67.0 24225.0 287.63   0.008772   5.65 196.69 317.64  91481.68
 67.0 24256.0 285.83   0.007507   5.74 178.08 307.99  91739.37
 67.0 24286.0 286.06   0.007571   5.36 177.85 310.02  91656.26
 67.0 24317.0 286.57   0.006872   5.63 235.10 295.21  91483.94
 67.0 24348.0 289.00   0.007397   6.09 261.11 305.57  91420.99
 67.0 24378.0 290.42   0.009808   6.12 234.75 337.12  91178.86
 67.0 24409.0 292.17   0.010482   5.74 268.91 345.53  91029.42
 67.0 24439.0 292.00   0.011708   4.60 235.81 360.26  90795.80
 68.0 24470.0 291.76   0.011998   4.61 201.83 368.31  90781.80
 68.0 24501.0 292.10   0.012578   3.75 191.40 373.83  90837.32
 68.0 24529.0 292.08   0.012562   4.13 188.75 371.03  90948.04
 68.0 24560.0 290.44   0.011314   5.29 186.42 355.89  91191.84
 68.0 24590.0 288.52   0.009493   5.12 183.46 326.41  91350.29
 68.0 24621.0 287.58   0.008683   4.93 189.17 313.17  91426.29
 68.0 24651.0 285.66   0.007678   5.82 175.08 311.91  91585.30
 68.0 24682.0 286.47   0.007876   6.00 195.42 316.73  91563.38
 68.0 24713.0 289.15   0.008185   5.87 251.48 313.07  91345.11
 68.0 24743.0 292.62   0.008903   6.35 304.02 326.83  90929.90
 68.0 24774.0 291.82   0.010957   5.04 236.28 351.37  90977.30
 68.0 24804.0 291.71   0.012314   4.65 211.40 367.37  90832.02
 69.0 24835.0 291.59   0.012299   5.59 157.35 373.96  90639.02
 69.0 24866.0 291.77   0.011793   6.37 185.56 369.18  90773.46
 69.0 24894.0 291.31   0.011949   4.66 197.62 361.53  91087.90
 69.0 24925.0 290.33   0.011338   5.04 169.81 357.83  91210.24
 69.0 24955.0 288.24   0.009540   5.35 167.03 336.18  91480.50
 69.0 24986.0 286.10   0.008152   5.61 166.34 316.56  91665.98
 69.0 25016.0 285.36   0.007557   5.79 178.24 307.72  91722.41
 69.0 25047.0 287.03   0.007203   5.11 246.90 291.95  91475.16
 69.0 25078.0 288.22   0.007628   6.06 248.82 311.77  91448.80
 69.0 25108.0 290.42   0.008536   6.06 266.33 323.51  91195.24
 69.0 25139.0 291.88   0.010423   5.65 266.17 343.30  91049.23
 69.0 25169.0 292.42   0.011940   4.80 218.61 364.72  90803.77
 70.0 25200.0 292.30   0.012178   5.05 204.43 368.93  90798.48
 70.0 25231.0 292.10   0.012318   4.47 206.09 367.22  90926.85
 70.0 25259.0 291.46   0.012194   4.31 191.91 366.00  91037.32
 70.0 25290.0 291.02   0.011771   4.82 180.15 358.10  91196.93
 70.0 25320.0 288.87   0.009758   5.23 197.22 324.28  91472.16
 70.0 25351.0 286.88   0.008368   4.92 178.51 313.09  91557.65
 70.0 25381.0 285.38   0.007655   5.73 161.78 315.47  91707.16
 70.0 25412.0 287.22   0.007534   5.31 225.33 304.08  91462.03
 70.0 25443.0 290.06   0.008148   6.06 256.12 319.43  91324.05
 70.0 25473.0 289.84   0.009775   6.18 212.61 341.05  91307.66
 70.0 25504.0 290.86   0.011002   5.64 228.23 351.38  91146.67
 70.0 25534.0 292.08   0.012454   4.67 207.89 368.37  90782.84
 71.0 25565.0 291.78   0.012359   5.12 184.78 374.18  90700.00
 71.0 25596.0 291.54   0.011756   4.81 219.42 360.42  91013.98
 71.0 25624.0 291.73   0.012193   4.15 206.00 363.06  91051.28
 71.0 25655.0 290.48   0.011595   5.55 153.47 364.98  91225.80
 71.0 25685.0 288.84   0.010028   5.10 175.17 333.85  91374.92
 71.0 25716.0 286.59   0.008400   5.73 174.84 314.39  91596.84
 71.0 25746.0 286.22   0.008019   5.38 167.73 319.11  91671.30
 71.0 25777.0 287.46   0.007584   5.36 231.62 302.61  91513.56
 71.0 25808.0 289.30   0.007593   6.09 276.14 305.34  91386.49
 71.0 25838.0 291.70   0.009025   6.37 291.44 323.23  91052.34
 71.0 25869.0 292.07   0.010864   5.41 264.45 346.96  90943.38
 71.0 25899.0 291.24   0.011217   4.74 196.45 365.73  90927.44
 72.0 25930.0 291.20   0.011593   5.15 189.96 364.69  90702.49
 72.0 25961.0 291.70   0.011922   4.06 203.37 363.75  90935.97
 72.0 25989.0 291.89   0.012088   4.55 222.10 358.79  91005.16
 72.0 26020.0 290.47   0.011382   5.10 163.00 359.83  91216.27
 72.0 26050.0 288.57   0.009638   5.04 183.91 328.79  91390.45
 72.0 26081.0 286.00   0.007844   5.51 177.53 309.47  91634.38
 72.0 26111.0 286.20   0.007548   4.85 192.32 302.80  91499.62
 72.0 26142.0 287.01   0.007827   5.72 201.42 312.99  91561.28
 72.0 26173.0 288.61   0.007983   5.54 243.22 315.03  91327.09
 72.0 26203.0 290.23   0.008749   6.24 261.17 324.64  91210.80
 72.0 26234.0 291.77   0.010375   5.84 264.59 341.98  91046.62
 72.0 26264.0 292.08   0.011441   4.87 266.40 350.84  90972.07
 73.0 26295.0 291.71   0.012341   4.22 194.30 371.37  90866.49
 73.0 26326.0 291.63   0.012257   4.07 185.83 371.16  90897.30
 73.0 26354.0 291.23   0.012263   4.07 177.46 369.19  91099.63
 73.0 26385.0 290.15   0.010898   5.30 180.74 351.20  91359.91
 73.0 26415.0 288.73   0.009937   5.12 175.27 335.32  91505.11
 73.0 26446.0 286.59   0.008213   4.89 188.26 307.39  91512.42
 73.0 26476.0 285.85   0.007148   4.99 206.45 295.15  91633.03
 73.0 26507.0 286.06   0.007151   5.91 212.77 302.26  91720.88
 73.0 26538.0 289.79   0.007128   6.18 290.80 300.48  91333.48
 73.0 26568.0 291.92   0.009152   6.30 267.02 336.30  91167.15
 73.0 26599.0 291.07   0.011040   5.19 226.42 352.51  91183.65
 73.0 26629.0 291.80   0.012424   4.67 189.22 371.15  91004.76
 74.0 26660.0 291.95   0.012223   4.64 222.06 363.81  91130.31
 74.0 26691.0 292.02   0.011974   4.87 235.51 359.81  91038.75
 74.0 26719.0 292.79   0.012693   4.52 232.62 365.08  91016.41
 74.0 26750.0 290.76   0.011212   4.78 194.41 350.98  91325.41
 74.0 26780.0 288.22   0.008954   5.56 200.97 320.61  91531.59
 74.0 26811.0 285.15   0.007241   5.99 178.04 304.25  91701.12
 74.0 26841.0 286.41   0.007664   5.43 181.32 310.61  91711.13
 74.0 26872.0 287.15   0.006509   5.53 250.10 289.28  91455.59
 74.0 26903.0 290.18   0.006838   6.34 281.65 303.98  91500.70
 74.0 26933.0 292.39   0.008854   6.54 277.22 334.92  91204.62
 74.0 26964.0 293.57   0.010241   5.60 271.83 351.23  91049.95
 74.0 26994.0 292.06   0.011910   4.42 213.86 364.89  91107.14
 75.0 27025.0 292.65   0.012406   4.20 226.64 368.22  91044.91
 75.0 27056.0 292.61   0.012399   3.94 198.05 371.97  90864.96
 75.0 27084.0 292.50   0.012532   4.69 220.94 363.65  91037.16
 75.0 27115.0 290.17   0.010837   5.67 181.13 350.54  91233.77
 75.0 27145.0 289.16   0.010077   5.41 169.27 340.74  91344.67
 75.0 27176.0 286.77   0.008257   5.81 173.72 318.28  91532.64
 75.0 27206.0 286.21   0.008144   5.75 150.87 325.64  91484.89
 75.0 27237.0 286.78   0.008025   5.63 191.08 317.11  91544.79
 75.0 27268.0 288.23   0.007800   6.06 237.72 313.32  91349.23
 75.0 27298.0 290.74   0.009029   6.30 268.43 327.37  91169.57
 75.0 27329.0 291.02   0.010759   5.21 222.43 352.43  90961.18
 75.0 27359.0 291.72   0.012051   5.03 209.30 364.50  90721.30
 76.0 27390.0 291.80   0.012315   4.80 181.36 371.59  90695.38
 76.0 27421.0 292.62   0.012232   4.57 232.92 365.17  90717.88
 76.0 27449.0 292.15   0.012067   4.67 234.53 355.27  90992.94
 76.0 27480.0 290.80   0.011543   5.36 177.91 357.89  91078.54
 76.0 27510.0 288.71   0.010128   5.48 161.35 341.79  91348.70
 76.0 27541.0 286.27   0.008311   5.59 170.21 316.89  91608.20
 76.0 27571.0 285.34   0.007596   5.57 173.00 309.00  91664.79
 76.0 27602.0 287.33   0.007725   5.10 235.74 298.56  91529.10
 76.0 27633.0 289.51   0.007811   5.79 259.13 311.54  91324.14
 76.0 27663.0 290.71   0.009189   6.10 256.81 330.02  91139.40
 76.0 27694.0 292.41   0.010301   5.76 267.24 346.88  90916.82
 76.0 27724.0 291.99   0.011824   4.99 216.84 366.16  90904.40
 77.0 27755.0 292.37   0.012400   4.34 214.10 369.14  90878.16
 77.0 27786.0 292.37   0.012328   5.59 193.94 369.32  90800.29
 77.0 27814.0 291.46   0.012066   4.96 182.64 367.66  91103.20
 77.0 27845.0 290.53   0.011275   4.90 182.28 353.68  91225.21
 77.0 27875.0 288.17   0.008946   4.69 200.18 318.38  91404.62
 77.0 27906.0 286.40   0.007771   5.35 189.19 306.64  91579.61
 77.0 27936.0 284.93   0.007098   6.04 184.66 300.66  91740.16
 77.0 27967.0 287.94   0.008088   5.12 231.75 305.43  91449.52
 77.0 27998.0 289.57   0.008433   5.96 248.98 318.96  91353.85
 77.0 28028.0 290.75   0.009937   6.05 239.58 338.70  91167.37
 77.0 28059.0 291.14   0.010941   5.33 237.59 349.22  91053.17
 77.0 28089.0 291.65   0.011541   4.88 228.75 358.76  90866.57
 78.0 28120.0 291.74   0.012149   5.11 190.12 370.15  90743.55
 78.0 28151.0 292.34   0.012559   4.49 236.24 364.27  90976.38
 78.0 28179.0 292.09   0.012502   3.97 200.57 367.83  90967.45
 78.0 28210.0 290.91   0.011610   5.04 184.13 358.84  91156.99
 78.0 28240.0 288.15   0.009280   5.03 188.20 324.13  91470.78
 78.0 28271.0 286.19   0.007992   5.55 180.25 310.12  91602.48
 78.0 28301.0 286.80   0.007065   5.00 216.60 293.92  91426.77
 78.0 28332.0 287.48   0.007125   5.91 236.89 300.10  91439.79
 78.0 28363.0 290.08   0.007685   6.43 271.69 312.64  91384.53
 78.0 28393.0 291.01   0.009010   5.96 268.56 327.64  91108.82
 78.0 28424.0 292.68   0.010435   5.41 257.30 347.84  90971.98
 78.0 28454.0 292.22   0.011785   4.69 251.54 357.66  90908.37
 79.0 28485.0 292.04   0.012399   5.10 187.47 372.44  90744.74
 79.0 28516.0 291.79   0.011798   4.33 211.18 363.76  90954.16
 79.0 28544.0 291.74   0.011932   4.78 230.64 356.00  91096.25
 79.0 28575.0 291.27   0.011900   5.00 178.19 361.76  91156.88
 79.0 28605.0 288.80   0.010043   5.65 162.56 341.00  91466.28
 79.0 28636.0 286.77   0.009016   5.90 136.86 333.24  91746.55
 79.0 28666.0 285.97   0.008102   5.72 163.46 319.88  91706.12
 79.0 28697.0 286.51   0.008101   5.95 195.47 317.87  91669.42
 79.0 28728.0 289.18   0.008534   5.85 241.93 319.36  91300.46
 79.0 28758.0 291.36   0.009411   6.45 261.76 333.99  91112.23
 79.0 28789.0 292.33   0.010129   6.17 268.79 343.78  91082.63
 79.0 28819.0 291.68   0.012000   5.05 234.47 360.24  90981.27
 80.0 28850.0 292.10   0.012441   5.62 211.44 370.60  90774.20
 80.0 28881.0 292.14   0.012390   4.97 196.51 370.39  90854.43
 80.0 28909.0 292.03   0.012468   4.32 208.36 366.06  90989.54
 80.0 28940.0 290.68   0.011142   4.93 202.57 347.47  91201.27
 80.0 28970.0 288.77   0.009867   4.95 175.18 334.42  91381.70
 80.0 29001.0 286.68   0.007921   5.06 195.83 301.41  91520.70
 80.0 29031.0 286.07   0.008016   5.77 175.28 313.68  91554.59
 80.0 29062.0 286.70   0.007240   6.09 224.79 304.11  91588.14
 80.0 29093.0 289.67   0.007908   6.21 258.41 316.49  91317.48
 80.0 29123.0 291.10   0.009321   6.46 269.43 329.76  91107.80
 80.0 29154.0 291.94   0.010254   6.00 258.10 346.44  91015.58
 80.0 29184.0 291.90   0.011610   5.23 236.72 358.70  90958.10
 81.0 29215.0 292.20   0.012223   4.31 205.13 369.64  90772.29
 81.0 29246.0 292.72   0.012337   5.75 201.16 370.25  90642.87
 81.0 29274.0 292.26   0.012230   4.57 222.15 360.19  91007.77
 81.0 29305.0 290.84   0.011639   5.37 171.36 359.64  91115.75
 81.0 29335.0 288.63   0.009801   5.22 170.22 337.25  91285.48
 81.0 29366.0 286.29   0.007999   5.61 180.90 313.38  91499.00
 81.0 29396.0 285.83   0.007653   5.63 174.94 312.15  91599.12
 81.0 29427.0 285.76   0.007317   5.88 191.23 309.57  91635.90
 81.0 29458.0 288.52   0.007542   5.79 255.58 308.60  91305.38
 81.0 29488.0 291.70   0.009056   5.70 273.71 333.68  91008.78
 81.0 29519.0 291.99   0.010768   5.09 244.69 351.17  90922.73
 81.0 29549.0 290.70   0.011562   4.49 183.93 366.94  90981.13
 82.0 29580.0 291.45   0.012196   4.25 182.09 369.66  90811.45
 82.0 29611.0 291.58   0.011958   4.64 217.74 362.25  91029.78
 82.0 29639.0 291.45   0.011811   4.59 221.16 358.07  90959.55
 82.0 29670.0 290.10   0.011142   5.28 166.73 356.98  91175.74
 82.0 29700.0 288.97   0.009888   4.88 190.12 327.41  91368.49
 82.0 29731.0 286.95   0.008403   5.36 183.47 312.55  91505.77
 82.0 29761.0 286.54   0.007944   5.41 186.15 308.99  91657.79
 82.0 29792.0 287.54   0.007386   5.44 241.87 297.07  91531.84
 82.0 29823.0 289.79   0.007236   6.40 275.73 306.42  91435.81
 82.0 29853.0 291.83   0.008291   6.57 301.55 319.92  91138.43
 82.0 29884.0 293.20   0.010168   6.13 293.64 344.60  91002.80
 82.0 29914.0 292.44   0.011993   4.73 215.78 367.79  90859.38
 83.0 29945.0 292.07   0.012446   5.19 161.43 375.94  90760.38
 83.0 29976.0 292.88   0.012531   5.43 210.12 371.37  90846.17
 83.0 30004.0 291.78   0.012056   4.88 216.39 362.04  91096.45
 83.0 30035.0 290.60   0.011449   5.52 158.49 361.56  91296.36
 83.0 30065.0 288.34   0.009546   5.61 167.07 336.51  91533.70
 83.0 30096.0 286.48   0.007979   5.22 185.39 310.45  91640.51
 83.0 30126.0 286.44   0.007827   5.09 181.19 309.15  91614.02
 83.0 30157.0 287.21   0.007812   5.80 217.51 306.40  91516.23
 83.0 30188.0 289.82   0.007099   6.01 282.76 303.98  91362.13
 83.0 30218.0 290.61   0.008969   6.32 247.57 333.71  91254.70
 83.0 30249.0 291.57   0.010723   5.64 261.71 345.05  91000.42
 83.0 30279.0 292.00   0.011913   4.51 229.76 362.14  90845.31
 84.0 30310.0 291.89   0.012220   5.21 200.14 368.44  90811.62
 84.0 30341.0 292.12   0.012438   4.46 203.95 368.84  90813.23
 84.0 30369.0 291.73   0.012141   4.45 204.09 363.55  90960.27
 84.0 30400.0 290.61   0.010937   4.90 210.23 341.85  91101.23
 84.0 30430.0 288.63   0.009282   5.52 197.49 323.56  91341.63
 84.0 30461.0 286.81   0.008007   5.11 184.95 308.71  91456.45
 84.0 30491.0 286.03   0.007708   5.51 181.99 311.46  91569.50
 84.0 30522.0 286.92   0.006878   5.55 247.49 290.53  91480.77
 84.0 30553.0 290.50   0.006840   6.10 296.25 300.85  91245.62
 84.0 30583.0 290.99   0.007934   6.41 281.22 320.53  91158.41
 84.0 30614.0 292.63   0.009216   5.82 291.61 331.59  91041.46
 84.0 30644.0 291.45   0.011579   4.47 200.54 364.21  90948.35
 85.0 30675.0 291.97   0.011994   4.85 198.21 369.05  90667.87
 85.0 30706.0 291.43   0.011963   4.38 177.58 367.86  90922.30
 85.0 30734.0 291.41   0.011736   4.57 229.34 354.66  91080.52
 85.0 30765.0 290.36   0.011195   5.35 174.50 355.56  91224.02
 85.0 30795.0 288.57   0.009721   5.34 171.08 337.28  91487.28
 85.0 30826.0 286.22   0.008090   5.01 169.63 313.64  91543.37
 85.0 30856.0 285.46   0.007651   5.76 172.18 311.68  91650.24
 85.0 30887.0 286.50   0.007833   5.76 200.98 312.00  91631.42
 85.0 30918.0 289.30   0.008031   6.02 251.75 315.97  91348.38
 85.0 30948.0 292.44   0.008305   6.64 295.50 325.21  91065.70
 85.0 30979.0 292.22   0.010623   5.92 270.80 346.04  91028.32
 85.0 31009.0 291.70   0.012529   4.42 189.05 373.10  90777.34
 86.0 31040.0 291.13   0.011844   4.62 174.21 367.67  90955.26
 86.0 31071.0 292.16   0.012320   4.23 237.75 361.15  90969.28
 86.0 31099.0 291.80   0.011927   4.44 221.07 356.94  91016.85
 86.0 31130.0 290.92   0.011800   4.71 179.90 358.40  91125.18
 86.0 31160.0 288.30   0.009638   5.33 165.46 336.06  91356.18
 86.0 31191.0 285.88   0.007652   5.02 193.68 301.14  91526.89
 86.0 31221.0 285.51   0.007276   5.24 199.58 297.37  91660.42
 86.0 31252.0 288.50   0.007232   5.14 265.33 290.31  91424.55
 86.0 31283.0 288.92   0.007628   6.77 246.59 316.48  91534.05
 86.0 31313.0 290.87   0.009994   5.94 239.81 340.36  91247.34
 86.0 31344.0 292.75   0.011130   5.91 278.63 351.03  91069.41
 86.0 31374.0 292.19   0.012156   4.74 228.94 363.38  91024.11
 87.0 31405.0 292.81   0.012974   4.69 228.13 372.85  90983.73
 87.0 31436.0 293.17   0.013599   4.27 207.55 378.21  90951.68
 87.0 31464.0 292.80   0.012901   4.24 217.45 367.40  91031.24
 87.0 31495.0 290.88   0.011676   5.56 171.60 361.90  91245.73
 87.0 31525.0 288.25   0.009531   5.57 174.96 331.63  91452.15
 87.0 31556.0 285.72   0.007933   6.05 165.61 315.12  91616.04
 87.0 31586.0 285.31   0.007410   5.59 177.26 310.06  91504.48
 87.0 31617.0 286.15   0.007703   5.89 199.92 312.06  91491.89
 87.0 31648.0 287.70   0.007779   6.07 237.62 312.25  91437.03
 87.0 31678.0 290.63   0.009574   5.47 271.20 329.00  90980.95
 87.0 31709.0 292.04   0.010816   5.63 262.30 347.98  90935.15
 87.0 31739.0 291.07   0.011771   4.07 186.90 365.13  90779.55
 88.0 31770.0 291.16   0.011882   4.09 187.34 367.40  90740.53
 88.0 31801.0 291.89   0.012324   4.68 195.31 369.20  90742.28
 88.0 31829.0 291.48   0.012097   4.92 202.09 362.70  90942.70
 88.0 31860.0 289.90   0.010858   5.36 182.55 348.69  91127.89
 88.0 31890.0 287.45   0.008893   5.56 181.72 323.32  91336.10
 88.0 31921.0 284.95   0.007346   5.56 169.54 308.31  91641.34
 88.0 31951.0 285.54   0.007587   5.02 182.22 304.09  91616.01
 88.0 31982.0 286.09   0.006984   5.05 235.60 290.60  91502.24
 88.0 32013.0 290.20   0.006915   5.93 288.69 300.22  91198.82
 88.0 32043.0 290.74   0.008666   5.80 270.59 321.84  91149.09
 88.0 32074.0 292.21   0.009532   5.76 293.25 332.61  91057.62
 88.0 32104.0 292.98   0.010877   5.92 263.05 355.90  90685.03
 89.0 32135.0 291.63   0.011736   3.41 205.76 363.10  90881.79
 89.0 32166.0 291.98   0.012087   4.06 219.90 364.34  90962.07
 89.0 32194.0 291.56   0.011716   4.77 221.35 357.92  91097.38
 89.0 32225.0 290.35   0.011073   4.77 187.87 350.33  91135.59
 89.0 32255.0 287.86   0.008886   5.24 200.96 315.83  91469.20
 89.0 32286.0 286.97   0.008329   4.77 184.14 311.66  91445.54
 89.0 32316.0 286.17   0.007590   5.51 188.19 307.62  91595.44
 89.0 32347.0 287.46   0.007047   6.06 239.87 297.94  91587.43
 89.0 32378.0 289.61   0.006537   6.01 292.53 298.30  91358.04
 89.0 32408.0 290.91   0.009536   6.00 252.64 337.49  91206.26
 89.0 32439.0 291.72   0.011515   5.34 229.02 357.35  91027.96
 89.0 32469.0 291.80   0.012388   4.50 182.86 372.59  91008.58
 90.0 32500.0 292.03   0.012497   4.94 174.93 375.13  90834.43
 90.0 32531.0 293.29   0.011962   4.65 278.52 357.34  91056.87
 90.0 32559.0 292.61   0.012608   4.61 221.15 365.93  91040.39
 90.0 32590.0 290.40   0.011030   5.44 191.71 351.89  91301.35
 90.0 32620.0 288.44   0.009216   5.16 198.59 323.81  91402.46
 90.0 32651.0 287.64   0.008315   5.25 195.95 309.44  91471.79
 90.0 32681.0 286.78   0.008352   5.68 171.76 318.54  91520.39
 90.0 32712.0 287.10   0.007987   6.03 203.57 313.87  91592.79
 90.0 32743.0 289.95   0.008389   6.13 252.96 321.95  91346.42
 90.0 32773.0 292.39   0.009003   6.30 293.45 327.64  91073.45
 90.0 32804.0 292.23   0.011433   5.29 232.25 361.75  90898.88
 90.0 32834.0 291.86   0.012280   4.37 209.37 367.49  90843.29
 91.0 32865.0 292.41   0.012189   4.92 189.85 370.00  90662.76
 91.0 32896.0 292.33   0.012406   4.21 196.75 371.57  90829.53
 91.0 32924.0 291.77   0.012076   4.71 217.17 360.95  91009.46
 91.0 32955.0 290.52   0.011071   5.24 187.75 352.22  91198.45
 91.0 32985.0 287.32   0.008512   5.64 194.83 317.47  91369.46
 91.0 33016.0 286.82   0.008413   5.44 173.48 317.16  91542.94
 91.0 33046.0 286.07   0.007726   5.76 187.28 307.17  91566.55
 91.0 33077.0 286.31   0.006871   6.15 232.18 297.00  91649.91
 91.0 33108.0 289.63   0.006586   6.47 297.89 297.69  91445.79
 91.0 33138.0 291.77   0.007893   6.22 295.43 318.07  91196.08
 91.0 33169.0 291.98   0.010811   5.68 236.03 356.39  91009.66
 91.0 33199.0 291.83   0.011695   4.16 221.11 362.98  90859.54
 92.0 33230.0 292.04   0.012272   4.10 201.19 370.18  90891.15
 92.0 33261.0 292.19   0.012468   4.70 207.48 368.16  90932.31
 92.0 33289.0 292.19   0.012437   4.08 200.25 367.74  90871.77
 92.0 33320.0 290.05   0.010905   5.87 166.96 355.56  91279.75
 92.0 33350.0 288.48   0.009514   5.24 185.39 329.57  91360.30
 92.0 33381.0 286.23   0.007450   5.01 196.00 301.06  91442.70
 92.0 33411.0 285.69   0.007552   5.61 159.67 316.05  91522.55
 92.0 33442.0 286.22   0.007749   5.81 181.94 319.01  91588.58
 92.0 33473.0 288.94   0.007647   5.76 269.49 304.88  91419.76
 92.0 33503.0 291.97   0.008026   6.17 295.83 321.63  91027.49
 92.0 33534.0 292.54   0.009807   5.90 270.12 343.64  90963.29
 92.0 33564.0 291.64   0.012293   3.97 193.25 368.99  90829.87
 93.0 33595.0 292.11   0.011990   4.94 233.76 363.46  90769.76
 93.0 33626.0 291.71   0.012528   4.52 166.12 374.58  90877.09
 93.0 33654.0 291.07   0.011966   4.76 174.27 366.38  91106.25
 93.0 33685.0 290.24   0.011141   5.59 170.83 355.15  91257.19
 93.0 33715.0 288.45   0.009447   5.08 188.95 326.77  91457.71
 93.0 33746.0 285.76   0.007988   5.86 169.20 311.92  91657.05
 93.0 33776.0 284.97   0.007234   5.85 178.29 304.76  91742.04
 93.0 33807.0 287.02   0.008077   5.46 214.00 310.96  91568.84
 93.0 33838.0 289.72   0.007499   6.20 290.91 300.54  91259.11
 93.0 33868.0 291.58   0.009120   6.22 263.89 332.48  91102.31
 93.0 33899.0 291.82   0.011257   5.37 255.38 350.17  90953.62
 93.0 33929.0 291.51   0.012459   4.43 182.17 372.30  90880.77
 94.0 33960.0 291.53   0.012066   5.60 179.42 369.64  90773.76
 94.0 33991.0 292.21   0.012419   4.90 229.42 362.89  90893.81
 94.0 34019.0 291.52   0.012291   4.13 196.45 365.63  91005.19
 94.0 34050.0 290.06   0.010979   5.03 185.29 347.27  91288.34
 94.0 34080.0 288.06   0.009346   5.19 183.02 330.45  91432.19
 94.0 34111.0 286.39   0.008194   5.14 182.57 308.25  91526.07
 94.0 34141.0 284.72   0.007059   5.91 180.31 302.67  91771.84
 94.0 34172.0 285.82   0.007289   5.89 194.30 310.54  91560.24
 94.0 34203.0 288.77   0.007127   5.79 277.69 300.38  91446.65
 94.0 34233.0 291.43   0.008503   6.15 286.22 322.64  91130.80
 94.0 34264.0 292.69   0.010445   4.99 266.88 349.08  90980.35
 94.0 34294.0 292.09   0.011854   4.38 222.98 363.05  90827.40
 95.0 34325.0 291.60   0.012389   3.71 184.75 372.05  90830.22
 95.0 34356.0 291.92   0.012244   3.75 205.71 365.91  90853.38
 95.0 34384.0 291.80   0.012319   4.92 199.26 367.39  90868.62
 95.0 34415.0 290.10   0.011087   5.38 172.29 355.78  91296.98
 95.0 34445.0 288.77   0.010005   4.93 175.82 335.64  91370.47
 95.0 34476.0 285.96   0.007581   5.20 192.55 301.84  91562.38
 95.0 34506.0 286.09   0.007671   4.87 182.09 307.74  91580.75
 95.0 34537.0 286.88   0.007480   5.73 226.28 301.37  91555.22
 95.0 34568.0 288.31   0.007319   6.43 249.55 307.17  91530.91
 95.0 34598.0 290.42   0.008914   5.46 258.81 330.91  91175.70
 95.0 34629.0 291.09   0.011273   5.41 238.10 351.18  90974.33
 95.0 34659.0 291.22   0.011991   5.45 179.56 368.15  90774.40
 96.0 34690.0 291.95   0.012241   4.01 194.53 369.57  90844.65
 96.0 34721.0 291.63   0.012442   3.64 186.32 372.48  90885.99
 96.0 34749.0 290.90   0.011872   4.39 180.71 364.49  90891.88
 96.0 34780.0 290.10   0.011024   4.94 187.88 347.75  91223.00
 96.0 34810.0 287.88   0.009322   5.42 181.85 328.24  91524.41
 96.0 34841.0 285.84   0.007948   5.63 168.36 315.76  91653.63
 96.0 34871.0 284.98   0.007336   5.71 175.36 307.64  91827.83
 96.0 34902.0 286.82   0.007884   5.45 211.76 308.01  91468.27
 96.0 34933.0 289.23   0.007443   6.09 270.96 308.75  91473.76
 96.0 34963.0 291.23   0.008706   6.34 266.63 327.44  91206.88
 96.0 34994.0 292.27   0.010593   5.61 276.18 344.57  91001.25
 96.0 35024.0 292.36   0.011339   4.87 262.85 356.29  90964.31
 97.0 35055.0 292.35   0.012370   4.98 215.80 369.53  90865.84
 97.0 35086.0 291.65   0.012079   5.09 186.48 369.10  90849.66
 97.0 35114.0 291.92   0.012235   4.41 219.52 361.59  90975.66
 97.0 35145.0 290.23   0.011133   5.40 167.42 355.18  91260.44
 97.0 35175.0 287.48   0.008863   5.64 183.55 321.44  91593.61
 97.0 35206.0 286.23   0.007966   5.30 173.26 311.75  91627.94
 97.0 35236.0 285.90   0.007327   5.40 197.71 299.92  91549.48
 97.0 35267.0 287.42   0.006512   5.72 261.74 285.90  91552.35
 97.0 35298.0 289.69   0.006938   6.42 289.74 299.62  91382.29
 97.0 35328.0 291.66   0.008394   6.52 278.54 327.94  91183.40
 97.0 35359.0 291.23   0.011325   5.48 207.28 359.45  90931.12
 97.0 35389.0 291.96   0.011823   4.59 237.35 359.95  90838.28
 98.0 35420.0 292.13   0.012285   4.72 200.93 370.69  90744.94
 98.0 35451.0 291.97   0.012157   3.83 213.59 367.54  90956.32
 98.0 35479.0 292.05   0.012204   4.26 213.75 363.87  91026.41
 98.0 35510.0 290.68   0.011632   5.33 161.03 363.05  91208.02
 98.0 35540.0 288.46   0.009977   5.59 155.12 340.74  91431.48
 98.0 35571.0 286.78   0.008603   5.37 169.85 318.83  91559.86
 98.0 35601.0 286.33   0.008408   5.88 155.22 323.95  91649.45
 98.0 35632.0 286.15   0.007602   5.83 207.92 306.25  91707.79
 98.0 35663.0 288.75   0.008314   5.82 241.73 313.55  91421.59
 98.0 35693.0 291.27   0.009677   6.30 259.17 336.41  91106.58
 98.0 35724.0 292.22   0.010924   5.62 257.49 351.02  90987.48
 98.0 35754.0 291.35   0.012055   4.76 186.22 369.85  90848.05
 99.0 35785.0 292.10   0.012549   4.25 195.83 371.80  90926.64
 99.0 35816.0 291.94   0.012504   3.94 201.75 369.96  90934.68
 99.0 35844.0 292.05   0.012602   4.13 205.80 367.23  91009.43
 99.0 35875.0 291.41   0.012159   5.16 182.78 363.22  91160.12
 99.0 35905.0 289.50   0.010400   4.65 184.86 336.51  91343.86
 99.0 35936.0 286.21   0.008296   5.63 162.47 318.10  91586.29
 99.0 35966.0 285.59   0.007685   5.43 180.95 306.63  91611.76
 99.0 35997.0 286.60   0.008074   5.53 190.03 320.84  91533.88
 99.0 36028.0 288.86   0.008301   5.76 241.94 318.74  91316.62
 99.0 36058.0 291.07   0.009622   6.16 252.96 335.27  91088.41
 99.0 36089.0 290.64   0.011169   5.48 204.76 355.82  91137.98
 99.0 36119.0 291.65   0.012025   4.52 233.58 359.21  90913.78
100.0 36150.0 291.59   0.012279   4.57 197.98 368.31  90756.71
100.0 36181.0 292.04   0.012446   4.37 223.55 365.42  90760.96
100.0 36209.0 291.87   0.012486   3.66 197.64 364.97  90954.39
100.0 36240.0 290.24   0.011382   4.98 172.88 357.07  91136.85
100.0 36270.0 288.53   0.009747   4.88 175.52 331.27  91244.62
100.0 36301.0 286.39   0.008224   5.08 186.94 309.08  91407.87
100.0 36331.0 285.55   0.007373   4.87 193.88 301.71  91476.19
100.0 36362.0 286.22   0.007384   5.73 215.58 303.33  91578.22
100.0 36393.0 289.83   0.007457   5.94 284.11 303.12  91225.72
100.0 36423.0 292.08   0.007885   6.34 299.22 319.25  91063.88
100.0 36454.0 292.81   0.009965   5.69 261.39 345.66  90858.30
100.0 36484.0 291.46   0.011669   5.63 182.45 368.31  90651.10
