  1.0    15.0 292.97   0.013801   3.85 196.71 378.01  88650.48
  1.0    46.0 293.44   0.013883   4.40 217.25 374.71  88630.68
  1.0    74.0 294.80   0.013289   4.45 258.49 364.66  88670.32
  1.0   105.0 294.24   0.012962   6.67 261.00 356.42  88703.56
  1.0   135.0 292.10   0.010420   7.33 253.05 331.69  88971.39
  1.0   166.0 290.39   0.008594   7.01 258.75 302.28  89119.44
  1.0   196.0 289.10   0.007912   7.41 267.31 293.75  89254.98
  1.0   227.0 290.55   0.008097   7.19 281.69 307.19  89192.25
  1.0   258.0 294.47   0.007604   6.70 317.04 317.44  88924.52
  1.0   288.0 294.94   0.010086   4.56 289.89 339.96  88768.58
  1.0   319.0 294.62   0.012157   3.48 267.87 360.51  88697.13
  1.0   349.0 293.27   0.013400   3.95 203.70 374.32  88660.40
  2.0   380.0 294.02   0.013662   3.56 223.94 373.88  88640.87
  2.0   411.0 294.31   0.013748   3.72 230.68 372.02  88712.27
  2.0   439.0 294.50   0.013791   5.37 255.41 367.86  88720.05
  2.0   470.0 294.60   0.012283   7.21 275.97 351.84  88703.11
  2.0   500.0 293.89   0.011468   7.04 243.85 351.09  88805.30
  2.0   531.0 292.02   0.009248   7.12 254.27 319.66  89087.70
  2.0   561.0 291.00   0.008429   7.33 266.44 305.64  89169.83
  2.0   592.0 292.50   0.007987   7.07 297.18 308.32  89098.06
  2.0   623.0 295.27   0.008919   6.92 302.00 336.36  88885.68
  2.0   653.0 296.32   0.009686   7.05 310.59 344.51  88819.64
  2.0   684.0 294.44   0.013608   3.03 194.59 384.19  88654.36
  2.0   714.0 293.89   0.014292   3.30 173.82 388.67  88711.27
  3.0   745.0 294.43   0.015336   2.97 182.26 391.10  88822.05
  3.0   776.0 294.44   0.014976   3.39 181.64 389.32  88767.95
  3.0   804.0 294.95   0.015196   3.36 181.91 393.63  88754.80
  3.0   835.0 294.58   0.013734   6.18 229.35 369.55  88778.09
  3.0   865.0 292.94   0.011301   6.90 249.75 337.14  88921.70
  3.0   896.0 291.36   0.009773   7.32 243.27 322.34  89100.16
  3.0   926.0 290.59   0.009259   7.32 238.32 321.23  89173.50
  3.0   957.0 291.93   0.008530   6.85 285.58 313.67  89074.32
  3.0   988.0 295.21   0.008267   6.46 311.96 325.53  88876.12
  3.0  1018.0 295.28   0.011181   5.47 275.88 358.76  88731.34
  3.0  1049.0 293.68   0.013640   3.27 185.71 382.38  88675.49
  3.0  1079.0 293.04   0.014081   4.34 182.36 382.91  88652.50
  4.0  1110.0 292.45   0.013641   5.50 162.04 381.60  88676.95
  4.0  1141.0 293.27   0.014012   3.98 185.90 379.29  88683.49
  4.0  1169.0 293.67   0.013870   3.57 199.91 377.09  88686.66
  4.0  1200.0 293.21   0.013398   4.70 197.59 368.92  88681.25
  4.0  1230.0 291.77   0.011182   7.07 245.33 333.69  88904.27
  4.0  1261.0 290.00   0.009339   7.13 241.80 313.19  89105.44
  4.0  1291.0 289.48   0.008618   7.04 252.60 308.75  89112.43
  4.0  1322.0 291.62   0.008636   6.08 283.59 312.51  89006.20
  4.0  1353.0 294.02   0.009145   5.31 274.46 335.50  88822.01
  4.0  1383.0 294.89   0.010023   4.22 275.20 348.45  88750.23
  4.0  1414.0 293.82   0.012443   3.57 251.66 361.66  88692.77
  4.0  1444.0 291.98   0.013585   4.17 146.84 381.69  88775.99
  5.0  1475.0 292.45   0.013730   3.17 175.14 379.31  88775.61
  5.0  1506.0 293.65   0.014250   3.66 207.09 377.54  88685.73
  5.0  1534.0 294.20   0.013518   4.23 239.56 370.47  88705.79
  5.0  1565.0 293.78   0.013103   6.37 246.49 358.02  88708.14
  5.0  1595.0 292.87   0.011818   6.32 244.93 343.51  88801.75
  5.0  1626.0 290.74   0.008996   6.95 260.57 306.50  89099.52
  5.0  1656.0 290.22   0.008435   7.13 270.13 302.94  89150.50
  5.0  1687.0 290.98   0.008500   7.28 273.06 312.18  89149.88
  5.0  1718.0 294.41   0.008653   6.50 308.88 327.39  89006.28
  5.0  1748.0 295.21   0.011376   5.72 257.98 361.92  88790.67
  5.0  1779.0 294.28   0.013303   4.64 252.91 367.07  88715.84
  5.0  1809.0 294.62   0.014597   3.67 220.65 380.50  88761.10
  6.0  1840.0 294.21   0.014874   3.19 194.81 386.65  88732.62
  6.0  1871.0 294.17   0.014436   4.29 205.85 379.36  88876.34
  6.0  1899.0 294.09   0.015095   3.07 174.06 388.14  88763.60
  6.0  1930.0 293.72   0.012939   6.18 248.26 357.03  88851.62
  6.0  1960.0 292.21   0.011151   6.86 252.02 335.34  88918.89
  6.0  1991.0 290.24   0.008989   7.02 255.78 307.50  89117.34
  6.0  2021.0 289.68   0.008337   6.95 258.30 301.42  89231.29
  6.0  2052.0 291.95   0.008623   7.19 286.40 312.00  89172.58
  6.0  2083.0 294.78   0.008249   7.04 301.88 329.26  89002.14
  6.0  2113.0 296.03   0.010045   5.65 300.83 345.86  88741.80
  6.0  2144.0 294.42   0.013540   3.83 248.94 371.28  88643.96
  6.0  2174.0 294.22   0.014419   3.94 211.77 381.81  88748.96
  7.0  2205.0 294.15   0.014703   4.31 202.50 382.32  88825.20
  7.0  2236.0 294.21   0.015104   3.33 185.45 388.06  88761.23
  7.0  2264.0 294.58   0.014471   3.56 207.59 378.50  88811.30
  7.0  2295.0 293.46   0.012415   6.81 258.72 351.51  88933.73
  7.0  2325.0 292.49   0.011175   7.29 252.49 336.97  88921.26
  7.0  2356.0 291.28   0.009244   7.11 256.82 312.31  89017.67
  7.0  2386.0 290.13   0.008741   7.05 253.22 311.72  89135.33
  7.0  2417.0 291.46   0.008329   6.68 281.25 314.14  89076.20
  7.0  2448.0 294.47   0.007995   6.34 304.02 323.93  88845.32
  7.0  2478.0 295.16   0.011799   4.47 284.80 354.91  88613.80
  7.0  2509.0 293.51   0.013438   3.48 202.63 373.32  88705.98
  7.0  2539.0 292.53   0.013679   4.78 163.95 380.77  88665.78
  8.0  2570.0 292.43   0.013476   5.16 170.72 378.46  88586.89
  8.0  2601.0 293.01   0.013928   3.33 185.79 378.94  88706.33
  8.0  2629.0 293.37   0.013870   4.23 193.47 377.44  88720.52
  8.0  2660.0 293.81   0.012584   6.55 268.03 351.09  88708.95
  8.0  2690.0 292.05   0.011004   6.94 244.18 338.37  88858.20
  8.0  2721.0 290.54   0.008675   6.48 254.37 307.59  89051.16
  8.0  2751.0 289.50   0.008112   7.10 263.94 300.86  89100.76
  8.0  2782.0 290.63   0.008091   7.24 274.75 308.12  89060.69
  8.0  2813.0 294.19   0.008552   5.87 293.66 330.88  88843.97
  8.0  2843.0 294.93   0.011458   3.68 256.80 358.48  88729.47
  8.0  2874.0 294.07   0.012741   3.47 249.36 361.40  88655.61
  8.0  2904.0 292.47   0.013850   3.17 159.86 384.61  88660.75
  9.0  2935.0 293.05   0.014139   3.74 186.93 382.03  88714.80
  9.0  2966.0 293.59   0.013806   2.96 211.61 372.79  88676.55
  9.0  2994.0 294.52   0.012985   5.82 286.23 357.12  88772.85
  9.0  3025.0 293.81   0.012412   7.00 263.97 351.33  88741.01
  9.0  3055.0 292.54   0.011527   7.47 229.84 344.33  88838.25
  9.0  3086.0 290.50   0.009250   7.34 248.19 310.29  89035.42
  9.0  3116.0 290.10   0.008409   7.36 260.54 304.50  89168.77
  9.0  3147.0 291.33   0.008602   7.37 280.20 311.60  89160.09
  9.0  3178.0 295.37   0.008484   5.03 307.34 330.22  88777.29
  9.0  3208.0 295.68   0.009833   5.50 303.27 343.33  88737.06
  9.0  3239.0 293.96   0.013143   3.77 223.06 373.01  88669.97
  9.0  3269.0 292.80   0.014102   2.94 163.98 384.03  88688.64
 10.0  3300.0 293.02   0.013836   4.52 192.63 378.57  88718.08
 10.0  3331.0 293.02   0.013637   4.00 173.47 379.49  88778.01
 10.0  3359.0 294.11   0.014047   3.86 216.49 375.80  88701.49
 10.0  3390.0 293.88   0.012995   6.24 252.38 356.66  88772.58
 10.0  3420.0 292.24   0.011547   7.11 237.06 340.23  88883.16
 10.0  3451.0 290.52   0.009188   7.41 251.82 311.87  89159.95
 10.0  3481.0 290.38   0.008959   7.31 258.10 307.89  89255.18
 10.0  3512.0 291.99   0.008541   6.95 289.29 310.93  89151.57
 10.0  3543.0 294.74   0.008630   6.72 304.42 330.25  88999.08
 10.0  3573.0 295.86   0.010390   6.27 298.51 352.22  88788.67
 10.0  3604.0 293.94   0.014091   4.08 214.56 377.45  88665.39
 10.0  3634.0 293.50   0.014483   3.18 180.15 385.25  88771.74
 11.0  3665.0 294.41   0.014536   3.68 211.32 382.39  88712.34
 11.0  3696.0 294.26   0.015490   2.53 163.03 393.01  88770.39
 11.0  3724.0 294.25   0.014795   3.14 190.68 383.87  88753.88
 11.0  3755.0 294.52   0.014049   6.24 234.79 368.82  88856.68
 11.0  3785.0 292.81   0.012154   7.17 243.21 343.03  88920.53
 11.0  3816.0 290.45   0.009748   7.31 248.06 315.53  89109.90
 11.0  3846.0 289.82   0.009068   6.92 253.38 311.44  89121.82
 11.0  3877.0 291.10   0.009004   7.03 271.85 318.75  89074.39
 11.0  3908.0 293.44   0.009768   6.07 282.59 338.02  88845.55
 11.0  3938.0 294.67   0.010845   6.59 303.57 345.71  88773.44
 11.0  3969.0 293.59   0.012661   5.01 219.99 370.53  88688.83
 11.0  3999.0 292.95   0.013879   3.55 187.41 380.38  88610.62
 12.0  4030.0 292.28   0.013778   4.65 150.83 382.84  88693.64
 12.0  4061.0 292.86   0.013967   4.34 186.57 378.75  88671.91
 12.0  4089.0 293.02   0.014199   3.00 168.60 382.06  88706.98
 12.0  4120.0 293.40   0.013201   6.07 233.10 363.14  88736.61
 12.0  4150.0 290.93   0.010912   6.88 218.04 339.35  88954.10
 12.0  4181.0 289.66   0.009128   7.14 244.65 307.87  89050.95
 12.0  4211.0 289.26   0.008541   7.16 251.73 305.33  89129.01
 12.0  4242.0 291.44   0.008684   6.17 280.05 309.63  88945.52
 12.0  4273.0 293.88   0.008464   6.02 304.24 320.18  88931.63
 12.0  4303.0 295.11   0.010043   4.32 277.81 347.08  88759.43
 12.0  4334.0 293.53   0.014028   4.05 207.51 377.42  88612.00
 12.0  4364.0 292.37   0.013647   4.22 169.98 379.85  88669.09
 13.0  4395.0 292.83   0.013931   3.56 171.26 381.37  88704.41
 13.0  4426.0 293.59   0.014002   4.20 215.02 375.39  88679.05
 13.0  4454.0 293.81   0.014142   3.55 204.10 377.90  88720.44
 13.0  4485.0 294.11   0.013275   5.80 262.87 357.78  88715.23
 13.0  4515.0 292.29   0.011622   7.13 245.66 335.96  88926.77
 13.0  4546.0 290.37   0.009790   7.48 233.17 319.08  89041.89
 13.0  4576.0 289.34   0.008387   7.45 257.40 303.10  89246.04
 13.0  4607.0 290.71   0.008314   7.30 287.01 304.51  89152.19
 13.0  4638.0 293.50   0.008426   7.10 312.53 320.22  88973.85
 13.0  4668.0 295.88   0.009242   6.42 312.57 340.52  88801.96
 13.0  4699.0 294.41   0.013247   4.41 253.12 368.19  88738.16
 13.0  4729.0 294.50   0.013923   4.36 222.76 378.70  88763.18
 14.0  4760.0 293.47   0.014506   3.50 184.86 384.16  88760.95
 14.0  4791.0 295.33   0.014792   3.59 245.75 378.27  88752.58
 14.0  4819.0 295.06   0.014735   3.32 221.68 379.97  88761.03
 14.0  4850.0 293.95   0.013126   6.90 252.87 356.80  88796.87
 14.0  4880.0 292.87   0.011979   7.21 249.80 340.84  88825.74
 14.0  4911.0 291.36   0.010276   7.34 240.38 326.80  89014.12
 14.0  4941.0 290.49   0.008659   6.94 267.97 304.52  89145.57
 14.0  4972.0 291.95   0.008281   7.49 291.40 308.99  89200.45
 14.0  5003.0 295.36   0.008712   6.75 302.99 333.31  88884.46
 14.0  5033.0 296.32   0.010491   6.45 311.46 348.88  88759.30
 14.0  5064.0 295.85   0.011821   4.86 272.89 368.65  88717.25
 14.0  5094.0 294.06   0.013626   3.76 204.83 378.50  88748.49
 15.0  5125.0 294.46   0.014604   3.62 209.62 384.05  88764.75
 15.0  5156.0 294.12   0.014600   3.74 192.65 384.70  88692.35
 15.0  5184.0 294.75   0.015189   3.11 189.72 389.92  88788.09
 15.0  5215.0 295.13   0.013631   5.54 247.40 365.27  88735.08
 15.0  5245.0 292.66   0.011743   7.11 238.23 343.68  88902.04
 15.0  5276.0 290.83   0.009162   6.58 247.19 316.25  89081.25
 15.0  5306.0 290.04   0.008320   6.89 267.99 301.28  89128.33
 15.0  5337.0 292.14   0.008965   6.71 270.54 323.32  88931.58
 15.0  5368.0 293.91   0.010165   6.53 273.96 343.35  88857.17
 15.0  5398.0 295.76   0.010961   3.96 287.12 352.48  88672.52
 15.0  5429.0 293.79   0.013845   3.52 210.93 378.70  88683.13
 15.0  5459.0 292.25   0.013643   5.63 146.29 382.72  88687.79
 16.0  5490.0 293.08   0.013755   5.60 199.46 375.46  88701.18
 16.0  5521.0 293.31   0.013514   4.72 214.23 371.95  88679.32
 16.0  5549.0 294.60   0.013108   5.40 272.21 364.41  88698.55
 16.0  5580.0 294.38   0.012941   5.81 259.70 360.15  88702.21
 16.0  5610.0 293.13   0.010767   6.90 257.80 337.26  88876.28
 16.0  5641.0 290.66   0.008381   7.44 258.89 304.27  89118.53
 16.0  5671.0 290.11   0.008023   7.54 273.36 298.32  89188.46
 16.0  5702.0 291.53   0.008017   6.74 288.21 307.26  89047.23
 16.0  5733.0 294.65   0.007836   5.91 291.38 328.89  88917.77
 16.0  5763.0 295.38   0.009948   4.61 295.49 345.06  88810.93
 16.0  5794.0 293.88   0.014145   3.12 203.36 381.23  88697.98
 16.0  5824.0 292.67   0.014040   3.48 152.85 386.77  88720.91
 17.0  5855.0 293.25   0.014156   4.47 193.45 380.15  88768.52
 17.0  5886.0 293.43   0.014244   3.75 187.41 382.46  88717.80
 17.0  5914.0 294.88   0.013966   5.08 239.22 373.36  88710.00
 17.0  5945.0 294.54   0.013048   6.63 262.01 354.78  88752.30
 17.0  5975.0 293.18   0.011322   7.03 247.42 339.00  88889.85
 17.0  6006.0 291.21   0.009303   6.92 254.38 314.35  89090.81
 17.0  6036.0 290.81   0.008963   7.30 264.94 307.92  89248.99
 17.0  6067.0 291.87   0.008579   7.10 291.42 312.45  89159.98
 17.0  6098.0 294.45   0.009006   7.26 312.07 329.43  88939.84
 17.0  6128.0 295.74   0.010293   6.46 306.36 346.26  88752.73
 17.0  6159.0 294.66   0.013601   3.88 243.95 371.61  88704.10
 17.0  6189.0 293.89   0.014699   3.52 199.56 385.37  88756.37
 18.0  6220.0 293.74   0.014734   3.27 175.45 389.63  88841.84
 18.0  6251.0 294.26   0.014584   4.61 207.48 381.49  88781.23
 18.0  6279.0 295.64   0.014702   3.65 249.15 379.59  88744.89
 18.0  6310.0 295.29   0.013556   6.25 278.03 359.09  88798.77
 18.0  6340.0 293.07   0.011910   7.24 243.08 345.62  88871.86
 18.0  6371.0 291.18   0.009637   6.92 255.05 319.90  89021.73
 18.0  6401.0 290.17   0.008541   7.44 263.66 307.53  89239.11
 18.0  6432.0 291.02   0.008366   7.28 289.55 305.99  89231.16
 18.0  6463.0 294.39   0.009065   6.33 292.87 337.75  88912.21
 18.0  6493.0 295.90   0.010037   5.34 301.46 345.06  88761.00
 18.0  6524.0 294.49   0.013203   3.83 220.31 374.57  88689.60
 18.0  6554.0 292.84   0.014501   3.57 145.42 388.29  88741.76
 19.0  6585.0 293.40   0.014663   3.70 161.42 387.49  88715.70
 19.0  6616.0 293.90   0.014289   3.57 207.20 378.90  88674.58
 19.0  6644.0 294.73   0.014403   3.81 225.23 379.85  88756.72
 19.0  6675.0 293.83   0.012276   6.73 279.20 344.89  88839.92
 19.0  6705.0 292.86   0.011521   7.14 248.89 337.89  88845.16
 19.0  6736.0 290.60   0.009317   7.25 244.63 315.48  89012.64
 19.0  6766.0 289.55   0.007984   7.02 259.21 301.33  89103.77
 19.0  6797.0 290.96   0.008785   7.27 264.37 319.27  89008.42
 19.0  6828.0 293.53   0.009277   6.32 292.07 333.32  88965.38
 19.0  6858.0 296.19   0.009999   3.74 288.86 351.61  88646.74
 19.0  6889.0 293.61   0.014046   3.76 200.98 378.12  88612.85
 19.0  6919.0 292.58   0.013699   5.55 163.53 380.32  88648.95
 20.0  6950.0 292.61   0.013382   5.23 193.49 376.03  88783.30
 20.0  6981.0 293.01   0.013616   3.95 200.43 376.23  88743.68
 20.0  7009.0 293.45   0.013788   3.34 193.40 376.48  88643.39
 20.0  7040.0 293.19   0.012704   6.64 236.07 357.20  88793.41
 20.0  7070.0 292.15   0.011093   6.39 239.79 335.64  88842.61
 20.0  7101.0 290.18   0.009577   6.99 234.31 320.54  89085.90
 20.0  7131.0 290.52   0.008987   6.26 257.20 311.27  89072.14
 20.0  7162.0 291.75   0.008482   6.07 275.66 317.63  88968.07
 20.0  7193.0 294.64   0.008298   6.60 297.36 327.85  88929.68
 20.0  7223.0 294.85   0.010687   4.35 264.98 352.95  88770.46
 20.0  7254.0 292.78   0.013885   3.15 154.50 383.82  88705.34
 20.0  7284.0 292.75   0.014065   4.50 183.00 380.98  88628.60
 21.0  7315.0 292.49   0.013558   4.85 184.40 377.82  88626.80
 21.0  7346.0 293.46   0.014079   3.28 208.38 379.95  88674.05
 21.0  7374.0 295.03   0.013691   3.96 242.36 372.90  88620.61
 21.0  7405.0 294.09   0.013010   6.17 264.47 355.65  88724.24
 21.0  7435.0 292.52   0.010919   6.48 254.38 333.98  88804.08
 21.0  7466.0 290.69   0.009103   6.85 242.43 316.24  89015.61
 21.0  7496.0 289.83   0.008171   6.92 266.88 299.15  89083.59
 21.0  7527.0 291.72   0.007732   6.75 294.75 302.93  89122.48
 21.0  7558.0 294.67   0.008428   6.17 305.18 327.73  88896.84
 21.0  7588.0 295.96   0.010102   5.27 298.02 349.76  88732.72
 21.0  7619.0 292.89   0.014409   2.87 159.23 386.93  88694.50
 21.0  7649.0 292.96   0.014244   3.07 162.24 386.93  88764.45
 22.0  7680.0 293.26   0.014031   3.64 188.33 379.75  88763.48
 22.0  7711.0 294.32   0.014605   3.26 209.56 380.89  88666.21
 22.0  7739.0 294.90   0.014334   4.11 247.68 373.94  88709.43
 22.0  7770.0 294.06   0.013309   5.67 243.47 361.12  88726.98
 22.0  7800.0 292.37   0.011596   7.21 241.11 338.33  88914.45
 22.0  7831.0 290.78   0.009664   7.29 241.95 320.41  89060.96
 22.0  7861.0 289.63   0.008489   7.21 262.29 299.77  89266.56
 22.0  7892.0 290.81   0.008654   7.38 284.93 309.48  89252.34
 22.0  7923.0 294.30   0.008947   7.24 305.67 331.01  89022.21
 22.0  7953.0 295.92   0.011335   5.50 274.23 361.01  88805.49
 22.0  7984.0 294.57   0.013823   4.73 241.35 373.03  88730.92
 22.0  8014.0 294.52   0.014233   4.19 229.53 378.09  88791.20
 23.0  8045.0 294.26   0.014706   3.68 205.41 385.86  88791.28
 23.0  8076.0 295.09   0.014965   3.44 217.63 386.15  88690.05
 23.0  8104.0 295.49   0.015348   4.01 225.92 386.02  88674.77
 23.0  8135.0 294.54   0.013764   6.37 241.29 365.44  88857.53
 23.0  8165.0 292.78   0.011389   6.68 252.14 336.52  89006.62
 23.0  8196.0 291.34   0.010017   7.45 255.01 318.44  89080.93
 23.0  8226.0 289.63   0.008693   7.43 248.41 311.29  89195.24
 23.0  8257.0 291.40   0.009377   7.16 269.78 319.15  89039.54
 23.0  8288.0 294.32   0.009316   5.53 277.91 339.90  88884.55
 23.0  8318.0 295.91   0.009501   4.98 304.54 339.60  88788.79
 23.0  8349.0 293.33   0.014275   2.89 175.03 382.41  88642.11
 23.0  8379.0 292.71   0.014239   3.67 153.49 385.59  88676.59
 24.0  8410.0 292.71   0.014355   3.16 136.81 389.60  88742.52
 24.0  8441.0 293.34   0.013881   4.17 194.95 378.92  88726.86
 24.0  8469.0 293.37   0.014060   4.21 198.91 378.64  88648.01
 24.0  8500.0 293.30   0.012378   6.75 253.07 353.02  88715.48
 24.0  8530.0 291.09   0.010202   7.31 255.88 319.61  88932.23
 24.0  8561.0 289.37   0.008565   6.90 241.20 305.60  89034.86
 24.0  8591.0 289.48   0.008419   7.14 254.55 307.48  89128.95
 24.0  8622.0 291.08   0.008516   7.24 281.13 310.99  89006.95
 24.0  8653.0 294.52   0.008359   5.95 301.05 328.63  88849.16
 24.0  8683.0 295.58   0.010326   4.24 292.94 349.69  88684.02
 24.0  8714.0 294.64   0.011354   4.31 256.46 358.23  88690.98
 24.0  8744.0 293.03   0.013698   3.45 185.36 377.09  88633.70
 25.0  8775.0 292.81   0.013447   5.08 195.15 375.74  88663.39
 25.0  8806.0 293.88   0.014519   3.17 193.57 385.17  88781.18
 25.0  8834.0 293.93   0.013569   4.22 224.58 369.20  88705.27
 25.0  8865.0 293.82   0.012817   6.19 256.19 356.60  88745.73
 25.0  8895.0 292.24   0.011601   6.89 240.71 339.96  88845.63
 25.0  8926.0 290.19   0.009417   7.02 246.46 312.81  89068.52
 25.0  8956.0 289.72   0.008669   7.17 259.29 303.32  89247.18
 25.0  8987.0 291.14   0.009124   7.15 265.44 316.79  89127.98
 25.0  9018.0 294.09   0.008978   7.22 305.09 327.59  88920.24
 25.0  9048.0 295.63   0.010604   5.57 303.62 351.66  88729.31
 25.0  9079.0 293.52   0.013900   3.54 209.80 377.92  88617.09
 25.0  9109.0 292.79   0.014119   3.45 167.61 382.65  88697.47
 26.0  9140.0 293.40   0.014510   3.74 181.78 383.07  88638.73
 26.0  9171.0 293.63   0.014084   4.40 201.75 377.18  88778.87
 26.0  9199.0 295.07   0.014212   4.22 247.59 374.09  88745.38
 26.0  9230.0 294.22   0.013490   5.86 257.37 358.12  88772.68
 26.0  9260.0 291.95   0.010604   6.85 256.00 329.00  88957.76
 26.0  9291.0 290.77   0.009399   7.29 245.99 319.18  89046.50
 26.0  9321.0 289.67   0.008725   7.19 248.83 311.39  89130.50
 26.0  9352.0 290.90   0.008107   7.04 286.40 306.78  89199.34
 26.0  9383.0 293.98   0.007631   6.95 316.70 317.06  88973.41
 26.0  9413.0 296.35   0.009281   5.78 323.01 340.84  88718.72
 26.0  9444.0 293.48   0.014037   3.07 180.58 381.76  88668.90
 26.0  9474.0 293.13   0.014196   3.58 176.61 382.38  88722.98
 27.0  9505.0 294.10   0.014095   3.77 219.85 378.70  88791.42
 27.0  9536.0 294.60   0.014455   3.65 230.94 378.55  88738.09
 27.0  9564.0 294.61   0.014709   2.99 212.26 381.88  88721.99
 27.0  9595.0 294.31   0.013745   5.53 236.76 365.89  88775.20
 27.0  9625.0 292.30   0.011631   7.14 246.67 339.97  88893.73
 27.0  9656.0 290.92   0.009491   7.10 259.68 309.90  89086.40
 27.0  9686.0 290.75   0.009051   6.73 245.79 315.31  89115.16
 27.0  9717.0 290.67   0.008257   7.36 284.92 303.72  89240.91
 27.0  9748.0 294.27   0.008140   6.61 311.94 321.49  89053.72
 27.0  9778.0 296.42   0.010221   5.39 301.66 353.41  88677.96
 27.0  9809.0 293.80   0.013337   3.59 218.14 373.46  88726.78
 27.0  9839.0 293.96   0.013924   3.94 214.90 376.47  88737.45
 28.0  9870.0 293.74   0.014675   3.48 184.30 387.03  88679.28
 28.0  9901.0 294.54   0.015228   2.52 197.45 387.49  88670.81
 28.0  9929.0 295.60   0.014954   3.53 248.71 379.37  88619.80
 28.0  9960.0 294.47   0.013558   6.78 258.45 359.91  88759.91
 28.0  9990.0 292.08   0.011122   7.44 231.76 340.46  88971.16
 28.0 10021.0 290.82   0.009358   6.87 246.56 314.80  89071.81
 28.0 10051.0 290.10   0.008253   7.26 264.82 302.38  89082.24
 28.0 10082.0 291.29   0.008516   7.23 287.07 307.92  89055.62
 28.0 10113.0 295.18   0.009083   5.07 288.23 341.45  88768.98
 28.0 10143.0 294.90   0.010875   3.94 273.83 348.14  88667.28
 28.0 10174.0 294.13   0.013236   4.17 226.25 373.40  88683.07
 28.0 10204.0 292.42   0.013753   5.07 166.85 380.37  88680.03
 29.0 10235.0 293.15   0.013909   4.85 199.11 377.49  88712.12
 29.0 10266.0 293.27   0.014586   2.90 172.72 385.37  88688.95
 29.0 10294.0 293.70   0.014045   3.78 205.13 377.78  88681.30
 29.0 10325.0 293.74   0.012937   6.34 256.27 355.98  88725.43
 29.0 10355.0 291.78   0.010808   6.90 238.22 334.33  88914.87
 29.0 10386.0 290.62   0.009259   6.91 247.74 312.78  89058.72
 29.0 10416.0 289.58   0.008428   7.17 256.65 300.74  89191.98
 29.0 10447.0 291.62   0.008646   6.30 286.03 310.81  89136.44
 29.0 10478.0 294.29   0.007175   7.01 319.83 312.45  88965.07
 29.0 10508.0 295.10   0.011013   4.33 255.74 356.59  88808.75
 29.0 10539.0 294.02   0.014050   2.98 226.95 373.19  88632.70
 29.0 10569.0 293.53   0.014354   3.12 194.35 380.76  88733.48
 30.0 10600.0 293.23   0.014190   3.64 183.61 382.58  88696.15
 30.0 10631.0 294.50   0.014537   3.64 223.30 379.66  88733.00
 30.0 10659.0 294.11   0.014743   2.95 191.97 384.92  88667.45
 30.0 10690.0 293.95   0.012890   6.55 261.58 353.87  88839.27
 30.0 10720.0 293.07   0.012173   6.79 239.98 345.86  88845.71
 30.0 10751.0 291.10   0.009976   6.79 243.12 319.77  89103.52
 30.0 10781.0 290.53   0.009034   6.68 251.23 314.61  89085.95
 30.0 10812.0 291.57   0.008863   7.04 276.79 318.79  89052.58
 30.0 10843.0 294.51   0.008913   5.76 307.59 328.85  88889.14
 30.0 10873.0 294.83   0.010976   6.01 295.51 349.29  88853.95
 30.0 10904.0 293.86   0.013419   3.78 232.29 372.27  88653.95
 30.0 10934.0 292.73   0.014179   3.99 164.10 384.33  88670.56
 31.0 10965.0 293.26   0.014343   3.91 186.39 381.55  88809.77
 31.0 10996.0 293.83   0.014469   3.11 198.30 383.25  88734.73
 31.0 11024.0 295.42   0.013920   4.37 275.38 367.10  88710.81
 31.0 11055.0 293.31   0.013153   5.75 208.33 366.47  88836.81
 31.0 11085.0 292.41   0.011842   6.61 233.98 344.31  88840.51
 31.0 11116.0 290.37   0.009438   7.01 239.40 317.43  89114.07
 31.0 11146.0 291.04   0.008741   6.14 261.37 309.76  89088.86
 31.0 11177.0 291.76   0.008758   6.98 267.94 321.89  89056.16
 31.0 11208.0 294.73   0.008132   6.10 289.02 332.16  88915.39
 31.0 11238.0 294.75   0.011268   4.96 273.26 353.82  88737.73
 31.0 11269.0 293.09   0.013671   3.94 187.29 377.18  88647.16
 31.0 11299.0 292.96   0.014360   3.24 173.14 385.09  88726.78
 32.0 11330.0 292.72   0.013804   4.45 175.50 379.41  88721.97
 32.0 11361.0 293.91   0.014160   3.95 208.49 379.68  88682.66
 32.0 11389.0 294.41   0.014288   3.58 224.18 378.10  88613.11
 32.0 11420.0 293.94   0.013228   6.42 258.41 357.92  88720.16
 32.0 11450.0 291.73   0.010949   6.89 255.98 329.13  88925.04
 32.0 11481.0 290.32   0.008928   7.10 264.50 303.44  89135.63
 32.0 11511.0 290.50   0.008317   6.58 270.37 299.69  89048.26
 32.0 11542.0 291.14   0.008205   7.54 288.82 306.98  89142.70
 32.0 11573.0 294.91   0.009048   5.98 299.93 332.48  88863.71
 32.0 11603.0 295.05   0.009892   5.76 289.55 345.16  88789.22
 32.0 11634.0 293.98   0.013897   3.83 207.69 378.67  88712.41
 32.0 11664.0 293.09   0.013974   3.79 178.70 380.95  88693.30
 33.0 11695.0 292.60   0.013662   4.69 172.35 378.71  88695.07
 33.0 11726.0 293.87   0.014368   3.21 196.54 383.72  88737.20
 33.0 11754.0 293.88   0.013572   4.23 223.36 370.87  88770.54
 33.0 11785.0 293.86   0.012881   6.40 257.96 355.00  88740.12
 33.0 11815.0 292.63   0.011772   6.99 242.08 341.34  88824.06
 33.0 11846.0 290.67   0.009469   7.00 250.54 313.07  89011.77
 33.0 11876.0 289.44   0.008017   6.80 262.34 297.56  89116.63
 33.0 11907.0 291.17   0.008651   7.03 274.47 314.83  89095.58
 33.0 11938.0 294.68   0.007603   7.16 324.90 314.53  88957.45
 33.0 11968.0 295.71   0.010447   5.01 307.95 348.12  88741.16
 33.0 11999.0 293.46   0.013866   3.57 207.24 377.86  88629.73
 33.0 12029.0 292.86   0.014549   2.97 145.27 387.57  88735.75
 34.0 12060.0 293.06   0.013923   4.65 184.16 378.90  88794.49
 34.0 12091.0 293.69   0.014393   2.68 188.45 381.11  88720.80
 34.0 12119.0 294.36   0.013724   5.44 253.19 366.82  88764.27
 34.0 12150.0 293.62   0.013024   5.81 233.64 361.96  88735.61
 34.0 12180.0 291.62   0.011203   7.37 227.50 341.13  88916.66
 34.0 12211.0 290.36   0.009738   7.30 233.23 317.51  89123.77
 34.0 12241.0 290.05   0.008935   7.21 248.40 310.23  89147.75
 34.0 12272.0 291.00   0.008666   7.44 288.53 309.47  89154.19
 34.0 12303.0 293.97   0.008751   7.01 301.76 331.83  89000.65
 34.0 12333.0 295.56   0.010902   5.26 296.70 354.65  88721.73
 34.0 12364.0 293.78   0.013589   3.62 218.43 375.75  88671.10
 34.0 12394.0 293.67   0.014376   3.21 195.45 381.18  88712.35
 35.0 12425.0 293.18   0.014160   4.31 179.51 383.25  88609.53
 35.0 12456.0 294.09   0.014975   3.45 188.70 387.27  88732.83
 35.0 12484.0 294.17   0.013929   4.73 220.23 375.56  88834.69
 35.0 12515.0 293.74   0.013178   6.99 250.33 357.94  88778.20
 35.0 12545.0 292.27   0.011126   7.25 252.87 334.51  88953.62
 35.0 12576.0 290.46   0.009164   7.18 255.19 310.70  89077.55
 35.0 12606.0 289.79   0.008658   6.90 256.48 307.39  89068.80
 35.0 12637.0 291.82   0.008704   6.73 277.91 316.84  89043.59
 35.0 12668.0 294.61   0.008919   6.05 284.07 336.69  88910.23
 35.0 12698.0 295.27   0.011148   4.34 286.83 348.04  88748.20
 35.0 12729.0 293.32   0.013596   3.59 194.25 377.97  88687.00
 35.0 12759.0 292.87   0.014115   3.83 165.14 384.13  88660.60
 36.0 12790.0 292.97   0.013684   5.70 192.61 376.68  88637.52
 36.0 12821.0 293.67   0.014033   3.88 224.72 374.08  88651.50
 36.0 12849.0 294.75   0.014316   3.17 234.35 376.53  88592.30
 36.0 12880.0 293.76   0.012892   6.42 258.74 353.50  88669.28
 36.0 12910.0 291.94   0.011399   7.06 246.85 337.40  88837.24
 36.0 12941.0 290.62   0.009877   7.06 235.31 320.34  89063.63
 36.0 12971.0 289.82   0.008826   6.91 245.05 313.36  89163.41
 36.0 13002.0 291.66   0.008783   6.95 287.32 311.51  89129.97
 36.0 13033.0 294.54   0.008047   6.80 315.11 320.63  88890.48
 36.0 13063.0 294.52   0.011493   4.77 251.19 361.72  88775.79
 36.0 13094.0 294.47   0.013969   2.77 243.07 371.15  88700.02
 36.0 13124.0 293.08   0.014239   4.23 176.03 382.70  88738.84
 37.0 13155.0 293.00   0.013659   5.71 192.40 377.28  88752.98
 37.0 13186.0 293.71   0.014604   3.29 189.94 385.23  88711.51
 37.0 13214.0 294.40   0.013894   5.06 245.59 371.26  88725.77
 37.0 13245.0 294.06   0.013261   6.49 253.39 360.72  88761.77
 37.0 13275.0 291.97   0.011223   7.28 235.39 339.64  88929.52
 37.0 13306.0 290.62   0.009249   7.02 255.97 307.96  89054.56
 37.0 13336.0 289.97   0.008275   6.81 263.65 302.13  89157.58
 37.0 13367.0 291.08   0.008641   7.22 278.11 312.69  89158.98
 37.0 13398.0 293.93   0.007906   6.54 309.61 321.61  88945.59
 37.0 13428.0 295.13   0.011432   4.62 286.75 353.48  88744.61
 37.0 13459.0 294.26   0.013483   3.71 238.95 371.86  88650.98
 37.0 13489.0 292.88   0.014064   4.01 163.97 382.53  88750.17
 38.0 13520.0 292.65   0.013959   3.57 167.22 381.42  88744.22
 38.0 13551.0 293.93   0.014362   2.97 197.93 381.65  88687.09
 38.0 13579.0 294.79   0.014144   3.37 226.41 376.25  88780.76
 38.0 13610.0 293.74   0.013580   4.97 225.77 365.94  88708.50
 38.0 13640.0 291.82   0.011218   7.39 245.78 336.25  88858.92
 38.0 13671.0 290.07   0.009416   7.53 243.04 313.61  89182.26
 38.0 13701.0 289.87   0.008848   7.27 258.50 303.81  89201.80
 38.0 13732.0 291.46   0.008498   6.76 293.73 304.74  89056.03
 38.0 13763.0 294.43   0.008358   6.57 306.53 327.20  88982.86
 38.0 13793.0 295.87   0.010609   6.11 295.98 353.46  88836.99
 38.0 13824.0 294.21   0.013186   4.66 236.63 370.49  88711.99
 38.0 13854.0 293.85   0.013733   4.19 224.37 373.92  88719.20
 39.0 13885.0 294.23   0.014113   4.09 222.43 378.27  88845.24
 39.0 13916.0 294.55   0.014695   2.93 214.25 384.05  88658.59
 39.0 13944.0 294.89   0.014606   4.60 224.86 379.23  88748.77
 39.0 13975.0 294.45   0.013943   5.73 238.65 365.90  88801.82
 39.0 14005.0 291.91   0.011358   7.21 235.39 340.25  88940.80
 39.0 14036.0 290.74   0.010169   7.08 239.60 320.42  89095.96
 39.0 14066.0 289.98   0.008715   6.97 263.81 304.88  89109.10
 39.0 14097.0 291.33   0.008763   6.98 279.45 314.35  89080.92
 39.0 14128.0 294.41   0.009021   7.06 295.71 335.05  88897.51
 39.0 14158.0 295.53   0.010164   6.34 299.46 348.09  88834.88
 39.0 14189.0 294.31   0.013172   4.96 240.44 370.68  88652.22
 39.0 14219.0 292.59   0.014549   2.57 124.21 392.17  88719.94
 40.0 14250.0 292.95   0.014463   3.62 141.83 389.95  88692.88
 40.0 14281.0 293.90   0.014566   4.22 206.70 378.37  88707.63
 40.0 14309.0 294.05   0.014127   4.42 221.98 374.17  88723.34
 40.0 14340.0 293.53   0.012649   7.29 250.22 354.52  88886.41
 40.0 14370.0 292.51   0.011207   6.69 238.87 337.69  88889.92
 40.0 14401.0 289.93   0.008356   6.87 254.76 303.75  89148.34
 40.0 14431.0 290.08   0.008286   6.93 263.89 302.91  89149.98
 40.0 14462.0 290.98   0.008859   7.36 271.27 316.25  89124.92
 40.0 14493.0 294.04   0.007628   6.73 312.20 316.69  88986.98
 40.0 14523.0 296.16   0.009291   5.16 294.01 345.70  88725.77
 40.0 14554.0 293.76   0.013992   3.02 203.37 378.29  88705.07
 40.0 14584.0 293.35   0.014254   3.15 176.64 384.78  88745.02
 41.0 14615.0 293.01   0.013948   4.80 180.42 378.93  88697.55
 41.0 14646.0 294.38   0.013898   3.82 233.19 372.60  88777.82
 41.0 14674.0 294.59   0.014195   4.12 233.42 376.83  88752.88
 41.0 14705.0 294.50   0.013600   5.87 255.28 361.95  88782.68
 41.0 14735.0 293.07   0.012255   7.20 228.96 346.56  88866.47
 41.0 14766.0 290.88   0.009977   7.71 243.24 322.12  89116.54
 41.0 14796.0 290.79   0.009159   7.18 260.63 309.29  89140.14
 41.0 14827.0 291.44   0.008483   7.16 289.06 312.79  89201.71
 41.0 14858.0 294.35   0.008651   7.59 307.14 329.99  89011.67
 41.0 14888.0 295.27   0.011096   6.48 287.75 353.42  88818.94
 41.0 14919.0 294.28   0.013247   4.60 228.49 373.21  88722.68
 41.0 14949.0 294.66   0.013222   4.96 257.97 364.98  88746.10
 42.0 14980.0 294.06   0.014809   3.08 180.49 387.55  88733.90
 42.0 15011.0 294.21   0.015306   2.98 171.79 392.37  88678.06
 42.0 15039.0 295.11   0.014989   3.54 208.45 385.82  88784.21
 42.0 15070.0 294.07   0.013665   5.72 226.84 368.24  88763.93
 42.0 15100.0 291.84   0.011427   7.32 228.54 342.55  88942.94
 42.0 15131.0 289.92   0.009487   7.18 236.33 320.06  89166.79
 42.0 15161.0 289.00   0.008493   7.50 253.27 305.47  89194.73
 42.0 15192.0 290.16   0.008592   7.34 267.66 313.54  89107.41
 42.0 15223.0 294.47   0.008867   6.22 298.24 331.35  88891.85
 42.0 15253.0 295.30   0.012052   3.54 248.38 366.38  88685.73
 42.0 15284.0 293.20   0.014071   3.10 187.15 381.70  88691.18
 42.0 15314.0 292.84   0.014096   4.22 174.97 381.65  88698.84
 43.0 15345.0 292.85   0.014150   4.04 180.64 381.44  88673.25
 43.0 15376.0 292.90   0.013863   3.60 172.85 379.88  88707.32
 43.0 15404.0 293.92   0.013749   3.82 228.41 374.88  88603.23
 43.0 15435.0 293.03   0.012870   6.61 231.10 357.80  88734.15
 43.0 15465.0 292.04   0.011393   6.43 234.37 341.41  88869.10
 43.0 15496.0 289.36   0.008833   6.91 244.32 307.14  89032.21
 43.0 15526.0 289.83   0.008725   6.73 253.96 306.29  89012.93
 43.0 15557.0 292.07   0.008871   6.59 276.49 319.88  88930.12
 43.0 15588.0 294.51   0.007792   5.99 297.00 329.63  88794.06
 43.0 15618.0 294.56   0.011280   4.03 267.37 351.21  88693.86
 43.0 15649.0 293.11   0.013587   4.37 196.71 375.65  88671.05
 43.0 15679.0 292.60   0.013901   3.87 171.61 378.84  88732.70
 44.0 15710.0 292.25   0.013235   4.71 184.86 373.07  88742.42
 44.0 15741.0 292.41   0.013175   5.17 187.08 372.47  88673.77
 44.0 15769.0 293.07   0.013848   4.21 197.49 378.32  88659.62
 44.0 15800.0 293.20   0.012620   6.81 251.46 353.52  88741.73
 44.0 15830.0 292.17   0.011194   6.71 249.65 334.67  88771.51
 44.0 15861.0 289.83   0.008385   6.42 254.76 302.69  89055.07
 44.0 15891.0 289.02   0.008508   7.59 247.32 305.56  89201.50
 44.0 15922.0 290.81   0.008462   6.65 279.94 309.77  89094.77
 44.0 15953.0 294.34   0.008676   6.29 303.51 328.99  88850.47
 44.0 15983.0 294.36   0.013079   3.11 226.98 371.17  88732.42
 44.0 16014.0 293.40   0.014003   3.80 194.08 378.31  88675.10
 44.0 16044.0 292.68   0.014050   3.45 160.02 381.49  88756.27
 45.0 16075.0 292.75   0.013856   3.86 164.96 380.34  88771.94
 45.0 16106.0 293.41   0.014046   4.22 183.19 381.68  88707.58
 45.0 16134.0 294.52   0.013635   4.64 257.81 365.23  88682.58
 45.0 16165.0 294.04   0.013248   5.51 256.22 358.22  88742.04
 45.0 16195.0 292.40   0.011634   6.96 244.12 338.78  88862.60
 45.0 16226.0 290.39   0.009044   6.77 253.99 311.10  89068.30
 45.0 16256.0 290.09   0.008181   6.98 267.64 302.73  89114.20
 45.0 16287.0 291.81   0.008325   6.88 278.87 313.76  89123.77
 45.0 16318.0 294.34   0.009098   5.45 290.92 334.02  88818.51
 45.0 16348.0 295.00   0.011576   4.35 280.74 358.05  88745.23
 45.0 16379.0 293.90   0.013810   3.50 205.65 375.08  88709.91
 45.0 16409.0 292.75   0.013984   4.30 160.50 383.20  88680.21
 46.0 16440.0 292.95   0.014112   4.23 181.95 381.25  88683.47
 46.0 16471.0 293.05   0.013374   3.84 195.21 375.03  88778.75
 46.0 16499.0 293.75   0.014378   3.40 192.88 382.98  88679.44
 46.0 16530.0 294.02   0.012796   6.45 254.67 357.29  88726.18
 46.0 16560.0 292.22   0.011365   6.83 223.74 344.03  88902.94
 46.0 16591.0 289.78   0.008704   6.72 254.12 300.90  89064.36
 46.0 16621.0 289.59   0.008404   6.82 260.90 302.11  89130.64
 46.0 16652.0 291.07   0.009027   6.85 263.52 318.68  89063.70
 46.0 16683.0 292.85   0.008790   7.09 293.57 327.93  88987.39
 46.0 16713.0 294.69   0.010909   4.54 272.51 351.24  88685.79
 46.0 16744.0 293.02   0.013661   3.30 196.19 376.65  88660.06
 46.0 16774.0 292.39   0.013758   4.34 160.16 381.39  88687.37
 47.0 16805.0 292.82   0.013904   4.13 182.86 380.36  88628.91
 47.0 16836.0 293.12   0.013667   4.47 207.88 374.89  88695.02
 47.0 16864.0 294.20   0.014122   3.35 214.28 378.07  88672.27
 47.0 16895.0 293.49   0.012496   6.83 272.88 344.61  88743.36
 47.0 16925.0 292.02   0.011582   6.73 231.50 342.61  88867.73
 47.0 16956.0 290.61   0.008871   6.82 256.12 306.58  89034.41
 47.0 16986.0 289.88   0.008381   7.08 268.77 300.15  89134.59
 47.0 17017.0 291.93   0.008070   6.99 289.46 307.39  89088.65
 47.0 17048.0 293.20   0.008096   6.74 299.23 321.12  89043.40
 47.0 17078.0 295.74   0.010973   3.70 288.28 350.45  88646.83
 47.0 17109.0 293.35   0.013826   3.66 203.98 375.40  88748.98
 47.0 17139.0 293.00   0.014665   2.99 153.90 387.35  88751.46
 48.0 17170.0 293.50   0.014788   2.78 159.97 389.86  88788.79
 48.0 17201.0 294.67   0.014263   3.42 233.14 375.89  88738.29
 48.0 17229.0 294.53   0.014313   3.86 219.78 377.99  88777.38
 48.0 17260.0 294.42   0.013582   6.56 255.30 359.85  88793.72
 48.0 17290.0 292.35   0.011962   7.31 228.10 344.84  88963.86
 48.0 17321.0 290.83   0.010238   7.48 226.52 329.68  89127.56
 48.0 17351.0 290.13   0.008854   7.42 265.47 304.29  89319.98
 48.0 17382.0 291.92   0.009810   7.64 266.79 325.07  89141.09
 48.0 17413.0 294.79   0.009822   7.14 299.91 340.47  88960.20
 48.0 17443.0 295.66   0.010774   6.18 293.88 350.22  88802.62
 48.0 17474.0 294.88   0.013558   4.65 260.11 367.92  88759.30
 48.0 17504.0 294.14   0.014756   3.73 183.33 387.77  88803.71
 49.0 17535.0 294.53   0.014976   4.06 199.01 387.02  88836.17
 49.0 17566.0 294.88   0.015125   3.58 204.81 386.24  88736.53
 49.0 17594.0 295.24   0.015379   3.50 215.37 387.48  88758.77
 49.0 17625.0 294.01   0.013167   6.58 253.22 358.29  88790.27
 49.0 17655.0 291.81   0.011640   7.48 229.51 342.67  88935.59
 49.0 17686.0 291.18   0.010043   6.88 250.95 317.28  89040.30
 49.0 17716.0 289.83   0.008955   7.56 248.31 310.81  89187.76
 49.0 17747.0 291.34   0.008831   6.54 281.12 312.84  89112.91
 49.0 17778.0 294.65   0.009091   6.74 303.20 337.07  88878.26
 49.0 17808.0 295.70   0.010694   5.93 307.72 346.71  88809.77
 49.0 17839.0 293.93   0.013700   3.52 215.11 377.51  88650.76
 49.0 17869.0 292.71   0.014219   4.39 140.12 388.35  88720.98
 50.0 17900.0 293.23   0.014351   3.96 182.79 383.36  88818.38
 50.0 17931.0 293.41   0.014439   2.89 185.56 382.74  88674.66
 50.0 17959.0 293.79   0.014323   4.27 214.82 377.48  88625.30
 50.0 17990.0 293.78   0.013071   6.36 247.52 357.90  88699.58
 50.0 18020.0 292.17   0.011174   6.78 246.55 334.43  88892.59
 50.0 18051.0 290.33   0.008774   6.35 251.00 307.69  89076.02
 50.0 18081.0 290.14   0.008291   6.75 268.21 301.47  89082.20
 50.0 18112.0 291.95   0.008354   6.93 286.15 312.26  89038.23
 50.0 18143.0 294.43   0.008383   6.84 305.59 326.85  88892.55
 50.0 18173.0 294.68   0.010765   5.01 264.75 352.58  88765.75
 50.0 18204.0 293.57   0.013696   3.49 221.93 371.83  88663.45
 50.0 18234.0 292.90   0.013905   3.77 168.65 381.89  88687.88
 51.0 18265.0 292.79   0.013965   3.94 178.44 380.76  88706.56
 51.0 18296.0 293.18   0.014257   3.91 181.49 382.37  88746.84
 51.0 18324.0 294.18   0.013879   4.86 242.30 371.59  88726.20
 51.0 18355.0 293.83   0.013029   6.88 257.05 352.47  88736.07
 51.0 18385.0 292.63   0.011313   7.08 251.13 337.53  88891.41
 51.0 18416.0 290.07   0.008539   6.93 261.30 300.85  89090.84
 51.0 18446.0 289.47   0.008055   7.26 264.71 296.97  89196.11
 51.0 18477.0 292.01   0.008211   6.25 287.30 309.31  89110.67
 51.0 18508.0 294.45   0.008283   6.12 299.69 329.57  88903.72
 51.0 18538.0 295.53   0.010221   3.90 284.65 347.38  88792.12
 51.0 18569.0 293.91   0.013346   3.77 216.32 373.90  88717.16
 51.0 18599.0 293.19   0.013908   3.32 180.72 382.40  88751.82
 52.0 18630.0 292.92   0.014037   4.18 174.83 383.18  88741.29
 52.0 18661.0 293.74   0.014042   3.74 207.89 378.59  88718.95
 52.0 18689.0 294.43   0.013737   4.14 234.10 369.76  88639.28
 52.0 18720.0 294.01   0.012280   6.80 282.01 344.84  88741.91
 52.0 18750.0 292.84   0.011229   7.11 249.95 339.36  88874.46
 52.0 18781.0 291.15   0.008758   6.59 259.13 308.52  89033.60
 52.0 18811.0 290.30   0.008323   7.22 266.77 304.13  89115.52
 52.0 18842.0 292.33   0.008789   7.06 290.19 314.34  89014.55
 52.0 18873.0 293.94   0.008713   6.90 312.13 324.51  88985.63
 52.0 18903.0 295.33   0.010909   4.97 281.54 354.65  88776.44
 52.0 18934.0 294.06   0.013853   3.26 215.75 380.28  88700.23
 52.0 18964.0 293.23   0.014292   3.71 169.19 385.37  88740.21
 53.0 18995.0 293.61   0.014696   3.29 172.80 388.39  88828.30
 53.0 19026.0 293.89   0.014370   3.07 179.74 385.45  88787.22
 53.0 19054.0 294.77   0.014560   4.41 226.99 380.49  88778.30
 53.0 19085.0 293.55   0.012825   6.72 236.46 360.71  88906.35
 53.0 19115.0 291.94   0.010824   6.92 236.93 336.05  89017.04
 53.0 19146.0 290.61   0.009170   7.51 254.24 314.89  89162.38
 53.0 19176.0 289.41   0.008684   7.27 251.30 305.91  89289.62
 53.0 19207.0 291.37   0.008666   7.03 284.35 312.90  89179.25
 53.0 19238.0 294.48   0.009167   6.89 294.79 336.71  88943.05
 53.0 19268.0 296.15   0.011380   5.58 294.08 357.74  88751.40
 53.0 19299.0 294.25   0.013876   3.79 199.66 381.07  88713.94
 53.0 19329.0 293.95   0.014547   4.29 196.21 385.61  88686.66
 54.0 19360.0 294.20   0.014964   3.70 185.27 387.53  88831.52
 54.0 19391.0 294.65   0.014705   3.08 192.36 384.95  88808.60
 54.0 19419.0 294.74   0.014540   3.94 231.15 379.74  88735.15
 54.0 19450.0 294.17   0.013015   6.78 271.52 349.88  88790.75
 54.0 19480.0 292.70   0.011118   6.94 251.21 336.75  88890.97
 54.0 19511.0 290.46   0.009003   7.35 254.09 307.97  89167.56
 54.0 19541.0 289.67   0.008333   7.28 269.05 300.83  89232.82
 54.0 19572.0 292.12   0.008935   6.64 283.85 316.57  89030.95
 54.0 19603.0 294.45   0.008511   6.60 300.94 331.44  88917.96
 54.0 19633.0 294.84   0.009891   5.54 287.62 343.05  88777.68
 54.0 19664.0 293.28   0.013316   3.33 202.90 372.88  88637.70
 54.0 19694.0 292.92   0.013865   3.12 186.94 378.27  88741.41
 55.0 19725.0 292.58   0.013849   4.17 171.80 381.05  88753.68
 55.0 19756.0 294.06   0.014359   3.19 216.13 378.43  88685.83
 55.0 19784.0 294.42   0.014217   3.74 228.99 376.78  88714.16
 55.0 19815.0 293.68   0.013304   6.52 244.61 359.54  88768.31
 55.0 19845.0 292.60   0.011784   7.14 238.32 341.12  88911.56
 55.0 19876.0 289.92   0.009182   7.43 246.64 310.74  89194.36
 55.0 19906.0 289.31   0.008670   7.27 242.86 307.08  89232.24
 55.0 19937.0 290.36   0.008151   6.95 279.60 306.06  89175.13
 55.0 19968.0 293.73   0.008395   6.86 304.52 326.09  88912.64
 55.0 19998.0 295.98   0.009474   5.36 306.26 344.10  88752.06
 55.0 20029.0 293.99   0.013593   3.50 225.59 372.49  88688.98
 55.0 20059.0 294.01   0.013160   3.34 232.31 367.11  88703.38
 56.0 20090.0 293.45   0.013735   3.66 212.27 375.33  88715.52
 56.0 20121.0 293.80   0.014119   3.69 221.14 378.24  88699.99
 56.0 20149.0 294.92   0.013796   4.93 258.88 367.15  88646.75
 56.0 20180.0 294.47   0.012977   6.33 267.44 355.85  88774.79
 56.0 20210.0 293.33   0.011845   7.05 238.63 346.75  88874.40
 56.0 20241.0 291.84   0.009868   6.82 249.40 322.40  89050.52
 56.0 20271.0 291.40   0.008501   6.60 263.07 308.51  89106.12
 56.0 20302.0 291.92   0.008412   7.07 282.72 313.41  89085.82
 56.0 20333.0 294.30   0.007812   7.37 318.26 315.98  89018.28
 56.0 20363.0 295.94   0.010773   4.54 278.20 356.51  88743.84
 56.0 20394.0 294.12   0.013354   4.06 220.12 375.27  88741.98
 56.0 20424.0 293.80   0.014114   3.94 186.73 382.84  88747.63
 57.0 20455.0 293.45   0.014495   3.42 167.95 387.36  88706.49
 57.0 20486.0 294.14   0.014738   3.19 185.92 388.38  88850.96
 57.0 20514.0 294.84   0.014477   3.77 211.11 382.17  88728.73
 57.0 20545.0 293.77   0.012834   5.53 238.73 360.05  88780.06
 57.0 20575.0 292.32   0.011761   7.23 239.66 338.83  88872.02
 57.0 20606.0 290.75   0.009328   7.20 251.80 312.57  89029.77
 57.0 20636.0 289.87   0.008599   7.37 253.17 306.60  89200.47
 57.0 20667.0 291.46   0.008562   6.94 282.61 312.47  89084.11
 57.0 20698.0 293.86   0.008825   7.22 302.58 327.59  89012.57
 57.0 20728.0 295.24   0.011243   4.53 255.85 360.81  88711.18
 57.0 20759.0 294.18   0.012958   3.76 241.13 365.67  88731.51
 57.0 20789.0 293.14   0.013846   3.75 177.37 382.51  88738.43
 58.0 20820.0 293.26   0.013775   3.91 195.16 378.69  88733.69
 58.0 20851.0 293.86   0.014497   3.11 185.97 386.03  88691.73
 58.0 20879.0 294.28   0.014010   3.46 222.17 375.38  88596.32
 58.0 20910.0 293.75   0.013516   5.51 230.47 366.62  88726.38
 58.0 20940.0 291.82   0.011222   6.53 241.33 334.10  88915.59
 58.0 20971.0 290.05   0.009567   7.39 239.73 316.72  89082.80
 58.0 21001.0 289.29   0.008280   6.98 257.47 301.15  89218.05
 58.0 21032.0 291.01   0.009457   7.07 250.73 325.90  89101.31
 58.0 21063.0 294.26   0.008670   5.48 304.12 326.58  88913.98
 58.0 21093.0 296.39   0.009457   4.39 295.16 347.93  88736.88
 58.0 21124.0 293.22   0.013829   3.43 188.56 379.93  88657.13
 58.0 21154.0 292.51   0.014255   3.29 141.60 389.30  88642.26
 59.0 21185.0 292.76   0.013928   4.44 180.98 379.82  88728.95
 59.0 21216.0 293.56   0.014473   3.02 181.11 382.72  88790.02
 59.0 21244.0 295.42   0.013994   4.42 271.62 369.19  88662.79
 59.0 21275.0 294.34   0.013321   6.52 272.87 356.83  88721.82
 59.0 21305.0 292.62   0.011065   7.15 255.71 334.81  88892.60
 59.0 21336.0 290.78   0.009311   7.12 256.38 310.63  89128.10
 59.0 21366.0 290.99   0.008860   7.10 259.42 312.01  89149.55
 59.0 21397.0 291.42   0.008060   7.22 291.90 307.21  89187.51
 59.0 21428.0 294.74   0.009906   4.87 277.49 341.24  88831.41
 59.0 21458.0 294.44   0.010964   5.73 283.95 345.35  88863.77
 59.0 21489.0 293.63   0.013710   3.39 199.39 376.85  88697.77
 59.0 21519.0 293.01   0.014252   4.50 174.76 383.17  88740.43
 60.0 21550.0 293.29   0.014726   3.37 163.14 387.39  88787.15
 60.0 21581.0 294.10   0.014473   2.92 200.42 381.83  88721.68
 60.0 21609.0 295.44   0.013907   4.34 270.68 368.07  88744.00
 60.0 21640.0 294.72   0.013173   6.69 272.13 357.05  88733.03
 60.0 21670.0 293.37   0.011554   7.41 244.42 346.38  88845.83
 60.0 21701.0 291.38   0.009397   6.90 259.55 316.39  89044.41
 60.0 21731.0 290.73   0.008480   7.33 260.40 306.47  89151.44
 60.0 21762.0 291.74   0.008543   7.24 291.00 311.61  89160.54
 60.0 21793.0 294.19   0.008307   7.31 311.59 324.82  88999.60
 60.0 21823.0 296.02   0.010646   5.35 288.74 355.92  88714.50
 60.0 21854.0 295.05   0.012533   4.09 259.96 366.10  88743.31
 60.0 21884.0 294.86   0.013858   4.61 246.82 373.84  88667.38
 61.0 21915.0 293.71   0.014367   4.29 174.47 385.81  88807.73
 61.0 21946.0 295.14   0.015041   3.76 210.94 388.80  88791.93
 61.0 21974.0 294.64   0.014539   3.53 209.34 383.74  88787.24
 61.0 22005.0 294.17   0.013337   7.04 255.55 359.22  88849.65
 61.0 22035.0 292.97   0.011590   6.44 236.91 344.27  88904.71
 61.0 22066.0 291.81   0.009926   6.78 237.28 326.98  89040.59
 61.0 22096.0 290.24   0.008763   7.35 248.88 313.13  89243.48
 61.0 22127.0 291.62   0.008721   6.93 293.24 309.16  89158.77
 61.0 22158.0 294.83   0.009001   5.32 299.21 329.32  88927.25
 61.0 22188.0 296.10   0.010093   6.13 298.77 350.19  88774.46
 61.0 22219.0 293.47   0.013902   3.72 182.69 382.45  88655.45
 61.0 22249.0 294.05   0.014037   3.45 209.39 379.84  88646.14
 62.0 22280.0 294.16   0.014991   3.14 178.04 389.95  88750.14
 62.0 22311.0 294.80   0.014915   3.21 210.78 386.02  88830.12
 62.0 22339.0 294.91   0.014668   3.31 222.62 380.78  88690.46
 62.0 22370.0 294.38   0.013607   5.60 259.68 361.39  88723.49
 62.0 22400.0 292.22   0.011620   6.87 243.98 340.56  88908.84
 62.0 22431.0 290.44   0.009258   6.69 254.65 312.72  89088.23
 62.0 22461.0 290.38   0.008854   7.27 255.10 313.54  89066.60
 62.0 22492.0 291.62   0.009151   7.06 266.81 321.89  89061.41
 62.0 22523.0 294.23   0.009216   6.19 296.18 333.80  88826.63
 62.0 22553.0 294.67   0.011411   4.39 267.70 355.81  88691.59
 62.0 22584.0 293.30   0.014023   3.30 176.48 382.81  88613.77
 62.0 22614.0 292.46   0.014106   3.31 154.78 385.91  88624.15
 63.0 22645.0 292.50   0.013664   5.11 177.03 376.81  88602.88
 63.0 22676.0 293.31   0.013618   5.04 233.77 369.33  88695.62
 63.0 22704.0 293.15   0.013206   5.13 224.32 366.78  88676.77
 63.0 22735.0 293.32   0.012198   7.19 257.48 352.43  88762.37
 63.0 22765.0 291.14   0.009828   7.25 257.32 323.08  88969.68
 63.0 22796.0 289.83   0.008935   6.98 236.63 314.51  89093.69
 63.0 22826.0 289.88   0.008530   7.40 257.62 304.65  89108.30
 63.0 22857.0 291.24   0.008446   6.76 286.77 311.20  89053.60
 63.0 22888.0 293.58   0.007737   6.87 315.10 316.32  88922.47
 63.0 22918.0 295.62   0.009185   4.73 311.57 337.93  88705.23
 63.0 22949.0 294.17   0.012896   3.37 246.83 365.66  88625.46
 63.0 22979.0 292.24   0.013662   4.82 157.95 379.27  88669.83
 64.0 23010.0 292.47   0.013721   4.02 165.56 380.26  88790.86
 64.0 23041.0 293.02   0.013867   3.02 168.07 382.22  88652.23
 64.0 23069.0 294.16   0.013523   4.74 239.49 372.17  88685.98
 64.0 23100.0 293.58   0.012214   6.78 271.80 345.10  88743.05
 64.0 23130.0 292.71   0.010971   6.72 251.73 335.26  88825.42
 64.0 23161.0 291.80   0.008606   6.33 262.36 306.02  89063.39
 64.0 23191.0 291.36   0.008409   6.93 267.26 303.93  89124.52
 64.0 23222.0 292.03   0.008339   7.17 297.10 306.32  89084.84
 64.0 23253.0 294.43   0.007958   7.28 313.96 322.96  89033.96
 64.0 23283.0 295.78   0.010241   6.21 298.52 350.23  88831.42
 64.0 23314.0 294.44   0.012960   4.44 247.29 366.59  88775.38
 64.0 23344.0 293.22   0.014630   3.66 157.04 388.27  88800.50
 65.0 23375.0 293.82   0.014752   3.56 191.34 385.81  88751.08
 65.0 23406.0 294.89   0.014122   3.27 226.25 379.16  88791.11
 65.0 23434.0 295.36   0.014405   4.44 248.56 373.49  88699.01
 65.0 23465.0 294.16   0.012959   6.94 262.64 353.44  88862.91
 65.0 23495.0 292.47   0.010876   7.32 254.78 334.18  88941.62
 65.0 23526.0 291.65   0.009352   6.71 256.89 318.76  88990.84
 65.0 23556.0 289.97   0.008752   7.53 251.71 310.45  89248.27
 65.0 23587.0 291.35   0.008237   7.53 293.34 305.01  89221.59
 65.0 23618.0 294.89   0.009207   6.74 301.39 337.05  88957.89
 65.0 23648.0 296.07   0.011023   6.36 295.88 355.94  88767.89
 65.0 23679.0 295.47   0.012403   4.61 275.04 367.65  88700.83
 65.0 23709.0 294.57   0.014510   3.88 222.55 384.18  88774.55
 66.0 23740.0 294.38   0.015029   3.62 190.55 388.14  88838.55
 66.0 23771.0 295.32   0.015276   3.06 210.98 388.90  88772.63
 66.0 23799.0 295.27   0.014840   4.22 227.99 383.15  88869.34
 66.0 23830.0 295.10   0.014016   6.60 259.84 364.47  88817.66
 66.0 23860.0 293.60   0.012569   6.77 226.61 356.00  88910.76
 66.0 23891.0 291.21   0.009550   7.13 249.61 320.78  89166.27
 66.0 23921.0 290.76   0.009267   7.47 246.19 319.09  89206.70
 66.0 23952.0 291.69   0.009246   7.29 277.41 318.61  89182.29
 66.0 23983.0 294.10   0.009174   7.10 295.31 334.19  88950.20
 66.0 24013.0 296.00   0.011377   5.99 295.65 359.23  88740.13
 66.0 24044.0 293.97   0.013961   3.42 206.38 381.83  88709.57
 66.0 24074.0 292.75   0.014259   4.39 143.98 387.13  88682.00
 67.0 24105.0 293.19   0.014287   4.25 171.74 385.28  88804.60
 67.0 24136.0 293.22   0.014022   4.91 182.73 380.17  88720.91
 67.0 24164.0 294.33   0.014081   3.57 223.30 376.40  88693.21
 67.0 24195.0 293.45   0.012831   6.74 246.20 356.51  88808.21
 67.0 24225.0 292.17   0.011423   6.91 239.44 338.28  88819.34
 67.0 24256.0 290.13   0.009205   6.91 243.79 313.95  89084.52
 67.0 24286.0 289.98   0.009112   6.94 237.40 316.17  89073.73
 67.0 24317.0 290.87   0.008706   7.27 266.46 318.42  89073.68
 67.0 24348.0 294.63   0.007946   5.82 300.93 327.24  88850.48
 67.0 24378.0 295.83   0.010385   4.80 288.25 353.70  88721.69
 67.0 24409.0 293.54   0.012975   4.52 226.29 366.41  88679.93
 67.0 24439.0 292.29   0.013796   4.55 148.26 380.72  88675.65
 68.0 24470.0 292.62   0.013957   4.67 165.96 381.74  88727.31
 68.0 24501.0 293.78   0.014218   3.48 204.81 379.61  88729.52
 68.0 24529.0 295.05   0.013685   5.79 273.33 366.95  88662.33
 68.0 24560.0 293.35   0.012946   6.72 239.36 358.17  88790.02
 68.0 24590.0 292.53   0.011523   7.12 243.18 338.50  88886.15
 68.0 24621.0 290.88   0.009429   7.26 253.90 309.31  89080.89
 68.0 24651.0 290.22   0.008643   7.00 265.02 303.72  89107.82
 68.0 24682.0 291.04   0.008185   7.11 286.16 307.20  89073.77
 68.0 24713.0 294.52   0.008851   6.13 298.93 333.98  88944.50
 68.0 24743.0 295.69   0.010414   4.87 293.47 348.67  88768.59
 68.0 24774.0 294.11   0.013438   3.14 236.30 370.86  88660.34
 68.0 24804.0 292.81   0.013857   3.76 165.88 382.06  88790.65
 69.0 24835.0 293.14   0.014291   4.14 179.27 384.13  88781.04
 69.0 24866.0 293.70   0.014279   3.69 189.23 382.34  88736.03
 69.0 24894.0 294.67   0.014053   4.20 241.23 372.84  88757.93
 69.0 24925.0 294.01   0.012959   6.09 258.48 355.33  88730.24
 69.0 24955.0 292.92   0.012031   7.03 237.02 344.96  88822.32
 69.0 24986.0 290.63   0.009609   7.47 240.11 320.37  89087.16
 69.0 25016.0 290.36   0.009100   7.40 251.11 313.12  89103.80
 69.0 25047.0 291.28   0.008482   7.25 290.20 308.76  89137.37
 69.0 25078.0 295.14   0.008130   6.66 319.27 324.10  88856.57
 69.0 25108.0 294.62   0.011645   5.28 260.33 361.85  88802.23
 69.0 25139.0 294.31   0.013715   3.62 238.05 373.99  88658.20
 69.0 25169.0 292.95   0.014461   3.21 167.57 385.78  88705.41
 70.0 25200.0 293.16   0.013787   4.83 197.24 376.37  88741.70
 70.0 25231.0 293.81   0.014614   2.78 180.06 386.28  88752.40
 70.0 25259.0 295.11   0.014302   4.62 251.30 375.64  88665.12
 70.0 25290.0 294.22   0.012956   6.96 263.23 355.79  88739.78
 70.0 25320.0 292.61   0.011050   6.88 246.30 336.31  88874.22
 70.0 25351.0 290.36   0.009051   6.94 249.32 310.24  89081.85
 70.0 25381.0 289.94   0.008840   7.22 248.41 312.15  89132.55
 70.0 25412.0 291.02   0.008547   7.11 278.23 312.08  89139.94
 70.0 25443.0 294.41   0.008876   5.82 287.81 335.08  88928.38
 70.0 25473.0 294.75   0.011692   4.38 258.54 359.10  88726.65
 70.0 25504.0 293.45   0.014383   3.38 183.84 382.72  88644.66
 70.0 25534.0 292.78   0.014400   3.25 149.17 387.49  88704.63
 71.0 25565.0 293.12   0.014021   4.31 181.01 379.47  88710.73
 71.0 25596.0 293.41   0.014108   3.76 200.48 379.62  88766.21
 71.0 25624.0 293.78   0.014332   3.03 190.57 383.70  88680.55
 71.0 25655.0 293.89   0.012931   6.85 250.91 357.33  88748.34
 71.0 25685.0 291.26   0.010679   6.75 240.64 328.86  88961.44
 71.0 25716.0 290.38   0.009459   7.00 239.41 318.63  89064.75
 71.0 25746.0 289.56   0.008478   7.57 257.03 304.66  89206.58
 71.0 25777.0 290.88   0.008632   7.11 282.33 310.97  89107.14
 71.0 25808.0 294.30   0.008306   6.41 309.60 324.46  88881.42
 71.0 25838.0 295.56   0.010600   4.43 265.68 355.72  88733.08
 71.0 25869.0 294.07   0.013596   3.42 241.58 369.90  88663.05
 71.0 25899.0 293.27   0.014541   3.18 169.20 385.57  88677.82
 72.0 25930.0 293.58   0.014099   4.73 208.81 379.77  88611.00
 72.0 25961.0 293.85   0.014094   3.40 204.63 376.92  88653.48
 72.0 25989.0 294.85   0.013893   5.89 274.74 367.24  88728.10
 72.0 26020.0 293.49   0.012925   6.27 241.22 357.55  88751.55
 72.0 26050.0 292.66   0.011831   7.09 235.61 343.91  88766.32
 72.0 26081.0 290.61   0.008945   6.95 260.93 307.26  89078.96
 72.0 26111.0 290.45   0.008370   6.97 266.40 305.26  89147.41
 72.0 26142.0 292.19   0.008564   6.51 282.73 319.06  89024.75
 72.0 26173.0 294.96   0.008219   5.61 299.29 327.07  88879.34
 72.0 26203.0 294.84   0.010876   5.42 292.14 349.66  88761.59
 72.0 26234.0 293.52   0.013743   3.63 204.08 379.39  88665.33
 72.0 26264.0 292.72   0.013933   3.86 171.79 382.78  88744.36
 73.0 26295.0 292.81   0.013929   5.03 173.65 381.62  88777.27
 73.0 26326.0 293.58   0.013889   4.10 211.89 375.46  88714.70
 73.0 26354.0 294.26   0.013956   3.78 219.94 376.36  88778.02
 73.0 26385.0 293.91   0.013844   4.90 211.08 369.55  88721.29
 73.0 26415.0 291.95   0.011124   6.83 251.51 331.02  88890.06
 73.0 26446.0 290.47   0.009443   6.88 235.81 315.20  89130.93
 73.0 26476.0 290.08   0.008682   7.36 260.58 307.62  89221.92
 73.0 26507.0 290.82   0.008499   7.36 286.12 308.08  89216.85
 73.0 26538.0 294.08   0.008268   6.56 316.89 319.66  89005.99
 73.0 26568.0 295.94   0.010551   6.18 295.51 351.83  88710.18
 73.0 26599.0 294.65   0.012748   4.17 247.50 364.92  88652.91
 73.0 26629.0 294.03   0.014609   3.21 201.19 383.85  88706.82
 74.0 26660.0 293.55   0.014661   3.94 172.37 386.49  88709.99
 74.0 26691.0 294.21   0.014644   3.79 207.75 382.75  88783.36
 74.0 26719.0 294.91   0.014391   4.14 245.02 377.24  88678.60
 74.0 26750.0 293.83   0.013545   5.50 224.71 366.35  88805.02
 74.0 26780.0 292.03   0.011460   7.24 236.89 337.80  88849.53
 74.0 26811.0 290.82   0.009429   6.23 253.59 314.31  89028.48
 74.0 26841.0 290.32   0.008764   6.96 258.53 306.64  89126.62
 74.0 26872.0 291.18   0.008922   7.60 274.42 315.25  89080.56
 74.0 26903.0 295.29   0.009009   5.88 290.60 344.44  88839.95
 74.0 26933.0 295.54   0.010348   5.23 307.34 345.41  88687.34
 74.0 26964.0 294.53   0.012490   4.29 255.87 368.29  88675.28
 74.0 26994.0 292.86   0.013900   3.08 173.77 381.59  88636.97
 75.0 27025.0 291.97   0.013632   4.54 131.43 383.84  88714.88
 75.0 27056.0 293.73   0.013986   3.54 204.51 377.89  88813.66
 75.0 27084.0 293.62   0.014282   3.23 180.62 382.55  88677.66
 75.0 27115.0 293.41   0.012768   6.51 242.72 355.79  88795.48
 75.0 27145.0 292.15   0.011307   6.90 240.74 336.96  88849.70
 75.0 27176.0 290.33   0.009040   7.06 239.70 313.13  89012.75
 75.0 27206.0 290.10   0.009151   6.94 233.40 315.85  89086.64
 75.0 27237.0 291.62   0.008776   6.61 278.10 314.50  89019.27
 75.0 27268.0 294.24   0.008761   5.48 291.39 329.97  88914.08
 75.0 27298.0 294.80   0.010965   4.25 260.07 356.73  88706.43
 75.0 27329.0 292.88   0.013405   3.43 178.79 376.72  88700.91
 75.0 27359.0 292.51   0.013807   4.01 170.27 379.66  88737.95
 76.0 27390.0 292.41   0.013445   5.37 173.40 376.67  88612.06
 76.0 27421.0 292.57   0.013729   3.42 162.88 378.93  88742.94
 76.0 27449.0 293.97   0.013474   4.42 231.13 367.99  88675.38
 76.0 27480.0 293.55   0.012540   6.50 249.32 353.47  88702.68
 76.0 27510.0 292.47   0.010471   6.65 253.48 330.43  88874.18
 76.0 27541.0 289.80   0.008848   7.21 242.11 308.75  89096.88
 76.0 27571.0 290.29   0.008102   6.49 269.62 298.09  89124.39
 76.0 27602.0 292.56   0.007675   5.93 284.68 310.64  89035.85
 76.0 27633.0 294.15   0.008583   5.49 293.52 329.79  88882.84
 76.0 27663.0 294.48   0.010024   5.20 298.98 341.92  88803.63
 76.0 27694.0 294.07   0.013275   3.61 226.44 372.56  88655.82
 76.0 27724.0 292.97   0.014282   3.22 173.74 383.69  88677.63
 77.0 27755.0 292.93   0.013840   3.75 187.01 379.45  88827.73
 77.0 27786.0 293.73   0.014248   3.43 211.03 378.37  88630.38
 77.0 27814.0 294.77   0.014165   3.89 241.10 376.44  88695.35
 77.0 27845.0 293.32   0.013745   4.59 185.68 374.66  88800.63
 77.0 27875.0 292.23   0.011749   7.21 239.25 341.75  88919.14
 77.0 27906.0 291.03   0.010025   6.00 243.02 322.04  89026.38
 77.0 27936.0 290.49   0.009171   7.19 255.48 309.64  89141.60
 77.0 27967.0 291.52   0.008728   7.43 292.21 309.51  89094.52
 77.0 27998.0 294.77   0.008489   5.53 306.72 326.28  88849.45
 77.0 28028.0 295.52   0.010214   5.34 295.35 347.68  88733.66
 77.0 28059.0 294.20   0.012249   4.94 258.62 359.27  88649.33
 77.0 28089.0 293.32   0.014114   3.13 187.98 381.62  88698.30
 78.0 28120.0 292.63   0.013984   4.22 160.12 381.28  88718.09
 78.0 28151.0 293.91   0.014442   3.86 202.58 381.49  88650.54
 78.0 28179.0 294.93   0.014303   3.75 236.45 374.65  88710.62
 78.0 28210.0 294.24   0.013237   6.51 261.52 357.63  88760.48
 78.0 28240.0 292.57   0.011606   7.23 247.21 342.18  88926.34
 78.0 28271.0 290.56   0.008835   6.86 262.95 305.07  89113.11
 78.0 28301.0 289.98   0.008897   7.24 254.17 309.09  89247.44
 78.0 28332.0 291.24   0.008177   7.12 289.06 305.73  89149.02
 78.0 28363.0 294.82   0.007798   7.00 317.19 322.94  88922.89
 78.0 28393.0 294.30   0.011954   5.64 273.40 352.16  88776.98
 78.0 28424.0 293.77   0.013510   3.81 227.11 370.66  88727.37
 78.0 28454.0 293.20   0.014246   3.41 173.09 386.19  88739.63
 79.0 28485.0 293.31   0.014202   4.12 187.30 381.81  88757.73
 79.0 28516.0 293.70   0.014436   3.63 209.65 379.67  88675.36
 79.0 28544.0 293.94   0.014165   3.48 198.46 379.05  88680.45
 79.0 28575.0 294.18   0.012978   6.54 265.95 355.12  88717.38
 79.0 28605.0 292.87   0.012028   6.83 241.80 345.60  88859.97
 79.0 28636.0 291.05   0.010233   7.36 239.09 324.88  89070.84
 79.0 28666.0 289.32   0.008583   7.48 245.26 307.60  89260.30
 79.0 28697.0 291.06   0.008930   7.42 282.35 312.81  89165.68
 79.0 28728.0 293.34   0.009273   7.15 309.79 324.01  88959.49
 79.0 28758.0 295.29   0.010483   5.72 293.05 349.39  88725.33
 79.0 28789.0 293.79   0.013839   3.85 212.61 374.78  88693.23
 79.0 28819.0 293.23   0.014471   3.28 168.66 385.72  88710.98
 80.0 28850.0 293.33   0.014148   3.75 169.49 383.19  88736.86
 80.0 28881.0 294.61   0.015129   2.92 204.98 387.15  88789.49
 80.0 28909.0 295.56   0.014678   4.20 253.55 376.95  88727.01
 80.0 28940.0 293.99   0.013183   6.57 256.03 359.10  88789.27
 80.0 28970.0 292.27   0.010911   6.94 250.00 333.30  88915.11
 80.0 29001.0 291.09   0.009308   7.09 256.75 313.14  89041.65
 80.0 29031.0 290.14   0.009073   7.61 241.79 315.32  89157.85
 80.0 29062.0 291.30   0.008773   7.16 283.67 312.06  89110.58
 80.0 29093.0 294.14   0.008622   6.80 297.56 332.58  88952.06
 80.0 29123.0 295.16   0.010018   6.41 304.08 340.68  88789.00
 80.0 29154.0 293.94   0.013235   4.00 230.99 371.54  88598.77
 80.0 29184.0 292.54   0.013781   4.34 162.82 380.91  88726.37
 81.0 29215.0 292.88   0.013747   5.33 191.27 376.16  88666.56
 81.0 29246.0 293.30   0.013965   3.68 193.10 380.09  88668.91
 81.0 29274.0 294.80   0.013466   5.54 268.88 364.86  88701.27
 81.0 29305.0 293.96   0.012461   6.93 259.61 352.26  88824.19
 81.0 29335.0 292.74   0.011563   7.42 236.73 347.49  88876.20
 81.0 29366.0 291.55   0.010013   6.86 242.97 325.19  89019.48
 81.0 29396.0 290.23   0.008599   7.65 258.93 306.96  89173.20
 81.0 29427.0 290.84   0.008616   7.85 281.68 312.79  89235.82
 81.0 29458.0 293.63   0.008533   7.26 319.17 319.20  89033.10
 81.0 29488.0 296.09   0.010477   6.10 297.86 359.18  88758.52
 81.0 29519.0 294.90   0.012828   4.49 266.11 365.97  88705.07
 81.0 29549.0 293.98   0.014271   4.12 209.73 380.51  88652.29
 82.0 29580.0 293.52   0.014438   4.52 196.78 383.29  88712.24
 82.0 29611.0 294.23   0.014359   3.76 219.45 379.31  88772.06
 82.0 29639.0 295.76   0.014795   3.33 235.85 382.54  88584.14
 82.0 29670.0 294.89   0.012773   6.53 277.46 356.68  88770.15
 82.0 29700.0 292.59   0.010872   7.10 252.04 335.50  88899.34
 82.0 29731.0 291.46   0.009899   6.82 246.96 319.20  88986.56
 82.0 29761.0 290.22   0.008525   6.84 257.01 308.48  89203.22
 82.0 29792.0 292.21   0.008916   6.97 277.61 322.62  89061.24
 82.0 29823.0 294.66   0.008446   6.48 303.58 329.84  88955.07
 82.0 29853.0 295.55   0.010710   4.59 260.66 357.06  88770.88
 82.0 29884.0 293.77   0.013815   3.99 205.90 379.51  88710.48
 82.0 29914.0 292.97   0.013725   4.31 178.18 380.34  88678.97
 83.0 29945.0 293.25   0.013913   4.20 186.82 382.69  88714.41
 83.0 29976.0 294.01   0.014072   3.13 199.18 380.28  88651.19
 83.0 30004.0 294.99   0.014093   4.16 247.32 373.60  88655.88
 83.0 30035.0 293.66   0.012707   7.00 259.03 351.85  88764.96
 83.0 30065.0 292.29   0.011086   6.89 247.20 335.82  88881.03
 83.0 30096.0 290.87   0.009461   7.02 249.83 312.50  89056.70
 83.0 30126.0 289.74   0.008567   7.61 258.78 304.06  89257.95
 83.0 30157.0 291.17   0.008454   6.93 291.90 306.02  89124.66
 83.0 30188.0 294.70   0.007656   6.40 317.84 316.44  88885.35
 83.0 30218.0 296.18   0.009988   4.93 294.21 346.98  88772.54
 83.0 30249.0 294.39   0.012887   4.25 249.93 366.89  88746.29
 83.0 30279.0 293.72   0.014021   4.23 209.13 378.44  88748.13
 84.0 30310.0 293.91   0.014429   3.21 195.54 383.32  88729.09
 84.0 30341.0 294.04   0.014546   3.65 193.33 381.14  88791.83
 84.0 30369.0 294.45   0.013357   5.16 262.74 362.71  88738.26
 84.0 30400.0 294.23   0.012600   7.12 271.51 352.29  88779.25
 84.0 30430.0 292.29   0.010787   7.22 236.80 340.77  88907.62
 84.0 30461.0 290.33   0.008893   7.36 243.75 312.30  89086.54
 84.0 30491.0 290.44   0.009302   7.11 244.39 316.75  89146.00
 84.0 30522.0 290.80   0.008373   7.37 291.03 305.09  89196.66
 84.0 30553.0 294.58   0.008768   6.75 311.06 331.09  88922.31
 84.0 30583.0 296.07   0.010285   6.46 315.75 346.18  88783.63
 84.0 30614.0 294.18   0.013504   3.90 231.74 374.78  88723.62
 84.0 30644.0 293.35   0.014648   2.85 162.80 389.34  88696.02
 85.0 30675.0 293.90   0.014483   3.53 178.61 387.91  88715.98
 85.0 30706.0 293.78   0.014047   3.97 195.73 380.29  88867.87
 85.0 30734.0 294.64   0.014262   3.97 214.63 378.67  88730.94
 85.0 30765.0 294.10   0.013074   6.70 253.36 356.64  88812.26
 85.0 30795.0 292.18   0.011210   7.62 245.86 336.90  88964.84
 85.0 30826.0 290.39   0.009564   7.77 242.77 315.45  89167.72
 85.0 30856.0 289.94   0.008753   7.41 260.86 304.93  89230.12
 85.0 30887.0 290.84   0.008240   7.39 285.47 306.66  89201.05
 85.0 30918.0 294.29   0.008505   6.56 317.64 319.26  88969.32
 85.0 30948.0 295.80   0.011071   5.21 269.47 359.53  88764.71
 85.0 30979.0 293.77   0.013791   4.30 221.88 372.45  88702.59
 85.0 31009.0 293.45   0.014449   3.45 184.79 383.07  88707.07
 86.0 31040.0 294.73   0.014269   4.40 225.85 380.84  88732.65
 86.0 31071.0 294.44   0.015157   3.51 184.34 389.10  88791.92
 86.0 31099.0 295.26   0.014565   4.80 247.18 377.42  88748.66
 86.0 31130.0 295.17   0.013571   6.72 266.82 359.53  88750.06
 86.0 31160.0 292.93   0.011065   7.03 235.54 345.72  88926.66
 86.0 31191.0 290.34   0.008930   7.55 256.36 307.30  89125.98
 86.0 31221.0 290.33   0.008583   7.25 265.48 304.27  89183.62
 86.0 31252.0 291.46   0.008538   7.23 285.04 312.47  89078.88
 86.0 31283.0 294.87   0.008673   6.45 293.14 335.67  88824.74
 86.0 31313.0 294.88   0.011419   5.20 266.46 354.53  88778.56
 86.0 31344.0 293.92   0.013349   4.29 245.15 368.37  88706.54
 86.0 31374.0 293.15   0.013694   3.70 195.64 377.84  88643.76
 87.0 31405.0 293.39   0.013998   4.12 204.47 377.29  88621.38
 87.0 31436.0 293.50   0.014407   3.45 179.17 383.37  88692.70
 87.0 31464.0 293.52   0.013638   4.03 209.02 371.26  88722.59
 87.0 31495.0 293.79   0.012847   6.96 257.59 353.61  88702.12
 87.0 31525.0 291.79   0.010086   7.36 262.46 323.51  88879.95
 87.0 31556.0 289.98   0.009143   7.62 232.81 315.00  89096.48
 87.0 31586.0 289.86   0.008432   7.50 263.31 303.18  89167.52
 87.0 31617.0 291.40   0.008486   6.97 278.72 314.89  89092.67
 87.0 31648.0 294.47   0.008003   6.47 310.00 321.34  88852.80
 87.0 31678.0 296.18   0.009133   5.82 319.31 340.07  88683.13
 87.0 31709.0 294.46   0.012643   3.53 245.65 367.13  88696.44
 87.0 31739.0 293.51   0.014380   3.27 184.31 382.46  88679.77
 88.0 31770.0 292.77   0.014249   3.47 156.38 387.78  88741.97
 88.0 31801.0 293.45   0.013745   4.37 206.91 376.70  88691.30
 88.0 31829.0 294.53   0.013891   3.38 231.40 374.43  88642.95
 88.0 31860.0 293.74   0.013519   5.38 224.58 368.05  88767.44
 88.0 31890.0 292.83   0.012284   6.84 234.74 346.66  88815.08
 88.0 31921.0 289.90   0.009206   7.07 242.37 313.77  89129.34
 88.0 31951.0 289.55   0.008445   6.68 254.67 306.81  89153.86
 88.0 31982.0 290.43   0.008018   7.61 289.75 301.63  89126.41
 88.0 32013.0 293.97   0.009171   6.13 301.14 328.22  88942.02
 88.0 32043.0 295.98   0.009755   5.18 298.42 344.46  88730.10
 88.0 32074.0 293.74   0.013761   3.24 210.26 375.29  88653.77
 88.0 32104.0 292.56   0.014169   3.13 149.44 387.74  88750.66
 89.0 32135.0 292.76   0.013749   4.95 187.51 378.89  88677.89
 89.0 32166.0 293.45   0.014372   3.15 187.51 382.04  88726.34
 89.0 32194.0 294.30   0.014417   3.04 208.47 381.65  88642.63
 89.0 32225.0 293.95   0.013024   6.58 259.61 354.67  88653.39
 89.0 32255.0 292.46   0.011622   6.53 233.25 341.63  88823.42
 89.0 32286.0 290.06   0.009089   7.16 255.32 306.60  89076.07
 89.0 32316.0 289.53   0.008628   7.35 252.03 306.54  89226.94
 89.0 32347.0 291.18   0.009064   6.70 266.34 318.82  89080.84
 89.0 32378.0 295.05   0.008313   5.61 305.06 326.15  88866.07
 89.0 32408.0 295.41   0.010163   4.05 278.02 349.28  88737.97
 89.0 32439.0 293.51   0.013289   3.05 196.84 375.20  88651.15
 89.0 32469.0 293.19   0.013834   3.38 184.40 381.34  88719.83
 90.0 32500.0 292.98   0.014154   3.35 170.86 382.67  88685.19
 90.0 32531.0 294.61   0.014053   3.45 230.69 376.67  88647.59
 90.0 32559.0 294.43   0.013706   4.03 245.18 370.32  88675.20
 90.0 32590.0 294.32   0.013334   6.53 256.74 360.18  88687.27
 90.0 32620.0 292.56   0.011269   7.14 245.14 338.88  88896.91
 90.0 32651.0 291.28   0.009619   7.08 247.19 317.90  89075.48
 90.0 32681.0 290.35   0.008978   7.40 251.02 313.39  89155.94
 90.0 32712.0 291.36   0.008654   7.38 285.04 311.04  89200.57
 90.0 32743.0 294.69   0.008616   7.11 296.24 332.37  88908.74
 90.0 32773.0 295.83   0.010336   6.09 295.06 351.91  88690.25
 90.0 32804.0 294.72   0.013155   4.69 263.32 369.06  88673.77
 90.0 32834.0 293.72   0.014277   3.44 205.17 381.50  88731.37
 91.0 32865.0 294.13   0.014786   3.36 192.65 386.94  88659.89
 91.0 32896.0 294.69   0.014567   3.81 225.86 380.57  88700.43
 91.0 32924.0 295.81   0.014520   3.37 249.78 378.52  88670.44
 91.0 32955.0 294.87   0.013677   6.19 257.70 364.62  88756.49
 91.0 32985.0 292.48   0.011580   7.18 243.90 342.08  88902.98
 91.0 33016.0 290.27   0.009415   6.71 222.21 321.80  89093.03
 91.0 33046.0 290.04   0.009202   7.21 245.93 312.83  89104.67
 91.0 33077.0 291.37   0.008466   6.65 280.93 313.78  89078.66
 91.0 33108.0 294.44   0.008817   5.16 284.83 334.66  88827.65
 91.0 33138.0 294.79   0.011310   5.05 262.09 360.42  88798.27
 91.0 33169.0 293.94   0.013581   3.44 230.99 372.29  88588.45
 91.0 33199.0 292.81   0.013963   4.14 174.12 380.48  88742.91
 92.0 33230.0 292.39   0.013436   4.67 180.12 375.57  88663.77
 92.0 33261.0 293.21   0.013549   4.72 225.37 366.91  88639.79
 92.0 33289.0 293.91   0.013541   5.28 249.18 366.87  88710.72
 92.0 33320.0 293.47   0.012276   6.80 263.93 349.28  88776.75
 92.0 33350.0 292.52   0.011124   7.26 249.40 337.04  88823.80
 92.0 33381.0 290.68   0.008641   7.08 260.14 305.25  89078.51
 92.0 33411.0 289.79   0.008146   7.25 267.27 300.30  89209.71
 92.0 33442.0 291.71   0.008163   6.85 288.97 310.63  89030.80
 92.0 33473.0 295.25   0.008234   5.93 298.64 332.08  88828.70
 92.0 33503.0 294.84   0.011214   4.59 267.63 351.79  88742.89
 92.0 33534.0 294.10   0.013570   4.45 230.27 372.90  88680.48
 92.0 33564.0 292.85   0.013954   3.15 162.03 382.56  88725.20
 93.0 33595.0 293.30   0.014452   4.03 182.12 384.46  88737.85
 93.0 33626.0 293.99   0.014374   3.70 209.18 379.85  88698.85
 93.0 33654.0 295.18   0.014025   3.82 252.68 371.66  88646.95
 93.0 33685.0 293.65   0.013439   6.27 224.60 367.72  88755.28
 93.0 33715.0 292.74   0.010821   6.21 247.51 333.04  88912.85
 93.0 33746.0 290.89   0.009208   6.78 248.67 312.42  89024.59
 93.0 33776.0 290.80   0.008729   7.05 258.46 310.30  89137.07
 93.0 33807.0 292.15   0.009174   6.63 274.03 318.75  89045.48
 93.0 33838.0 294.48   0.008843   6.35 296.35 330.38  88922.69
 93.0 33868.0 295.42   0.011235   4.24 270.56 359.36  88723.80
 93.0 33899.0 293.44   0.014142   3.73 198.83 378.58  88674.94
 93.0 33929.0 293.17   0.014028   4.41 192.67 379.21  88657.64
 94.0 33960.0 293.30   0.014632   2.85 160.06 388.06  88694.55
 94.0 33991.0 293.17   0.013928   3.63 190.06 375.28  88820.52
 94.0 34019.0 294.39   0.014217   3.53 220.17 375.26  88718.04
 94.0 34050.0 294.44   0.013661   6.25 244.55 365.78  88753.37
 94.0 34080.0 293.06   0.012350   6.37 231.13 350.43  88850.20
 94.0 34111.0 291.40   0.010219   6.86 231.06 328.38  89006.91
 94.0 34141.0 290.45   0.009167   7.25 248.22 314.59  89154.30
 94.0 34172.0 292.16   0.008641   7.04 287.80 315.53  89113.88
 94.0 34203.0 294.84   0.009089   6.01 297.36 335.81  88850.79
 94.0 34233.0 295.37   0.010997   5.88 296.69 351.01  88813.45
 94.0 34264.0 294.26   0.013876   3.20 235.77 376.95  88657.74
 94.0 34294.0 293.15   0.014177   3.60 186.52 381.26  88743.73
 95.0 34325.0 292.84   0.014504   3.06 142.68 388.88  88765.99
 95.0 34356.0 293.31   0.014404   4.48 184.99 383.09  88729.34
 95.0 34384.0 294.17   0.014308   3.58 208.78 380.02  88731.59
 95.0 34415.0 293.96   0.012788   6.56 267.37 349.63  88781.27
 95.0 34445.0 292.21   0.010576   6.95 263.27 326.72  88874.19
 95.0 34476.0 291.36   0.009653   7.00 248.77 317.88  88951.46
 95.0 34506.0 290.20   0.009040   7.38 244.27 314.61  89088.91
 95.0 34537.0 291.30   0.008502   6.57 281.47 310.48  89053.05
 95.0 34568.0 294.72   0.008650   6.06 308.47 324.93  88829.68
 95.0 34598.0 294.31   0.012503   3.78 215.40 372.98  88700.67
 95.0 34629.0 293.10   0.013411   3.60 194.43 374.76  88618.48
 95.0 34659.0 292.28   0.013879   3.65 144.49 386.07  88686.46
 96.0 34690.0 292.49   0.013377   5.54 173.23 376.93  88599.59
 96.0 34721.0 293.26   0.013758   5.07 211.24 374.29  88664.61
 96.0 34749.0 294.19   0.013972   3.90 222.02 378.28  88641.35
 96.0 34780.0 294.04   0.012648   5.75 255.66 356.85  88648.23
 96.0 34810.0 292.14   0.011232   6.95 231.34 338.97  88880.20
 96.0 34841.0 289.74   0.008082   6.46 265.66 296.73  89044.35
 96.0 34871.0 290.87   0.008766   6.85 262.94 307.61  88941.64
 96.0 34902.0 291.65   0.007963   7.02 293.53 306.81  89044.43
 96.0 34933.0 294.42   0.008894   5.91 291.72 330.35  88916.98
 96.0 34963.0 295.36   0.009725   5.21 305.19 341.66  88801.34
 96.0 34994.0 293.15   0.014039   3.02 168.03 386.42  88673.91
 96.0 35024.0 292.46   0.013792   4.06 165.26 381.18  88745.94
 97.0 35055.0 292.85   0.014023   3.28 170.58 384.43  88733.89
 97.0 35086.0 294.83   0.013293   5.17 276.14 365.76  88778.09
 97.0 35114.0 294.59   0.014177   4.16 236.38 375.25  88655.74
 97.0 35145.0 293.86   0.012824   6.68 242.78 359.97  88706.61
 97.0 35175.0 292.84   0.011157   7.21 243.78 342.29  88901.55
 97.0 35206.0 291.33   0.008887   6.63 263.48 306.45  89085.36
 97.0 35236.0 290.98   0.009033   7.29 260.99 310.20  89141.50
 97.0 35267.0 291.95   0.008468   6.75 285.15 315.37  89122.88
 97.0 35298.0 295.18   0.008807   5.78 299.37 330.35  88886.31
 97.0 35328.0 295.83   0.011167   4.68 250.93 364.69  88735.05
 97.0 35359.0 294.04   0.014068   3.42 218.14 377.78  88732.88
 97.0 35389.0 293.65   0.015062   3.01 178.54 387.86  88765.92
 98.0 35420.0 293.70   0.014230   4.14 187.98 382.62  88731.42
 98.0 35451.0 293.81   0.014361   3.41 190.04 382.96  88798.66
 98.0 35479.0 294.49   0.013789   4.88 243.05 369.07  88748.17
 98.0 35510.0 294.93   0.013761   6.46 262.16 363.25  88773.62
 98.0 35540.0 292.68   0.011714   7.27 239.18 341.63  88870.95
 98.0 35571.0 291.60   0.009795   7.31 254.97 320.66  89043.66
 98.0 35601.0 291.53   0.009341   7.10 256.75 316.25  89142.43
 98.0 35632.0 291.74   0.008721   7.78 285.26 317.35  89281.43
 98.0 35663.0 293.91   0.009829   7.65 308.55 329.62  88964.68
 98.0 35693.0 296.04   0.009786   6.78 308.06 342.91  88789.97
 98.0 35724.0 295.09   0.013097   3.39 221.62 378.33  88702.91
 98.0 35754.0 293.63   0.014699   3.07 152.88 390.66  88726.63
 99.0 35785.0 294.78   0.014743   2.98 203.52 385.54  88727.88
 99.0 35816.0 294.53   0.015038   3.24 187.67 390.51  88763.48
 99.0 35844.0 294.22   0.014955   2.95 169.95 391.42  88772.66
 99.0 35875.0 294.30   0.013380   6.03 248.72 360.88  88874.84
 99.0 35905.0 292.67   0.011021   7.22 254.20 334.92  88956.13
 99.0 35936.0 290.75   0.008828   7.15 260.38 306.89  89082.46
 99.0 35966.0 290.31   0.008740   6.83 255.14 312.05  89106.40
 99.0 35997.0 291.86   0.008690   6.66 279.96 316.99  89021.60
 99.0 36028.0 294.68   0.009128   6.05 270.61 342.80  88872.86
 99.0 36058.0 296.01   0.009720   4.78 301.34 346.99  88783.32
 99.0 36089.0 293.72   0.014146   2.99 196.77 380.58  88626.07
 99.0 36119.0 292.23   0.013820   4.85 150.49 382.75  88651.23
100.0 36150.0 292.68   0.013660   5.04 179.29 377.51  88685.39
100.0 36181.0 293.89   0.013788   3.30 216.17 374.58  88630.13
100.0 36209.0 294.08   0.013741   3.58 228.69 372.41  88607.20
100.0 36240.0 293.60   0.013572   4.62 211.77 371.47  88661.30
100.0 36270.0 291.66   0.011386   7.12 226.59 341.51  88846.52
100.0 36301.0 289.20   0.009049   7.03 237.02 311.19  89114.39
100.0 36331.0 288.53   0.007775   6.65 255.49 297.63  89148.82
100.0 36362.0 291.52   0.008763   6.47 276.91 315.65  88999.79
100.0 36393.0 294.15   0.008631   6.24 307.73 324.97  88879.19
100.0 36423.0 296.05   0.008759   4.77 312.36 339.52  88645.19
100.0 36454.0 293.53   0.013492   3.44 209.13 373.78  88595.10
100.0 36484.0 292.74   0.013894   3.84 171.53 382.28  88674.22
