  1.0    15.0 290.80   0.011534   2.88 191.34 360.40  88378.16
  1.0    46.0 291.08   0.011643   4.09 206.28 361.40  88368.63
  1.0    74.0 291.98   0.011232   5.62 253.78 346.76  88263.38
  1.0   105.0 291.59   0.010425   7.13 272.63 330.60  88380.73
  1.0   135.0 290.41   0.009655   6.95 244.64 323.72  88488.88
  1.0   166.0 288.57   0.007795   6.87 250.73 300.88  88616.25
  1.0   196.0 288.45   0.007200   7.10 266.72 293.31  88681.63
  1.0   227.0 289.12   0.007594   7.18 258.49 307.26  88583.44
  1.0   258.0 291.24   0.007146   7.23 304.42 306.44  88453.03
  1.0   288.0 292.40   0.009323   6.16 274.37 336.47  88248.81
  1.0   319.0 290.75   0.011181   4.22 198.23 356.52  88254.16
  1.0   349.0 289.82   0.011425   4.10 162.16 365.08  88374.59
  2.0   380.0 290.25   0.011634   3.99 159.45 365.55  88299.28
  2.0   411.0 291.22   0.011555   3.74 210.16 360.48  88323.05
  2.0   439.0 292.30   0.011468   4.05 241.40 353.04  88283.98
  2.0   470.0 291.71   0.011197   6.55 256.07 339.91  88240.99
  2.0   500.0 289.37   0.009167   7.04 256.53 312.46  88416.20
  2.0   531.0 288.66   0.008082   6.85 248.64 303.02  88600.47
  2.0   561.0 287.40   0.007132   6.99 252.70 295.68  88646.31
  2.0   592.0 289.28   0.007659   6.87 266.52 309.46  88610.09
  2.0   623.0 291.58   0.007572   6.06 278.68 318.33  88302.15
  2.0   653.0 291.87   0.009571   4.82 265.18 336.89  88241.31
  2.0   684.0 290.31   0.011474   3.59 192.43 359.95  88245.00
  2.0   714.0 289.53   0.011020   4.91 185.45 353.60  88291.29
  3.0   745.0 289.96   0.011195   4.17 193.78 354.29  88258.96
  3.0   776.0 289.96   0.011203   4.27 184.56 359.59  88303.41
  3.0   804.0 291.19   0.010730   5.47 267.05 336.98  88279.25
  3.0   835.0 291.40   0.010368   6.07 273.18 330.09  88224.09
  3.0   865.0 290.28   0.009156   6.80 257.63 314.96  88404.43
  3.0   896.0 288.15   0.007703   7.21 251.82 300.17  88652.28
  3.0   926.0 287.66   0.007214   6.75 257.42 292.86  88620.30
  3.0   957.0 289.24   0.006593   6.55 283.75 292.10  88557.65
  3.0   988.0 291.24   0.007362   6.36 287.55 312.56  88426.59
  3.0  1018.0 292.19   0.008707   5.67 293.03 325.85  88272.25
  3.0  1049.0 290.42   0.011167   3.68 187.05 356.28  88275.03
  3.0  1079.0 290.16   0.011439   3.99 175.35 361.20  88301.89
  4.0  1110.0 289.96   0.010724   4.59 200.22 351.55  88294.12
  4.0  1141.0 290.86   0.011505   3.87 203.95 356.84  88302.15
  4.0  1169.0 292.00   0.010608   4.76 265.29 340.77  88225.88
  4.0  1200.0 290.77   0.011055   6.57 243.63 339.04  88320.98
  4.0  1230.0 289.45   0.008441   6.81 274.62 302.68  88527.86
  4.0  1261.0 287.82   0.007279   6.98 265.36 289.44  88712.17
  4.0  1291.0 287.96   0.007051   6.87 256.87 295.01  88635.62
  4.0  1322.0 288.80   0.006434   6.73 276.75 295.77  88599.09
  4.0  1353.0 290.83   0.007017   6.84 292.42 309.00  88392.75
  4.0  1383.0 291.99   0.007552   5.12 273.29 324.02  88322.45
  4.0  1414.0 290.77   0.010701   4.29 213.85 349.73  88306.01
  4.0  1444.0 289.85   0.011234   3.72 174.94 361.39  88350.27
  5.0  1475.0 289.74   0.010927   4.22 184.41 354.96  88306.96
  5.0  1506.0 290.54   0.011147   4.77 215.90 352.83  88255.80
  5.0  1534.0 291.67   0.010664   6.01 278.41 335.61  88331.69
  5.0  1565.0 290.99   0.010334   6.64 252.59 334.04  88354.84
  5.0  1595.0 290.23   0.008908   7.05 259.99 313.07  88480.20
  5.0  1626.0 288.73   0.007201   6.86 268.78 289.32  88564.25
  5.0  1656.0 287.61   0.006910   7.34 246.27 296.46  88698.42
  5.0  1687.0 288.46   0.006308   7.11 293.82 286.89  88725.95
  5.0  1718.0 292.15   0.006428   6.16 313.40 300.31  88440.95
  5.0  1748.0 292.11   0.009442   5.50 256.41 340.18  88261.03
  5.0  1779.0 290.40   0.010891   4.74 202.88 353.93  88294.59
  5.0  1809.0 290.23   0.011415   3.62 177.40 362.53  88324.56
  6.0  1840.0 291.15   0.011470   4.60 220.46 354.05  88377.27
  6.0  1871.0 291.86   0.011761   3.87 220.48 357.82  88238.14
  6.0  1899.0 292.30   0.011543   4.02 240.07 352.22  88218.59
  6.0  1930.0 291.18   0.011013   6.47 252.48 338.13  88329.75
  6.0  1960.0 290.45   0.009164   7.20 259.62 316.33  88502.45
  6.0  1991.0 288.28   0.007675   7.33 250.81 300.06  88634.81
  6.0  2021.0 287.35   0.006831   6.61 264.22 288.39  88572.94
  6.0  2052.0 288.70   0.006916   7.03 275.21 298.37  88596.38
  6.0  2083.0 291.20   0.007902   6.84 276.08 319.22  88441.48
  6.0  2113.0 291.60   0.009542   5.22 261.71 334.67  88219.93
  6.0  2144.0 290.30   0.011263   4.25 190.41 356.97  88208.78
  6.0  2174.0 289.57   0.011220   3.38 151.84 365.12  88215.08
  7.0  2205.0 289.86   0.011143   5.01 180.78 355.40  88202.73
  7.0  2236.0 290.35   0.010995   3.49 197.77 353.27  88243.94
  7.0  2264.0 291.22   0.011461   3.87 215.30 356.11  88245.89
  7.0  2295.0 290.42   0.010508   7.05 250.64 332.70  88359.98
  7.0  2325.0 289.01   0.008999   6.88 243.48 314.25  88421.77
  7.0  2356.0 287.07   0.007563   6.74 238.00 296.06  88557.16
  7.0  2386.0 287.45   0.006864   6.62 259.94 289.86  88547.09
  7.0  2417.0 289.04   0.006826   6.55 280.97 295.30  88525.45
  7.0  2448.0 291.19   0.006779   6.55 289.20 308.71  88369.49
  7.0  2478.0 291.93   0.007753   6.05 291.46 320.08  88320.93
  7.0  2509.0 290.73   0.010417   4.93 232.82 343.78  88340.66
  7.0  2539.0 289.63   0.011036   3.73 176.15 357.61  88288.07
  8.0  2570.0 289.88   0.011126   3.84 190.08 356.97  88315.41
  8.0  2601.0 290.81   0.011351   4.20 214.77 354.02  88327.89
  8.0  2629.0 291.70   0.011267   5.47 268.30 341.16  88224.01
  8.0  2660.0 290.58   0.010648   7.25 250.16 334.17  88305.70
  8.0  2690.0 289.41   0.008927   6.87 245.53 314.39  88403.23
  8.0  2721.0 287.60   0.006920   6.82 258.90 290.03  88584.91
  8.0  2751.0 287.52   0.007413   7.31 240.95 298.78  88653.19
  8.0  2782.0 288.84   0.007228   6.69 282.41 296.46  88606.65
  8.0  2813.0 291.15   0.007533   6.22 282.58 314.33  88353.88
  8.0  2843.0 291.72   0.009553   5.53 270.34 337.44  88308.89
  8.0  2874.0 290.70   0.010993   4.24 216.41 351.38  88296.22
  8.0  2904.0 290.33   0.011478   3.55 178.08 362.28  88378.38
  9.0  2935.0 290.53   0.011540   4.60 197.05 358.25  88311.52
  9.0  2966.0 291.18   0.011692   3.51 198.90 361.41  88373.27
  9.0  2994.0 291.86   0.011673   4.37 230.04 355.71  88282.11
  9.0  3025.0 291.58   0.011021   6.04 260.41 337.35  88337.17
  9.0  3055.0 289.50   0.009103   7.10 246.07 317.68  88537.56
  9.0  3086.0 287.59   0.007181   6.52 263.39 286.38  88579.72
  9.0  3116.0 287.63   0.007157   6.62 259.00 295.35  88649.81
  9.0  3147.0 288.45   0.006801   6.90 272.64 297.23  88554.46
  9.0  3178.0 291.00   0.007541   6.21 290.26 311.45  88378.76
  9.0  3208.0 291.92   0.007989   5.50 291.74 320.72  88215.08
  9.0  3239.0 290.70   0.010616   3.92 203.53 353.53  88196.95
  9.0  3269.0 289.22   0.010810   4.91 170.90 355.94  88232.91
 10.0  3300.0 289.74   0.010925   4.76 180.88 356.35  88253.59
 10.0  3331.0 290.70   0.011259   3.69 198.96 357.73  88254.92
 10.0  3359.0 291.46   0.010989   4.74 254.10 344.48  88228.69
 10.0  3390.0 291.14   0.010052   7.34 276.53 325.92  88297.59
 10.0  3420.0 288.84   0.008156   7.61 264.06 304.50  88469.12
 10.0  3451.0 287.57   0.006861   6.54 264.66 284.71  88613.70
 10.0  3481.0 287.74   0.006429   6.58 273.87 283.44  88591.55
 10.0  3512.0 289.62   0.006366   6.72 284.66 294.57  88599.62
 10.0  3543.0 291.37   0.007192   5.83 286.55 313.25  88408.00
 10.0  3573.0 292.20   0.008241   4.52 274.24 326.71  88258.11
 10.0  3604.0 291.11   0.010907   4.03 222.55 349.70  88208.35
 10.0  3634.0 289.63   0.011077   4.88 169.39 358.88  88222.30
 11.0  3665.0 290.13   0.011223   3.99 186.31 358.97  88290.42
 11.0  3696.0 291.36   0.011590   3.52 221.10 356.35  88248.30
 11.0  3724.0 291.65   0.011153   5.59 260.29 344.60  88313.38
 11.0  3755.0 291.45   0.010393   6.99 272.79 329.96  88288.94
 11.0  3785.0 289.91   0.008799   7.27 255.75 314.88  88416.47
 11.0  3816.0 288.95   0.007311   6.30 262.44 296.32  88518.25
 11.0  3846.0 287.61   0.006347   6.91 263.84 285.35  88606.09
 11.0  3877.0 289.52   0.006723   7.11 288.54 293.15  88586.31
 11.0  3908.0 292.12   0.006116   6.67 321.31 298.95  88385.34
 11.0  3938.0 292.53   0.008083   5.64 279.31 326.29  88274.67
 11.0  3969.0 290.97   0.011086   4.23 222.47 352.04  88251.03
 11.0  3999.0 290.02   0.011422   3.93 160.19 363.04  88266.16
 12.0  4030.0 290.17   0.011008   4.50 195.55 353.79  88292.36
 12.0  4061.0 292.02   0.011570   4.44 241.70 352.20  88155.89
 12.0  4089.0 292.30   0.011156   5.33 271.75 343.26  88160.38
 12.0  4120.0 290.63   0.010337   6.55 249.97 335.32  88319.33
 12.0  4150.0 289.49   0.008476   6.80 267.26 307.28  88508.30
 12.0  4181.0 287.81   0.006635   6.85 257.59 285.75  88547.91
 12.0  4211.0 287.56   0.006785   6.62 260.94 286.83  88643.56
 12.0  4242.0 288.67   0.006663   6.72 284.08 291.92  88551.58
 12.0  4273.0 291.31   0.007258   6.46 286.37 313.24  88416.55
 12.0  4303.0 292.39   0.008740   4.94 278.93 329.76  88302.39
 12.0  4334.0 290.57   0.010861   4.40 208.34 354.06  88277.39
 12.0  4364.0 289.83   0.011192   3.35 165.90 361.75  88365.95
 13.0  4395.0 290.35   0.011719   2.94 161.47 365.26  88359.16
 13.0  4426.0 291.20   0.011506   4.14 211.57 356.77  88257.82
 13.0  4454.0 291.17   0.011534   4.04 209.09 355.44  88269.38
 13.0  4485.0 291.49   0.010961   6.45 261.79 336.99  88363.02
 13.0  4515.0 290.57   0.009971   6.73 243.18 326.41  88420.62
 13.0  4546.0 288.53   0.007865   7.05 250.20 301.03  88618.19
 13.0  4576.0 288.37   0.007097   6.66 260.45 296.33  88614.43
 13.0  4607.0 289.31   0.006555   7.05 291.58 291.90  88595.07
 13.0  4638.0 292.00   0.006241   6.64 317.17 298.47  88405.74
 13.0  4668.0 292.35   0.008466   6.09 281.27 328.47  88316.61
 13.0  4699.0 290.43   0.011192   3.64 186.78 358.75  88271.48
 13.0  4729.0 290.11   0.011590   3.80 163.41 364.26  88292.03
 14.0  4760.0 290.17   0.011353   4.77 180.47 359.73  88347.98
 14.0  4791.0 290.93   0.011643   3.39 195.16 360.92  88298.78
 14.0  4819.0 291.78   0.010822   5.82 277.55 336.57  88267.77
 14.0  4850.0 290.90   0.010912   6.30 243.98 339.27  88361.16
 14.0  4880.0 289.88   0.009004   6.71 262.66 312.57  88427.55
 14.0  4911.0 287.80   0.007453   6.82 245.43 297.15  88577.84
 14.0  4941.0 287.69   0.006995   6.87 262.90 289.69  88686.09
 14.0  4972.0 289.65   0.006839   6.51 279.05 298.12  88526.06
 14.0  5003.0 291.00   0.008192   5.25 250.46 325.43  88377.27
 14.0  5033.0 290.65   0.009342   6.14 257.00 330.55  88310.05
 14.0  5064.0 290.07   0.011131   4.08 194.25 355.62  88215.91
 14.0  5094.0 289.72   0.011158   3.59 173.76 357.34  88301.91
 15.0  5125.0 289.02   0.010583   4.58 154.40 358.18  88324.92
 15.0  5156.0 290.58   0.011216   3.38 209.09 356.22  88366.54
 15.0  5184.0 291.76   0.010926   5.03 266.05 340.02  88235.70
 15.0  5215.0 290.84   0.011469   5.39 216.16 348.58  88289.11
 15.0  5245.0 289.90   0.009711   6.51 251.30 318.01  88405.25
 15.0  5276.0 287.64   0.007738   7.02 253.51 292.04  88604.70
 15.0  5306.0 287.52   0.007093   6.95 260.92 290.65  88623.38
 15.0  5337.0 289.00   0.006793   7.07 286.80 293.08  88518.62
 15.0  5368.0 291.54   0.007047   6.55 303.25 310.26  88386.73
 15.0  5398.0 291.51   0.009159   5.40 273.74 328.54  88274.02
 15.0  5429.0 290.61   0.010850   4.96 222.98 347.96  88239.97
 15.0  5459.0 289.53   0.011260   4.03 161.39 361.99  88356.01
 16.0  5490.0 289.96   0.010992   4.42 203.90 351.40  88300.36
 16.0  5521.0 290.82   0.011409   3.55 210.07 356.15  88233.70
 16.0  5549.0 291.77   0.010374   6.20 293.37 330.60  88253.88
 16.0  5580.0 291.23   0.010424   6.69 260.35 334.13  88368.80
 16.0  5610.0 289.62   0.008823   7.05 237.90 319.68  88468.16
 16.0  5641.0 288.67   0.007318   6.58 256.67 296.43  88554.50
 16.0  5671.0 287.30   0.006475   7.11 258.85 288.88  88664.52
 16.0  5702.0 289.76   0.007059   6.43 273.83 301.22  88551.70
 16.0  5733.0 292.15   0.006809   6.29 298.28 311.52  88408.37
 16.0  5763.0 291.70   0.009315   5.16 248.07 338.46  88310.51
 16.0  5794.0 290.51   0.011024   4.72 202.47 354.34  88331.53
 16.0  5824.0 289.99   0.011334   3.39 162.88 362.87  88293.95
 17.0  5855.0 290.59   0.011302   4.08 189.01 359.15  88291.69
 17.0  5886.0 291.41   0.011199   3.40 218.44 353.26  88249.23
 17.0  5914.0 292.01   0.011723   4.64 239.25 352.97  88276.92
 17.0  5945.0 291.50   0.010740   6.85 267.38 333.90  88318.48
 17.0  5975.0 289.46   0.009134   7.50 237.14 319.33  88470.47
 17.0  6006.0 288.75   0.007961   6.51 245.05 303.26  88466.34
 17.0  6036.0 287.33   0.006311   6.83 274.02 280.28  88600.12
 17.0  6067.0 288.81   0.006721   7.38 279.34 294.92  88636.91
 17.0  6098.0 291.08   0.007249   7.27 307.47 304.64  88434.40
 17.0  6128.0 292.04   0.008946   5.54 261.72 335.62  88255.52
 17.0  6159.0 290.53   0.010939   4.18 208.03 353.34  88229.70
 17.0  6189.0 289.77   0.011275   4.49 178.24 358.04  88226.76
 18.0  6220.0 290.22   0.010967   4.53 205.07 352.47  88366.58
 18.0  6251.0 290.96   0.011936   3.69 198.73 363.19  88217.38
 18.0  6279.0 291.59   0.011542   3.90 232.89 352.98  88233.55
 18.0  6310.0 291.48   0.010945   6.41 265.92 335.72  88231.78
 18.0  6340.0 290.15   0.009512   6.79 244.47 322.67  88385.48
 18.0  6371.0 288.78   0.007842   6.53 253.30 299.22  88551.84
 18.0  6401.0 288.40   0.006600   6.55 271.00 287.49  88443.00
 18.0  6432.0 289.70   0.006700   6.69 277.99 295.84  88405.41
 18.0  6463.0 290.95   0.005927   7.04 314.20 295.16  88403.07
 18.0  6493.0 291.81   0.008356   6.19 283.07 327.32  88310.98
 18.0  6524.0 290.62   0.010637   4.28 209.03 350.77  88274.45
 18.0  6554.0 289.70   0.011204   3.27 159.97 361.82  88330.03
 19.0  6585.0 289.83   0.011197   3.99 180.28 358.55  88297.14
 19.0  6616.0 291.14   0.011390   3.92 217.87 355.93  88238.84
 19.0  6644.0 291.21   0.010247   5.62 256.69 335.07  88317.89
 19.0  6675.0 291.42   0.010532   6.72 264.33 333.12  88310.70
 19.0  6705.0 289.49   0.008526   7.04 262.97 308.35  88444.03
 19.0  6736.0 288.74   0.007735   6.85 257.33 298.02  88638.01
 19.0  6766.0 288.24   0.006763   6.86 265.17 290.83  88678.08
 19.0  6797.0 288.76   0.006224   7.17 287.96 287.32  88663.78
 19.0  6828.0 291.57   0.006733   6.87 291.98 309.73  88471.62
 19.0  6858.0 291.85   0.009143   5.64 255.52 337.68  88339.21
 19.0  6889.0 290.84   0.011351   4.41 213.39 354.90  88370.81
 19.0  6919.0 290.36   0.011524   3.59 181.88 360.89  88310.16
 20.0  6950.0 290.79   0.011265   4.21 206.57 354.92  88333.23
 20.0  6981.0 291.99   0.012254   3.11 206.21 364.88  88316.27
 20.0  7009.0 292.19   0.012258   4.54 230.68 358.42  88251.05
 20.0  7040.0 291.45   0.011205   6.93 256.91 338.70  88401.36
 20.0  7070.0 290.53   0.009106   6.63 261.77 315.75  88404.54
 20.0  7101.0 288.82   0.007566   6.79 261.36 298.11  88525.75
 20.0  7131.0 288.16   0.007469   6.77 244.91 302.15  88587.44
 20.0  7162.0 289.26   0.007270   6.92 273.82 301.18  88531.08
 20.0  7193.0 290.73   0.007272   7.77 298.97 307.05  88436.97
 20.0  7223.0 291.95   0.008367   6.29 280.87 327.13  88260.66
 20.0  7254.0 291.33   0.009700   5.79 272.52 335.49  88275.75
 20.0  7284.0 290.41   0.011435   3.42 183.72 359.32  88229.18
 21.0  7315.0 290.58   0.011526   3.93 204.48 357.02  88251.93
 21.0  7346.0 290.23   0.011381   3.39 177.22 360.53  88250.24
 21.0  7374.0 291.83   0.010392   4.51 261.79 337.57  88214.48
 21.0  7405.0 290.96   0.010360   7.22 262.68 332.15  88215.98
 21.0  7435.0 289.86   0.008852   6.30 261.22 312.91  88422.30
 21.0  7466.0 287.54   0.007424   6.99 244.58 297.79  88591.02
 21.0  7496.0 287.75   0.006765   6.90 266.68 287.22  88564.27
 21.0  7527.0 289.46   0.006379   6.62 286.07 293.49  88437.76
 21.0  7558.0 291.61   0.006352   6.11 303.25 305.46  88430.08
 21.0  7588.0 291.78   0.009119   4.36 241.61 340.17  88266.02
 21.0  7619.0 290.82   0.011027   3.41 209.27 355.22  88181.11
 21.0  7649.0 290.10   0.011023   4.55 193.35 355.01  88230.73
 22.0  7680.0 290.37   0.010838   5.43 221.30 347.69  88268.14
 22.0  7711.0 290.19   0.010881   4.81 208.13 351.32  88222.55
 22.0  7739.0 291.44   0.010889   5.66 261.45 341.24  88258.83
 22.0  7770.0 291.40   0.009498   7.20 287.32 318.99  88351.77
 22.0  7800.0 290.04   0.008515   7.31 263.66 308.58  88415.56
 22.0  7831.0 287.88   0.007159   7.61 259.98 291.70  88640.25
 22.0  7861.0 287.36   0.006921   7.06 264.57 288.29  88650.46
 22.0  7892.0 288.82   0.006822   7.20 275.25 298.57  88642.56
 22.0  7923.0 291.88   0.006793   6.77 310.60 305.26  88399.89
 22.0  7953.0 291.14   0.009626   5.38 229.16 341.24  88239.41
 22.0  7984.0 290.81   0.011062   4.63 225.37 352.68  88258.14
 22.0  8014.0 289.85   0.011318   3.90 161.27 363.70  88291.81
 23.0  8045.0 290.44   0.011547   4.02 179.67 361.65  88245.22
 23.0  8076.0 290.20   0.011042   4.48 189.14 356.12  88293.74
 23.0  8104.0 292.13   0.011419   4.50 247.80 349.90  88373.45
 23.0  8135.0 291.56   0.010780   6.59 267.07 333.85  88347.70
 23.0  8165.0 290.05   0.009102   7.30 254.77 315.39  88494.39
 23.0  8196.0 287.60   0.006907   6.85 260.47 287.86  88594.41
 23.0  8226.0 286.70   0.006648   7.20 260.04 288.04  88693.72
 23.0  8257.0 288.22   0.006454   6.97 289.50 285.86  88602.08
 23.0  8288.0 291.23   0.007363   7.49 299.10 310.41  88522.32
 23.0  8318.0 292.31   0.008833   6.18 285.36 330.40  88315.64
 23.0  8349.0 290.88   0.010663   4.74 228.99 346.30  88257.48
 23.0  8379.0 289.45   0.011152   4.13 152.90 362.28  88291.91
 24.0  8410.0 289.58   0.010847   5.23 179.64 355.15  88371.54
 24.0  8441.0 290.07   0.011091   4.26 200.75 353.35  88335.77
 24.0  8469.0 291.53   0.011132   5.37 261.52 343.14  88289.04
 24.0  8500.0 290.61   0.010075   7.21 269.05 326.52  88336.34
 24.0  8530.0 289.75   0.008840   6.96 252.71 315.02  88444.09
 24.0  8561.0 287.56   0.007246   7.01 256.32 289.35  88543.88
 24.0  8591.0 286.97   0.006738   7.25 259.49 288.07  88634.28
 24.0  8622.0 288.90   0.006819   6.64 275.45 295.17  88495.80
 24.0  8653.0 291.45   0.006461   6.75 302.69 303.17  88403.20
 24.0  8683.0 292.80   0.007484   5.34 298.05 319.26  88328.55
 24.0  8714.0 290.47   0.011105   4.28 191.73 359.35  88291.55
 24.0  8744.0 290.19   0.011295   3.44 182.33 360.78  88278.54
 25.0  8775.0 290.34   0.011326   5.22 189.09 357.39  88281.64
 25.0  8806.0 291.13   0.011176   4.43 222.56 351.86  88349.42
 25.0  8834.0 291.84   0.011201   5.77 271.71 345.08  88251.95
 25.0  8865.0 291.21   0.010264   6.90 268.50 330.85  88353.78
 25.0  8895.0 289.90   0.008926   7.30 254.29 313.69  88520.87
 25.0  8926.0 289.28   0.007715   6.57 257.09 300.02  88532.08
 25.0  8956.0 288.14   0.007047   6.91 259.50 292.39  88658.52
 25.0  8987.0 290.18   0.006911   6.42 279.88 299.57  88520.08
 25.0  9018.0 292.03   0.006516   7.05 309.55 304.33  88377.02
 25.0  9048.0 292.07   0.008728   5.97 262.15 336.75  88304.17
 25.0  9079.0 290.56   0.011111   3.96 188.72 357.76  88223.28
 25.0  9109.0 289.94   0.011298   3.74 167.15 362.18  88218.44
 26.0  9140.0 290.22   0.011203   5.16 199.59 356.50  88250.48
 26.0  9171.0 291.43   0.011240   4.25 221.96 354.32  88311.61
 26.0  9199.0 291.51   0.010817   5.29 251.74 343.86  88325.05
 26.0  9230.0 291.22   0.010577   6.63 255.48 335.57  88304.52
 26.0  9260.0 289.94   0.008937   7.20 258.88 312.32  88475.35
 26.0  9291.0 288.12   0.007398   7.05 257.55 292.70  88624.93
 26.0  9321.0 287.47   0.006814   7.02 257.61 291.14  88708.82
 26.0  9352.0 288.26   0.006469   7.30 282.52 289.76  88691.42
 26.0  9383.0 290.95   0.007077   7.33 288.49 310.47  88482.08
 26.0  9413.0 291.29   0.009963   5.41 248.12 342.75  88272.15
 26.0  9444.0 290.52   0.010977   4.64 212.06 351.17  88273.88
 26.0  9474.0 290.07   0.011553   3.40 166.67 364.40  88329.65
 27.0  9505.0 289.75   0.010897   4.89 190.26 353.91  88312.59
 27.0  9536.0 290.93   0.011367   3.96 217.46 355.59  88414.36
 27.0  9564.0 291.39   0.010841   5.03 250.62 343.71  88263.84
 27.0  9595.0 291.44   0.010660   6.92 264.27 334.70  88338.80
 27.0  9625.0 289.28   0.008700   7.24 254.25 309.93  88426.05
 27.0  9656.0 288.18   0.007799   7.15 247.06 299.72  88624.20
 27.0  9686.0 286.95   0.007062   7.40 243.66 294.51  88749.06
 27.0  9717.0 288.84   0.006905   6.80 276.18 296.46  88615.23
 27.0  9748.0 291.62   0.007357   7.12 299.36 313.29  88356.09
 27.0  9778.0 292.50   0.008398   6.64 301.77 325.42  88250.31
 27.0  9809.0 290.92   0.010352   6.50 239.58 343.76  88298.48
 27.0  9839.0 290.52   0.011887   3.61 172.48 365.27  88208.00
 28.0  9870.0 290.65   0.011811   3.10 172.03 365.04  88291.67
 28.0  9901.0 290.81   0.011514   3.87 188.62 360.32  88279.78
 28.0  9929.0 292.08   0.011339   4.80 254.13 349.17  88340.51
 28.0  9960.0 290.68   0.010318   6.76 255.25 335.08  88376.33
 28.0  9990.0 289.09   0.008426   6.88 263.33 308.00  88532.20
 28.0 10021.0 288.09   0.007772   6.94 246.61 298.78  88578.91
 28.0 10051.0 287.74   0.007111   7.26 252.60 296.25  88599.30
 28.0 10082.0 289.20   0.007037   6.62 272.12 303.40  88450.78
 28.0 10113.0 291.45   0.007395   6.64 295.01 311.59  88258.88
 28.0 10143.0 291.75   0.009075   4.77 261.28 335.53  88157.06
 28.0 10174.0 290.13   0.010940   4.07 180.94 357.09  88258.91
 28.0 10204.0 289.35   0.010897   4.71 174.46 355.47  88210.26
 29.0 10235.0 289.47   0.010766   4.56 179.33 354.74  88297.83
 29.0 10266.0 289.79   0.010913   4.39 174.42 354.20  88204.67
 29.0 10294.0 291.16   0.010745   4.36 232.56 347.07  88179.86
 29.0 10325.0 290.88   0.010509   6.85 254.57 332.72  88170.38
 29.0 10355.0 289.22   0.008570   7.28 263.08 306.50  88421.09
 29.0 10386.0 286.97   0.007077   7.10 254.49 289.89  88620.23
 29.0 10416.0 287.28   0.007206   7.27 249.15 296.10  88585.86
 29.0 10447.0 288.37   0.007098   6.76 268.76 297.31  88451.46
 29.0 10478.0 291.22   0.006233   6.94 318.35 294.95  88317.59
 29.0 10508.0 291.38   0.009916   3.86 239.25 342.59  88194.39
 29.0 10539.0 290.39   0.010762   3.81 201.63 352.45  88244.94
 29.0 10569.0 289.84   0.010831   3.81 197.14 352.62  88210.66
 30.0 10600.0 289.80   0.011018   3.33 181.65 357.30  88260.59
 30.0 10631.0 290.18   0.011087   3.58 189.58 356.24  88221.95
 30.0 10659.0 291.50   0.010787   5.03 265.11 338.08  88183.75
 30.0 10690.0 290.62   0.011108   6.26 230.24 340.94  88281.67
 30.0 10720.0 289.22   0.009290   7.31 242.03 317.79  88514.66
 30.0 10751.0 287.46   0.007695   6.96 242.16 297.38  88671.50
 30.0 10781.0 286.70   0.006900   6.98 258.51 286.78  88736.23
 30.0 10812.0 288.24   0.006563   7.08 281.64 291.33  88687.61
 30.0 10843.0 291.39   0.006269   7.04 305.46 302.88  88393.51
 30.0 10873.0 292.02   0.008966   5.39 273.49 331.54  88277.87
 30.0 10904.0 290.26   0.011453   3.25 167.63 363.79  88199.78
 30.0 10934.0 289.92   0.011327   3.72 173.42 360.06  88315.26
 31.0 10965.0 290.12   0.011471   4.68 177.26 359.73  88369.79
 31.0 10996.0 290.42   0.011584   4.15 175.26 362.88  88376.03
 31.0 11024.0 291.47   0.011348   4.68 235.06 348.89  88257.39
 31.0 11055.0 290.64   0.010251   7.00 263.13 330.19  88387.28
 31.0 11085.0 289.33   0.008872   7.37 248.53 314.32  88541.49
 31.0 11116.0 287.83   0.007525   6.80 247.23 297.00  88605.18
 31.0 11146.0 287.84   0.007311   7.00 250.47 301.22  88552.07
 31.0 11177.0 289.17   0.007470   7.39 277.05 301.83  88520.83
 31.0 11208.0 291.25   0.006880   6.54 299.49 305.44  88434.66
 31.0 11238.0 292.37   0.009219   4.86 274.19 333.95  88118.80
 31.0 11269.0 290.14   0.011423   3.43 177.00 361.11  88242.79
 31.0 11299.0 289.80   0.011372   3.28 154.13 365.45  88267.91
 32.0 11330.0 289.81   0.011049   4.19 178.54 357.81  88306.25
 32.0 11361.0 289.95   0.011072   4.28 182.78 357.64  88301.09
 32.0 11389.0 290.98   0.011361   3.83 202.86 356.26  88222.25
 32.0 11420.0 290.94   0.010534   6.85 261.42 331.85  88245.12
 32.0 11450.0 289.21   0.008828   6.83 248.88 314.01  88379.88
 32.0 11481.0 287.16   0.007490   6.60 234.23 301.13  88599.05
 32.0 11511.0 286.22   0.006794   6.77 241.91 291.15  88576.41
 32.0 11542.0 287.96   0.006923   6.94 263.55 298.51  88569.15
 32.0 11573.0 290.14   0.007106   6.54 301.48 301.79  88389.04
 32.0 11603.0 291.72   0.008338   6.12 289.64 321.55  88214.45
 32.0 11634.0 290.68   0.011200   3.34 206.97 354.64  88216.28
 32.0 11664.0 289.52   0.011217   4.37 173.40 359.59  88273.15
 33.0 11695.0 289.31   0.010731   5.50 181.38 353.21  88296.09
 33.0 11726.0 289.44   0.010540   4.95 194.93 346.54  88255.28
 33.0 11754.0 291.14   0.010549   5.63 281.68 332.02  88244.21
 33.0 11785.0 291.17   0.009524   6.87 275.01 324.20  88346.34
 33.0 11815.0 289.82   0.008698   7.25 259.75 313.40  88476.09
 33.0 11846.0 287.55   0.006981   6.89 253.14 292.14  88626.64
 33.0 11876.0 287.20   0.007004   7.54 258.22 288.85  88711.96
 33.0 11907.0 288.35   0.006958   7.12 277.04 295.87  88571.16
 33.0 11938.0 290.90   0.006832   7.55 308.55 302.29  88432.39
 33.0 11968.0 291.47   0.009240   5.09 250.92 334.78  88318.43
 33.0 11999.0 290.04   0.011217   3.61 176.19 359.34  88188.83
 33.0 12029.0 290.39   0.011361   3.53 186.79 359.28  88277.80
 34.0 12060.0 290.08   0.011206   3.87 169.32 360.53  88287.08
 34.0 12091.0 290.99   0.011219   4.85 227.30 350.51  88204.94
 34.0 12119.0 291.57   0.011753   3.67 230.70 354.10  88201.89
 34.0 12150.0 291.21   0.011000   6.66 258.98 336.82  88308.16
 34.0 12180.0 289.53   0.009184   6.94 242.90 319.13  88515.69
 34.0 12211.0 288.90   0.007956   6.30 256.09 300.10  88558.16
 34.0 12241.0 287.92   0.007466   6.64 247.58 300.35  88498.11
 34.0 12272.0 289.08   0.006679   6.91 288.28 290.86  88574.16
 34.0 12303.0 291.56   0.007016   5.87 297.83 307.69  88371.05
 34.0 12333.0 291.58   0.009356   5.13 265.54 333.66  88271.00
 34.0 12364.0 291.30   0.010673   4.65 248.84 345.89  88226.41
 34.0 12394.0 289.74   0.011328   3.66 164.04 361.26  88266.97
 35.0 12425.0 290.17   0.011358   3.83 186.24 359.33  88276.74
 35.0 12456.0 291.16   0.011372   3.67 223.82 354.06  88182.06
 35.0 12484.0 291.42   0.011465   3.95 228.58 353.08  88193.18
 35.0 12515.0 290.72   0.010667   6.92 254.78 332.25  88361.49
 35.0 12545.0 288.98   0.008684   7.00 257.36 308.20  88468.96
 35.0 12576.0 287.53   0.007705   6.45 240.52 298.34  88599.79
 35.0 12606.0 285.91   0.006355   7.07 269.49 276.96  88679.78
 35.0 12637.0 288.90   0.006988   6.76 282.81 295.41  88538.33
 35.0 12668.0 291.14   0.007631   5.99 292.51 313.30  88364.82
 35.0 12698.0 291.44   0.008896   6.11 272.43 329.43  88236.56
 35.0 12729.0 290.74   0.010961   3.47 196.47 355.85  88223.41
 35.0 12759.0 289.76   0.011213   4.14 177.34 360.09  88230.95
 36.0 12790.0 289.81   0.010917   5.28 198.35 350.79  88214.81
 36.0 12821.0 290.48   0.010948   4.60 209.45 351.08  88211.05
 36.0 12849.0 291.55   0.011034   4.64 259.99 344.39  88183.48
 36.0 12880.0 290.91   0.010776   6.73 251.31 338.83  88298.73
 36.0 12910.0 289.26   0.008381   6.57 269.36 302.73  88461.02
 36.0 12941.0 288.62   0.007693   6.38 255.71 298.20  88476.78
 36.0 12971.0 287.61   0.006831   6.95 268.04 286.11  88660.57
 36.0 13002.0 289.73   0.006695   6.41 283.02 299.90  88489.02
 36.0 13033.0 291.27   0.006051   7.08 319.31 295.05  88459.30
 36.0 13063.0 291.97   0.008437   5.07 273.09 331.26  88283.67
 36.0 13094.0 290.33   0.010938   4.19 193.53 354.79  88283.33
 36.0 13124.0 289.86   0.011128   3.35 169.73 359.12  88284.59
 37.0 13155.0 290.14   0.011010   3.79 179.71 355.95  88333.88
 37.0 13186.0 290.66   0.010987   3.41 202.79 354.06  88290.18
 37.0 13214.0 291.35   0.011241   5.16 240.19 346.28  88316.26
 37.0 13245.0 290.50   0.010710   7.18 241.47 336.71  88350.88
 37.0 13275.0 288.90   0.009122   7.24 224.13 320.65  88405.45
 37.0 13306.0 287.10   0.007012   6.96 262.24 285.00  88655.13
 37.0 13336.0 286.64   0.007307   7.23 238.96 297.03  88749.30
 37.0 13367.0 288.53   0.006917   6.69 279.95 295.22  88596.81
 37.0 13398.0 291.03   0.007110   7.18 300.85 305.45  88415.03
 37.0 13428.0 292.36   0.008476   6.89 286.51 328.23  88334.55
 37.0 13459.0 290.96   0.011306   4.28 207.85 355.74  88181.16
 37.0 13489.0 289.90   0.011248   4.13 176.38 359.24  88286.86
 38.0 13520.0 289.86   0.011229   4.03 179.48 359.45  88309.33
 38.0 13551.0 290.84   0.010952   3.64 226.83 350.88  88304.90
 38.0 13579.0 291.21   0.011499   3.84 225.45 353.49  88229.46
 38.0 13610.0 290.53   0.010660   6.35 237.65 336.65  88294.60
 38.0 13640.0 288.83   0.009125   6.20 240.27 313.52  88485.80
 38.0 13671.0 287.86   0.007321   6.28 258.08 291.06  88523.17
 38.0 13701.0 287.44   0.007047   6.87 242.28 294.71  88584.66
 38.0 13732.0 288.77   0.006604   6.68 282.81 294.08  88582.02
 38.0 13763.0 291.36   0.006861   6.58 303.64 306.05  88343.55
 38.0 13793.0 291.22   0.009233   4.72 266.92 330.08  88351.22
 38.0 13824.0 290.59   0.010210   4.67 250.32 338.13  88353.50
 38.0 13854.0 289.95   0.010964   3.82 200.94 351.44  88235.64
 39.0 13885.0 289.36   0.010787   4.57 177.34 353.72  88269.66
 39.0 13916.0 289.65   0.010820   3.63 172.28 355.70  88293.69
 39.0 13944.0 290.66   0.010866   5.24 239.27 344.71  88334.84
 39.0 13975.0 290.38   0.009836   7.32 265.96 324.04  88377.03
 39.0 14005.0 289.39   0.009110   7.03 236.12 320.15  88489.02
 39.0 14036.0 288.26   0.007168   6.92 261.25 292.73  88639.07
 39.0 14066.0 287.47   0.006855   7.09 267.01 286.36  88675.65
 39.0 14097.0 289.07   0.007388   6.40 259.63 306.74  88540.11
 39.0 14128.0 291.02   0.006602   6.82 302.97 303.16  88433.57
 39.0 14158.0 291.90   0.009163   5.64 275.41 334.81  88203.62
 39.0 14189.0 290.67   0.010957   4.95 213.21 352.99  88276.67
 39.0 14219.0 289.96   0.011389   3.46 161.04 363.76  88313.32
 40.0 14250.0 290.26   0.011318   3.80 176.82 361.06  88293.23
 40.0 14281.0 291.50   0.011440   5.25 243.44 351.62  88235.01
 40.0 14309.0 292.56   0.011356   4.88 257.86 347.40  88259.18
 40.0 14340.0 291.81   0.011387   6.24 241.87 344.96  88330.05
 40.0 14370.0 289.62   0.008981   7.13 252.10 314.46  88523.22
 40.0 14401.0 288.19   0.007572   6.84 257.60 295.13  88609.08
 40.0 14431.0 287.69   0.007031   7.03 260.66 289.55  88564.35
 40.0 14462.0 289.45   0.006927   7.06 291.52 292.29  88539.70
 40.0 14493.0 291.48   0.007212   7.14 304.57 308.76  88470.96
 40.0 14523.0 292.58   0.008370   5.93 273.07 330.99  88247.49
 40.0 14554.0 290.16   0.011313   4.10 176.02 360.86  88285.97
 40.0 14584.0 290.05   0.011119   3.53 178.25 356.77  88363.02
 41.0 14615.0 289.87   0.011359   3.78 172.93 362.18  88276.48
 41.0 14646.0 291.11   0.011019   4.20 223.42 349.66  88204.19
 41.0 14674.0 291.80   0.011546   3.98 235.82 353.10  88238.20
 41.0 14705.0 291.29   0.010912   6.82 265.90 334.21  88273.92
 41.0 14735.0 289.20   0.008723   6.99 256.56 310.92  88481.34
 41.0 14766.0 288.10   0.007747   6.32 244.57 300.64  88536.38
 41.0 14796.0 288.16   0.007294   6.68 255.03 297.36  88565.80
 41.0 14827.0 289.25   0.006487   6.68 291.91 290.97  88562.59
 41.0 14858.0 291.74   0.006500   6.07 303.72 306.16  88390.14
 41.0 14888.0 291.69   0.008897   5.37 272.47 329.42  88196.30
 41.0 14919.0 290.80   0.010843   3.82 224.88 347.70  88218.38
 41.0 14949.0 290.38   0.011485   3.22 191.49 358.75  88341.88
 42.0 14980.0 290.93   0.011108   3.78 228.40 351.95  88263.89
 42.0 15011.0 291.82   0.010932   3.74 254.89 344.38  88155.89
 42.0 15039.0 291.63   0.010634   5.69 270.05 339.34  88224.15
 42.0 15070.0 291.07   0.010209   7.09 258.12 333.18  88326.63
 42.0 15100.0 290.48   0.008386   6.51 269.80 310.10  88331.48
 42.0 15131.0 288.55   0.006979   7.00 250.40 300.19  88587.37
 42.0 15161.0 287.98   0.006655   7.04 269.38 287.60  88614.48
 42.0 15192.0 289.28   0.006515   7.17 279.87 296.57  88494.05
 42.0 15223.0 291.58   0.006379   6.69 298.31 309.62  88436.38
 42.0 15253.0 292.82   0.007913   5.56 290.98 326.15  88273.83
 42.0 15284.0 290.74   0.011207   3.73 198.68 357.70  88247.08
 42.0 15314.0 290.17   0.011340   3.40 171.30 360.46  88209.28
 43.0 15345.0 290.23   0.010883   4.09 191.70 354.57  88260.62
 43.0 15376.0 290.66   0.011495   4.14 196.95 358.49  88315.60
 43.0 15404.0 292.12   0.011126   4.82 262.88 345.24  88220.77
 43.0 15435.0 291.67   0.010533   6.73 273.86 329.83  88285.31
 43.0 15465.0 289.87   0.009035   7.27 236.75 319.62  88446.38
 43.0 15496.0 288.03   0.007769   7.29 241.58 300.01  88559.12
 43.0 15526.0 287.58   0.007246   6.92 240.77 297.98  88524.53
 43.0 15557.0 289.30   0.006962   6.76 276.29 299.61  88473.12
 43.0 15588.0 291.60   0.006857   7.16 308.85 305.83  88398.55
 43.0 15618.0 292.49   0.007365   6.65 304.10 317.93  88276.13
 43.0 15649.0 290.51   0.011010   3.53 192.12 356.45  88241.05
 43.0 15679.0 289.42   0.011019   3.75 153.53 361.37  88283.72
 44.0 15710.0 289.87   0.010903   5.57 203.64 349.69  88215.15
 44.0 15741.0 291.00   0.011147   3.87 226.80 351.50  88304.27
 44.0 15769.0 291.38   0.011153   4.24 233.67 349.58  88213.84
 44.0 15800.0 290.88   0.010545   7.19 266.76 329.71  88317.05
 44.0 15830.0 289.15   0.008912   6.98 255.03 310.07  88413.43
 44.0 15861.0 287.74   0.007588   6.64 248.54 294.43  88576.11
 44.0 15891.0 287.56   0.006829   6.99 266.37 287.72  88602.45
 44.0 15922.0 288.78   0.006007   6.97 295.51 284.75  88539.94
 44.0 15953.0 291.45   0.007029   5.97 297.00 306.83  88297.65
 44.0 15983.0 291.58   0.008647   5.86 280.94 325.25  88236.06
 44.0 16014.0 290.62   0.010831   4.21 210.37 352.67  88242.39
 44.0 16044.0 289.56   0.011002   4.38 170.67 356.89  88253.23
 45.0 16075.0 289.83   0.011260   4.07 165.37 360.57  88272.57
 45.0 16106.0 290.34   0.011346   3.51 195.14 356.72  88265.06
 45.0 16134.0 291.35   0.010921   5.17 254.96 343.57  88235.38
 45.0 16165.0 290.13   0.010000   6.75 253.76 328.33  88416.91
 45.0 16195.0 289.41   0.008930   6.99 245.81 315.77  88432.12
 45.0 16226.0 289.21   0.007288   5.78 257.34 297.31  88508.61
 45.0 16256.0 288.10   0.006574   6.51 268.20 286.54  88514.20
 45.0 16287.0 289.12   0.006432   6.93 287.53 291.73  88557.71
 45.0 16318.0 291.02   0.007330   6.72 299.37 308.98  88346.88
 45.0 16348.0 291.78   0.008514   4.90 259.25 331.43  88218.11
 45.0 16379.0 290.47   0.010900   4.77 206.77 352.88  88274.02
 45.0 16409.0 289.76   0.011120   4.55 173.41 359.59  88243.13
 46.0 16440.0 289.80   0.011068   5.53 176.69 358.42  88224.16
 46.0 16471.0 290.87   0.011127   4.59 226.61 352.65  88307.02
 46.0 16499.0 292.30   0.011424   3.76 257.40 349.26  88148.17
 46.0 16530.0 291.36   0.010976   6.22 251.40 340.55  88259.91
 46.0 16560.0 289.45   0.009281   6.93 227.37 325.26  88458.22
 46.0 16591.0 288.80   0.007623   5.66 253.61 296.96  88496.01
 46.0 16621.0 287.95   0.007043   7.18 263.55 289.73  88576.41
 46.0 16652.0 288.34   0.006872   7.01 279.72 292.61  88569.09
 46.0 16683.0 290.59   0.007763   7.01 292.18 313.14  88414.63
 46.0 16713.0 291.97   0.009366   5.63 276.71 334.43  88220.90
 46.0 16744.0 290.76   0.010676   4.14 223.06 348.61  88271.05
 46.0 16774.0 289.66   0.011203   3.06 160.59 361.65  88297.48
 47.0 16805.0 289.64   0.010894   4.29 179.27 354.65  88358.59
 47.0 16836.0 290.51   0.011293   3.33 196.92 357.13  88280.29
 47.0 16864.0 292.21   0.010790   4.69 270.81 340.38  88246.07
 47.0 16895.0 291.15   0.010691   5.89 260.92 333.06  88315.97
 47.0 16925.0 290.21   0.010253   6.30 224.89 333.25  88417.34
 47.0 16956.0 287.73   0.007562   6.36 246.64 297.96  88541.30
 47.0 16986.0 288.12   0.006965   6.20 257.14 292.66  88613.19
 47.0 17017.0 289.13   0.006375   6.70 286.70 291.10  88497.05
 47.0 17048.0 291.66   0.007850   6.41 285.27 314.45  88334.67
 47.0 17078.0 291.45   0.008937   6.75 283.53 324.49  88261.81
 47.0 17109.0 290.67   0.011185   3.76 199.85 356.23  88221.42
 47.0 17139.0 289.72   0.011419   3.72 160.43 362.81  88365.48
 48.0 17170.0 289.58   0.011170   4.91 174.64 357.26  88235.92
 48.0 17201.0 290.86   0.011724   4.16 207.52 358.25  88256.23
 48.0 17229.0 292.03   0.010830   4.96 275.35 341.35  88304.98
 48.0 17260.0 290.58   0.010139   6.82 263.78 327.25  88381.80
 48.0 17290.0 289.16   0.008322   6.91 256.52 307.38  88555.95
 48.0 17321.0 288.22   0.007509   7.08 252.34 296.31  88583.50
 48.0 17351.0 286.48   0.006933   7.42 247.65 291.35  88755.82
 48.0 17382.0 288.78   0.007155   6.67 263.24 302.84  88572.02
 48.0 17413.0 291.78   0.006734   5.92 293.73 308.42  88355.81
 48.0 17443.0 292.54   0.008625   5.81 288.74 329.90  88306.99
 48.0 17474.0 290.20   0.011093   4.39 177.21 359.14  88321.08
 48.0 17504.0 289.99   0.011449   3.72 174.75 362.73  88343.70
 49.0 17535.0 290.67   0.011437   3.22 191.54 358.82  88345.13
 49.0 17566.0 291.95   0.012060   3.13 215.49 361.44  88232.74
 49.0 17594.0 290.91   0.011700   4.15 192.45 360.13  88390.11
 49.0 17625.0 290.95   0.010731   7.12 257.59 334.15  88373.49
 49.0 17655.0 289.46   0.008812   7.28 257.81 311.14  88610.19
 49.0 17686.0 288.67   0.008170   6.62 240.97 305.67  88642.22
 49.0 17716.0 287.21   0.006702   7.32 266.25 283.56  88824.73
 49.0 17747.0 289.00   0.006660   6.96 284.92 294.06  88667.57
 49.0 17778.0 291.17   0.006788   6.62 302.31 306.46  88346.35
 49.0 17808.0 291.95   0.008619   5.86 271.14 329.51  88259.34
 49.0 17839.0 290.48   0.011103   4.11 196.11 357.18  88319.14
 49.0 17869.0 290.17   0.011425   2.98 170.24 362.68  88322.86
 50.0 17900.0 290.31   0.011145   3.61 187.16 358.61  88339.88
 50.0 17931.0 291.95   0.011401   4.39 257.75 347.79  88184.28
 50.0 17959.0 292.03   0.011431   4.41 252.89 348.77  88225.23
 50.0 17990.0 290.98   0.011315   5.90 228.68 343.49  88348.44
 50.0 18020.0 289.68   0.009372   6.80 242.58 320.78  88466.16
 50.0 18051.0 287.52   0.007417   7.07 256.96 290.78  88614.88
 50.0 18081.0 287.44   0.007329   6.93 253.13 294.67  88616.84
 50.0 18112.0 288.74   0.006596   6.97 290.70 290.53  88547.23
 50.0 18143.0 292.29   0.006625   5.86 310.04 305.05  88339.49
 50.0 18173.0 292.32   0.008584   5.20 279.14 330.61  88300.09
 50.0 18204.0 290.26   0.011393   3.40 187.34 359.38  88345.61
 50.0 18234.0 289.82   0.011314   3.92 169.67 361.52  88338.27
 51.0 18265.0 290.22   0.011278   3.97 187.58 358.46  88355.66
 51.0 18296.0 290.87   0.011041   3.59 217.15 351.90  88273.23
 51.0 18324.0 291.14   0.011327   5.57 235.37 346.52  88199.84
 51.0 18355.0 291.48   0.010644   6.79 266.16 331.87  88276.47
 51.0 18385.0 289.82   0.008841   6.74 259.81 313.36  88503.95
 51.0 18416.0 287.54   0.007177   7.15 259.89 288.79  88627.89
 51.0 18446.0 287.14   0.006721   6.98 261.33 287.32  88602.40
 51.0 18477.0 288.34   0.006958   6.96 265.65 301.01  88529.54
 51.0 18508.0 291.88   0.006470   6.60 309.71 304.70  88432.97
 51.0 18538.0 291.93   0.009271   5.57 276.52 331.26  88273.70
 51.0 18569.0 290.24   0.011361   3.45 170.44 363.13  88262.77
 51.0 18599.0 289.66   0.011004   4.73 169.44 360.45  88285.92
 52.0 18630.0 290.43   0.011295   4.80 192.44 356.85  88203.20
 52.0 18661.0 290.48   0.010983   3.89 209.81 353.92  88304.67
 52.0 18689.0 291.42   0.011674   3.68 213.23 358.85  88213.17
 52.0 18720.0 291.38   0.010987   5.50 250.25 338.26  88198.61
 52.0 18750.0 289.04   0.008957   6.99 251.15 313.03  88486.20
 52.0 18781.0 287.59   0.007582   6.81 245.44 299.57  88615.41
 52.0 18811.0 287.45   0.006801   6.76 265.11 286.13  88542.39
 52.0 18842.0 288.17   0.006790   7.12 286.28 290.92  88577.41
 52.0 18873.0 290.90   0.006434   6.37 299.97 304.21  88390.11
 52.0 18903.0 292.50   0.007655   5.24 284.71 321.52  88244.16
 52.0 18934.0 290.16   0.011005   3.79 189.32 355.31  88248.87
 52.0 18964.0 289.70   0.011031   3.85 191.36 355.54  88273.34
 53.0 18995.0 289.54   0.010633   3.39 178.95 353.08  88245.01
 53.0 19026.0 290.48   0.010897   3.76 220.53 348.96  88284.06
 53.0 19054.0 291.30   0.010719   4.95 261.14 337.48  88174.84
 53.0 19085.0 291.25   0.010601   6.50 271.74 332.47  88268.05
 53.0 19115.0 289.74   0.009124   7.25 249.99 315.85  88464.92
 53.0 19146.0 288.31   0.007405   6.93 263.28 293.18  88625.78
 53.0 19176.0 286.98   0.006439   7.25 273.59 278.73  88739.75
 53.0 19207.0 288.76   0.006600   6.99 290.63 289.50  88608.30
 53.0 19238.0 290.86   0.005971   7.21 303.58 302.12  88465.01
 53.0 19268.0 291.54   0.009033   4.31 251.95 334.29  88325.67
 53.0 19299.0 291.27   0.010324   4.94 252.19 338.84  88328.30
 53.0 19329.0 290.44   0.011531   3.47 191.61 359.16  88309.24
 54.0 19360.0 290.08   0.011508   4.17 169.40 362.13  88346.35
 54.0 19391.0 291.27   0.011989   3.01 189.82 363.57  88350.26
 54.0 19419.0 291.61   0.011661   4.49 229.81 351.31  88299.80
 54.0 19450.0 291.05   0.011152   6.26 243.35 340.98  88366.18
 54.0 19480.0 289.71   0.009185   7.37 255.78 314.40  88470.56
 54.0 19511.0 287.52   0.007795   6.66 243.86 300.29  88655.15
 54.0 19541.0 287.40   0.007277   6.65 245.05 298.84  88589.39
 54.0 19572.0 287.76   0.006248   7.33 291.85 281.87  88617.77
 54.0 19603.0 291.19   0.006871   6.50 296.98 305.19  88430.95
 54.0 19633.0 291.99   0.008442   6.04 296.17 322.47  88323.86
 54.0 19664.0 290.42   0.011447   3.50 188.23 358.36  88277.59
 54.0 19694.0 289.71   0.010888   4.55 184.49 354.79  88192.08
 55.0 19725.0 289.49   0.011048   3.56 163.68 358.03  88315.12
 55.0 19756.0 290.43   0.011357   3.78 188.37 359.24  88304.30
 55.0 19784.0 291.45   0.011372   3.55 236.13 351.16  88187.51
 55.0 19815.0 290.61   0.010582   6.74 246.07 334.12  88304.75
 55.0 19845.0 289.30   0.008866   6.82 256.96 309.89  88416.56
 55.0 19876.0 287.47   0.007205   6.74 261.02 289.01  88622.30
 55.0 19906.0 286.75   0.006850   6.84 255.21 288.88  88595.45
 55.0 19937.0 289.02   0.007033   6.68 274.59 298.83  88549.80
 55.0 19968.0 291.71   0.006162   7.27 318.33 297.70  88382.61
 55.0 19998.0 292.28   0.009015   5.66 280.96 332.05  88272.27
 55.0 20029.0 290.23   0.011316   3.42 185.34 358.46  88242.24
 55.0 20059.0 289.22   0.011168   4.56 149.44 361.54  88262.31
 56.0 20090.0 290.24   0.010962   5.16 222.64 348.55  88225.02
 56.0 20121.0 289.86   0.011010   5.25 178.84 354.74  88251.53
 56.0 20149.0 291.19   0.010202   4.86 255.97 334.39  88306.48
 56.0 20180.0 291.60   0.009755   7.14 285.85 324.01  88274.78
 56.0 20210.0 290.37   0.008854   6.96 261.19 315.08  88333.05
 56.0 20241.0 288.15   0.007216   6.56 242.35 300.05  88561.45
 56.0 20271.0 287.55   0.007005   6.80 254.66 289.48  88558.81
 56.0 20302.0 287.77   0.006433   7.03 274.12 290.81  88465.93
 56.0 20333.0 291.66   0.006302   7.65 318.60 299.13  88302.28
 56.0 20363.0 291.88   0.008362   5.37 269.75 328.40  88232.15
 56.0 20394.0 291.07   0.010570   4.58 242.23 342.35  88251.32
 56.0 20424.0 289.77   0.011178   3.45 163.43 362.70  88261.44
 57.0 20455.0 290.19   0.010603   3.85 189.87 352.22  88242.39
 57.0 20486.0 291.04   0.010814   4.16 231.88 349.03  88227.91
 57.0 20514.0 291.71   0.011545   4.50 243.46 350.14  88192.31
 57.0 20545.0 290.81   0.010522   7.20 257.56 333.61  88239.89
 57.0 20575.0 289.35   0.008686   6.90 259.73 311.31  88449.85
 57.0 20606.0 287.47   0.007328   7.16 250.06 295.83  88599.34
 57.0 20636.0 287.10   0.006655   6.99 261.98 288.53  88694.31
 57.0 20667.0 289.28   0.006617   6.54 275.85 294.65  88537.05
 57.0 20698.0 290.34   0.007554   6.24 274.97 311.76  88393.56
 57.0 20728.0 291.65   0.008509   5.23 276.64 324.85  88271.66
 57.0 20759.0 290.88   0.010796   4.34 227.16 347.99  88284.91
 57.0 20789.0 290.07   0.011110   3.54 186.53 357.03  88250.68
 58.0 20820.0 289.74   0.011189   3.81 166.87 358.40  88306.56
 58.0 20851.0 290.15   0.011215   4.10 190.63 357.08  88334.81
 58.0 20879.0 291.22   0.011393   4.10 227.74 350.63  88245.32
 58.0 20910.0 290.65   0.010589   6.56 243.27 336.54  88258.21
 58.0 20940.0 289.68   0.009030   6.77 254.97 312.34  88443.84
 58.0 20971.0 287.80   0.007434   6.68 253.19 295.03  88544.26
 58.0 21001.0 287.79   0.007196   7.22 257.46 295.05  88653.19
 58.0 21032.0 288.98   0.006923   6.93 283.27 295.06  88657.08
 58.0 21063.0 291.69   0.007391   5.93 286.66 314.77  88313.69
 58.0 21093.0 291.60   0.009237   6.18 266.61 334.13  88237.61
 58.0 21124.0 290.67   0.011341   3.95 215.69 352.55  88274.70
 58.0 21154.0 289.95   0.011349   4.26 183.08 358.71  88298.99
 59.0 21185.0 289.80   0.011335   3.92 169.79 360.05  88301.03
 59.0 21216.0 290.71   0.011834   3.73 177.22 364.25  88270.34
 59.0 21244.0 291.31   0.011504   4.74 230.34 352.51  88261.71
 59.0 21275.0 291.41   0.010895   6.73 264.88 334.49  88321.71
 59.0 21305.0 289.95   0.009421   6.99 254.06 315.98  88419.54
 59.0 21336.0 287.51   0.007439   7.17 256.53 289.38  88653.95
 59.0 21366.0 287.08   0.006407   6.93 266.56 282.15  88658.16
 59.0 21397.0 289.14   0.006490   6.47 281.66 294.89  88488.01
 59.0 21428.0 291.11   0.008138   5.39 269.99 319.23  88360.88
 59.0 21458.0 291.06   0.009986   4.20 243.85 338.74  88309.40
 59.0 21489.0 290.92   0.010830   4.10 240.20 346.39  88243.05
 59.0 21519.0 289.95   0.011099   4.13 197.98 354.77  88320.39
 60.0 21550.0 290.66   0.011364   3.39 201.55 356.31  88249.44
 60.0 21581.0 290.35   0.011200   4.28 202.82 355.85  88297.08
 60.0 21609.0 291.17   0.010969   5.16 250.75 343.38  88323.95
 60.0 21640.0 290.95   0.010815   6.97 252.32 336.38  88330.33
 60.0 21670.0 289.37   0.009147   7.01 251.69 315.01  88446.47
 60.0 21701.0 287.71   0.007640   6.84 247.52 296.26  88573.62
 60.0 21731.0 287.45   0.007138   7.24 245.35 297.25  88655.06
 60.0 21762.0 288.40   0.006941   7.34 274.86 298.04  88641.52
 60.0 21793.0 290.58   0.006829   7.28 307.23 301.21  88380.86
 60.0 21823.0 292.12   0.008062   6.13 292.53 323.42  88223.27
 60.0 21854.0 291.28   0.010389   4.68 235.92 347.88  88275.59
 60.0 21884.0 289.88   0.011334   3.95 160.90 363.76  88278.23
 61.0 21915.0 290.10   0.011380   3.40 161.65 364.79  88348.89
 61.0 21946.0 290.35   0.010894   4.48 194.63 353.16  88328.25
 61.0 21974.0 292.17   0.010820   5.97 287.93 334.82  88247.29
 61.0 22005.0 291.76   0.010940   5.87 261.34 335.77  88224.13
 61.0 22035.0 290.20   0.009499   6.87 241.05 323.29  88474.54
 61.0 22066.0 289.92   0.008258   6.57 256.07 305.73  88587.14
 61.0 22096.0 288.49   0.006954   6.75 260.94 291.08  88559.75
 61.0 22127.0 289.65   0.006593   6.88 291.95 291.70  88543.10
 61.0 22158.0 291.28   0.006617   7.05 307.61 303.93  88429.55
 61.0 22188.0 291.30   0.008979   6.27 262.64 332.16  88348.65
 61.0 22219.0 290.95   0.011374   3.87 207.02 357.85  88343.15
 61.0 22249.0 290.30   0.011264   4.32 197.19 357.64  88366.97
 62.0 22280.0 289.65   0.011233   4.41 163.63 361.65  88322.47
 62.0 22311.0 290.61   0.011702   3.51 178.62 362.15  88357.50
 62.0 22339.0 291.67   0.011452   5.26 241.13 351.33  88231.57
 62.0 22370.0 290.86   0.010747   7.53 255.36 334.42  88383.15
 62.0 22400.0 289.54   0.009181   7.13 255.43 313.66  88411.51
 62.0 22431.0 287.87   0.007751   6.60 242.99 300.86  88583.50
 62.0 22461.0 287.64   0.006900   6.92 267.65 287.33  88666.80
 62.0 22492.0 289.27   0.007424   6.87 262.48 305.74  88595.02
 62.0 22523.0 290.64   0.007398   6.84 282.97 312.02  88437.13
 62.0 22553.0 292.23   0.007974   5.96 305.83 318.57  88261.92
 62.0 22584.0 290.22   0.011151   3.71 186.10 356.77  88207.34
 62.0 22614.0 290.12   0.011389   3.52 178.78 359.32  88250.22
 63.0 22645.0 290.10   0.011139   4.31 197.65 353.85  88256.12
 63.0 22676.0 290.43   0.011200   3.33 186.02 357.93  88253.05
 63.0 22704.0 291.00   0.011400   3.84 219.41 354.25  88184.15
 63.0 22735.0 290.18   0.010149   6.79 271.30 325.63  88315.21
 63.0 22765.0 289.26   0.008947   6.84 252.47 310.78  88509.27
 63.0 22796.0 287.82   0.008075   6.89 237.42 305.10  88543.92
 63.0 22826.0 287.54   0.007007   6.64 248.50 296.10  88529.71
 63.0 22857.0 289.02   0.006834   6.76 275.63 297.14  88479.80
 63.0 22888.0 291.37   0.006374   6.77 303.38 303.33  88406.55
 63.0 22918.0 291.89   0.008619   5.72 278.05 328.14  88202.23
 63.0 22949.0 290.44   0.011009   4.30 206.14 355.73  88313.48
 63.0 22979.0 289.27   0.011071   3.56 149.99 360.97  88307.70
 64.0 23010.0 289.81   0.011095   3.22 174.11 359.28  88279.17
 64.0 23041.0 290.45   0.010865   4.37 214.19 349.61  88293.04
 64.0 23069.0 291.08   0.011109   5.18 238.60 346.77  88149.91
 64.0 23100.0 290.54   0.010474   7.32 252.63 333.60  88241.72
 64.0 23130.0 289.77   0.008968   5.77 244.92 316.30  88411.80
 64.0 23161.0 287.76   0.007307   6.54 244.97 295.65  88539.62
 64.0 23191.0 287.64   0.006860   6.44 254.78 290.55  88570.09
 64.0 23222.0 289.06   0.006835   6.43 263.76 302.36  88534.70
 64.0 23253.0 291.72   0.006178   6.04 310.10 300.77  88427.51
 64.0 23283.0 291.88   0.008838   5.14 262.38 333.53  88213.37
 64.0 23314.0 290.44   0.010442   4.76 230.97 343.01  88242.09
 64.0 23344.0 289.79   0.011227   3.78 168.46 360.55  88338.34
 65.0 23375.0 290.14   0.010956   4.00 197.76 353.56  88268.90
 65.0 23406.0 290.77   0.011261   3.37 198.33 358.46  88268.48
 65.0 23434.0 291.52   0.011292   4.24 233.33 350.70  88214.70
 65.0 23465.0 291.26   0.010668   6.87 266.60 331.80  88350.21
 65.0 23495.0 289.53   0.009099   6.81 249.45 317.89  88414.11
 65.0 23526.0 287.84   0.007514   6.87 256.94 292.85  88566.95
 65.0 23556.0 287.39   0.006886   6.83 266.99 286.97  88599.72
 65.0 23587.0 288.60   0.006581   6.88 288.05 291.36  88623.80
 65.0 23618.0 291.89   0.006242   6.29 312.83 301.04  88357.78
 65.0 23648.0 291.74   0.009032   5.84 263.94 334.49  88337.12
 65.0 23679.0 291.10   0.010418   5.58 272.56 334.81  88378.52
 65.0 23709.0 289.81   0.011162   4.45 181.73 355.97  88249.48
 66.0 23740.0 290.37   0.011618   3.98 185.40 359.95  88336.77
 66.0 23771.0 290.55   0.011336   3.41 180.83 360.53  88292.50
 66.0 23799.0 291.45   0.011601   4.43 229.32 354.24  88290.45
 66.0 23830.0 291.19   0.010731   6.78 261.80 333.59  88389.59
 66.0 23860.0 290.05   0.009536   7.12 245.73 320.79  88493.36
 66.0 23891.0 288.24   0.007779   6.95 260.50 296.00  88649.30
 66.0 23921.0 287.13   0.006942   7.13 256.87 289.41  88775.05
 66.0 23952.0 288.79   0.006526   7.10 287.77 290.30  88658.68
 66.0 23983.0 291.86   0.006772   6.35 313.68 302.32  88323.27
 66.0 24013.0 292.09   0.008842   5.88 285.28 328.17  88317.71
 66.0 24044.0 290.79   0.011090   4.20 215.97 352.74  88278.21
 66.0 24074.0 290.27   0.011511   3.59 174.11 362.06  88320.91
 67.0 24105.0 289.82   0.011222   4.16 168.40 359.56  88358.37
 67.0 24136.0 291.43   0.011591   3.60 217.84 357.55  88278.93
 67.0 24164.0 291.64   0.011605   4.47 238.95 351.23  88333.92
 67.0 24195.0 291.23   0.010645   6.26 258.78 333.95  88380.74
 67.0 24225.0 289.07   0.008618   7.22 263.67 304.22  88506.76
 67.0 24256.0 287.21   0.007385   7.01 250.72 291.93  88735.94
 67.0 24286.0 287.31   0.007041   6.88 259.98 288.66  88670.07
 67.0 24317.0 288.66   0.006590   6.79 281.17 292.89  88509.75
 67.0 24348.0 291.06   0.006859   6.77 288.33 308.13  88446.58
 67.0 24378.0 290.96   0.010339   5.27 250.80 340.32  88310.71
 67.0 24409.0 291.33   0.010271   4.52 250.42 341.46  88255.67
 67.0 24439.0 289.44   0.011101   4.13 147.89 361.36  88233.13
 68.0 24470.0 289.20   0.010923   4.17 162.86 358.58  88288.48
 68.0 24501.0 291.22   0.011285   3.49 220.97 354.19  88205.48
 68.0 24529.0 291.52   0.011055   4.35 242.67 346.66  88202.50
 68.0 24560.0 291.06   0.010813   6.54 262.81 332.71  88287.20
 68.0 24590.0 289.68   0.008866   6.76 263.51 311.72  88406.16
 68.0 24621.0 288.55   0.007864   6.35 245.98 300.43  88502.77
 68.0 24651.0 287.25   0.007002   7.06 252.14 293.18  88588.23
 68.0 24682.0 287.91   0.007101   7.37 273.89 296.37  88550.05
 68.0 24713.0 291.05   0.007377   6.91 298.92 310.18  88365.65
 68.0 24743.0 291.81   0.009399   4.86 261.28 336.62  88135.77
 68.0 24774.0 290.31   0.010821   4.25 212.87 353.33  88253.37
 68.0 24804.0 289.70   0.011343   3.59 157.09 363.74  88226.76
 69.0 24835.0 290.01   0.011046   5.65 199.57 354.04  88229.76
 69.0 24866.0 290.47   0.011014   5.36 225.12 348.92  88347.98
 69.0 24894.0 291.14   0.010913   5.34 238.85 345.30  88288.47
 69.0 24925.0 290.75   0.010182   6.97 265.22 326.44  88308.62
 69.0 24955.0 289.49   0.009228   7.13 236.83 321.60  88501.48
 69.0 24986.0 287.64   0.007562   7.20 247.37 298.10  88658.95
 69.0 25016.0 287.04   0.006695   7.21 262.45 286.67  88716.25
 69.0 25047.0 289.20   0.006223   6.15 294.03 287.00  88535.32
 69.0 25078.0 290.86   0.007195   6.75 290.82 310.77  88448.97
 69.0 25108.0 292.18   0.008083   5.84 281.71 329.06  88265.19
 69.0 25139.0 290.92   0.010248   4.73 235.24 343.03  88282.83
 69.0 25169.0 290.30   0.011104   4.01 188.82 356.18  88275.13
 70.0 25200.0 290.45   0.011273   4.26 201.48 356.06  88316.80
 70.0 25231.0 290.73   0.011220   3.54 199.31 355.84  88353.16
 70.0 25259.0 291.41   0.011019   4.64 237.82 348.92  88260.58
 70.0 25290.0 291.61   0.010641   6.88 272.21 332.14  88295.96
 70.0 25320.0 290.11   0.008913   7.21 260.16 313.69  88518.14
 70.0 25351.0 288.31   0.007445   6.87 261.90 291.48  88592.58
 70.0 25381.0 287.20   0.006897   7.12 251.65 292.74  88701.91
 70.0 25412.0 289.27   0.006870   6.81 284.99 295.25  88489.48
 70.0 25443.0 291.42   0.007366   6.63 288.50 313.76  88376.77
 70.0 25473.0 291.43   0.009125   7.36 268.90 330.32  88333.96
 70.0 25504.0 291.19   0.010284   6.58 277.71 337.35  88249.49
 70.0 25534.0 289.89   0.011293   3.95 173.42 359.57  88230.70
 71.0 25565.0 289.58   0.011046   4.89 173.98 357.59  88260.27
 71.0 25596.0 290.56   0.011241   4.09 207.60 355.87  88330.72
 71.0 25624.0 291.50   0.010457   5.24 257.43 338.11  88283.92
 71.0 25655.0 290.95   0.010820   6.86 251.53 336.69  88310.03
 71.0 25685.0 289.92   0.009419   6.87 247.91 320.89  88438.60
 71.0 25716.0 287.89   0.007764   7.15 244.86 300.04  88608.25
 71.0 25746.0 287.85   0.007435   7.13 252.06 298.42  88674.55
 71.0 25777.0 289.18   0.006810   7.06 286.48 293.64  88537.67
 71.0 25808.0 290.82   0.006335   6.78 311.69 297.23  88436.78
 71.0 25838.0 291.15   0.009899   5.00 239.75 340.33  88224.48
 71.0 25869.0 290.27   0.011061   3.83 200.09 353.55  88249.52
 71.0 25899.0 289.55   0.011090   3.74 160.12 361.58  88302.31
 72.0 25930.0 289.90   0.010864   5.22 200.30 352.07  88219.58
 72.0 25961.0 290.52   0.011300   4.18 207.78 355.32  88288.45
 72.0 25989.0 291.67   0.010841   4.82 257.69 338.63  88233.47
 72.0 26020.0 290.83   0.010468   6.84 260.91 332.65  88297.95
 72.0 26050.0 289.59   0.008932   6.94 262.08 311.93  88446.09
 72.0 26081.0 287.23   0.007121   6.88 256.52 288.98  88653.75
 72.0 26111.0 288.03   0.006888   6.23 257.80 295.57  88541.88
 72.0 26142.0 288.71   0.006759   7.21 279.95 292.47  88587.84
 72.0 26173.0 290.62   0.006819   6.62 295.49 304.25  88361.92
 72.0 26203.0 291.50   0.008307   5.43 279.36 322.95  88290.00
 72.0 26234.0 290.74   0.010696   3.81 207.20 351.83  88253.06
 72.0 26264.0 290.11   0.011278   3.25 189.49 357.07  88304.41
 73.0 26295.0 290.46   0.011261   3.52 196.47 358.24  88222.20
 73.0 26326.0 290.95   0.011233   3.88 210.79 355.53  88253.56
 73.0 26354.0 291.09   0.011661   4.10 209.67 359.66  88301.40
 73.0 26385.0 290.68   0.010387   7.03 261.33 330.20  88416.19
 73.0 26415.0 289.83   0.009131   7.50 251.38 314.28  88529.84
 73.0 26446.0 288.33   0.007353   6.57 263.83 290.10  88562.89
 73.0 26476.0 287.42   0.006333   6.81 279.13 277.49  88661.73
 73.0 26507.0 288.18   0.006691   7.40 276.44 293.91  88700.09
 73.0 26538.0 291.61   0.006234   6.60 317.00 297.56  88386.24
 73.0 26568.0 292.17   0.009043   5.52 252.55 340.52  88296.55
 73.0 26599.0 290.61   0.011221   3.84 194.89 357.24  88385.02
 73.0 26629.0 290.15   0.011450   3.68 160.79 364.34  88429.40
 74.0 26660.0 290.68   0.011255   4.40 199.14 356.30  88437.77
 74.0 26691.0 291.18   0.011614   4.38 223.42 354.62  88337.12
 74.0 26719.0 292.88   0.011247   4.23 269.77 343.10  88259.45
 74.0 26750.0 291.68   0.010563   7.17 265.42 331.11  88402.24
 74.0 26780.0 289.96   0.008568   7.11 267.10 309.10  88551.99
 74.0 26811.0 287.61   0.006948   7.21 261.31 289.45  88660.47
 74.0 26841.0 288.41   0.007106   6.95 262.84 291.12  88709.69
 74.0 26872.0 289.66   0.005931   6.21 292.90 287.81  88495.08
 74.0 26903.0 292.23   0.006088   7.02 317.34 302.54  88501.36
 74.0 26933.0 291.89   0.009819   5.15 247.25 344.03  88349.40
 74.0 26964.0 291.18   0.011369   3.61 207.27 354.43  88341.04
 74.0 26994.0 290.71   0.011567   3.68 178.69 362.56  88404.34
 75.0 27025.0 291.59   0.011625   4.17 217.73 356.46  88355.33
 75.0 27056.0 291.30   0.011243   3.72 214.35 354.67  88292.56
 75.0 27084.0 292.34   0.011749   4.75 258.64 350.53  88220.00
 75.0 27115.0 290.83   0.010861   6.68 236.95 340.91  88299.91
 75.0 27145.0 290.25   0.009739   6.79 237.50 328.28  88391.27
 75.0 27176.0 287.92   0.007552   6.80 248.68 297.61  88569.30
 75.0 27206.0 287.50   0.007074   6.88 255.69 292.18  88532.31
 75.0 27237.0 288.58   0.007041   6.93 270.82 299.44  88553.69
 75.0 27268.0 290.27   0.006762   7.16 299.70 303.33  88361.48
 75.0 27298.0 291.92   0.008138   6.01 289.66 321.54  88257.09
 75.0 27329.0 289.96   0.011031   3.88 180.44 359.16  88224.06
 75.0 27359.0 289.35   0.010774   4.52 170.07 354.31  88211.30
 76.0 27390.0 289.86   0.010868   4.71 183.86 352.84  88238.09
 76.0 27421.0 290.47   0.011059   4.10 214.34 353.38  88194.99
 76.0 27449.0 291.87   0.010798   4.92 272.26 338.04  88211.30
 76.0 27480.0 291.24   0.010862   6.24 261.21 337.79  88178.51
 76.0 27510.0 289.51   0.009358   7.26 237.23 319.06  88385.54
 76.0 27541.0 287.50   0.007522   6.97 243.23 295.21  88639.08
 76.0 27571.0 286.98   0.006530   7.12 268.06 283.96  88670.88
 76.0 27602.0 289.08   0.006677   6.82 285.16 292.99  88575.88
 76.0 27633.0 291.37   0.007089   6.55 287.24 311.07  88365.31
 76.0 27663.0 291.74   0.008758   6.27 275.32 330.80  88217.02
 76.0 27694.0 290.35   0.011160   4.45 203.38 354.55  88247.38
 76.0 27724.0 290.05   0.011543   3.64 180.09 362.43  88255.92
 77.0 27755.0 290.30   0.011269   3.75 196.25 357.48  88331.77
 77.0 27786.0 290.71   0.011387   4.50 210.69 355.24  88317.19
 77.0 27814.0 291.11   0.011514   5.27 219.29 353.89  88340.30
 77.0 27845.0 291.02   0.010551   6.39 250.72 335.27  88344.12
 77.0 27875.0 289.44   0.008729   6.50 259.85 308.34  88476.64
 77.0 27906.0 287.88   0.007591   6.75 244.10 298.88  88603.26
 77.0 27936.0 286.45   0.006357   7.28 266.53 280.75  88720.09
 77.0 27967.0 289.76   0.006964   6.57 282.16 297.12  88507.25
 77.0 27998.0 291.46   0.007213   6.71 299.96 309.58  88401.94
 77.0 28028.0 291.70   0.009115   5.93 269.92 332.49  88265.22
 77.0 28059.0 290.44   0.010942   4.83 214.43 352.62  88237.36
 77.0 28089.0 289.57   0.011474   3.70 142.41 367.11  88270.23
 78.0 28120.0 289.90   0.011167   4.88 179.99 358.09  88234.39
 78.0 28151.0 291.71   0.011535   3.16 225.81 355.96  88253.55
 78.0 28179.0 291.68   0.011638   3.72 223.77 355.24  88241.48
 78.0 28210.0 291.09   0.010781   6.15 260.64 333.57  88277.35
 78.0 28240.0 289.19   0.008771   6.94 259.68 307.58  88523.48
 78.0 28271.0 287.49   0.007488   7.05 253.14 293.12  88612.27
 78.0 28301.0 287.94   0.006511   6.21 265.37 286.07  88519.22
 78.0 28332.0 289.45   0.006688   6.66 279.23 297.18  88477.44
 78.0 28363.0 291.58   0.006764   6.70 294.22 309.03  88433.88
 78.0 28393.0 291.55   0.009400   5.34 255.09 336.15  88234.39
 78.0 28424.0 290.43   0.011398   3.67 187.15 359.65  88296.24
 78.0 28454.0 289.84   0.011079   3.42 168.41 359.11  88288.76
 79.0 28485.0 289.95   0.011231   4.79 172.19 358.78  88276.15
 79.0 28516.0 290.53   0.010927   3.38 190.19 356.67  88350.03
 79.0 28544.0 291.60   0.010454   5.90 287.38 330.90  88267.49
 79.0 28575.0 291.46   0.010720   6.49 256.05 336.31  88271.02
 79.0 28605.0 289.70   0.009560   6.69 237.48 326.74  88515.38
 79.0 28636.0 287.93   0.007817   7.58 252.75 295.59  88729.22
 79.0 28666.0 287.46   0.007246   7.41 255.33 293.04  88680.20
 79.0 28697.0 288.40   0.007242   7.48 280.48 295.71  88651.07
 79.0 28728.0 290.94   0.007361   6.95 298.68 307.86  88330.72
 79.0 28758.0 292.15   0.008952   6.20 276.77 333.91  88216.09
 79.0 28789.0 291.18   0.010540   5.70 245.09 342.64  88265.91
 79.0 28819.0 290.40   0.011290   4.64 208.81 356.02  88238.06
 80.0 28850.0 289.73   0.011314   4.73 169.21 360.07  88296.16
 80.0 28881.0 290.27   0.011576   4.70 173.13 363.34  88333.12
 80.0 28909.0 291.89   0.010614   4.48 269.29 338.35  88260.80
 80.0 28940.0 291.37   0.009985   6.81 269.27 329.14  88303.08
 80.0 28970.0 290.21   0.009087   7.16 259.16 316.36  88427.06
 80.0 29001.0 288.60   0.007174   6.62 265.60 290.08  88557.86
 80.0 29031.0 287.70   0.006857   6.81 248.37 293.01  88595.48
 80.0 29062.0 288.65   0.006960   7.33 268.48 301.36  88571.95
 80.0 29093.0 291.16   0.007389   6.46 287.40 312.35  88360.98
 80.0 29123.0 292.02   0.009028   5.97 275.55 335.75  88207.25
 80.0 29154.0 290.43   0.011072   4.14 196.69 356.47  88247.63
 80.0 29184.0 289.83   0.011308   3.30 166.42 362.96  88275.49
 81.0 29215.0 290.37   0.010895   4.10 197.39 355.58  88248.12
 81.0 29246.0 290.92   0.011391   4.85 207.64 354.87  88161.99
 81.0 29274.0 291.80   0.011394   4.53 245.72 349.25  88240.84
 81.0 29305.0 291.34   0.011021   6.45 248.89 341.35  88231.88
 81.0 29335.0 289.80   0.008976   6.82 257.49 311.96  88357.58
 81.0 29366.0 288.00   0.007454   6.72 251.39 296.12  88529.05
 81.0 29396.0 287.51   0.006889   7.01 255.24 291.54  88601.08
 81.0 29427.0 287.85   0.006697   7.04 274.55 294.05  88638.88
 81.0 29458.0 290.76   0.006814   6.66 288.81 309.15  88328.84
 81.0 29488.0 291.15   0.009883   4.53 236.46 343.15  88194.65
 81.0 29519.0 290.32   0.011057   4.60 205.15 353.23  88211.34
 81.0 29549.0 289.33   0.011182   4.23 151.33 363.41  88332.44
 82.0 29580.0 289.71   0.010921   3.92 182.22 355.46  88257.44
 82.0 29611.0 291.04   0.011192   4.32 233.34 350.51  88236.47
 82.0 29639.0 291.27   0.010934   4.58 254.12 344.50  88187.84
 82.0 29670.0 290.83   0.010887   6.81 251.10 337.70  88265.43
 82.0 29700.0 289.53   0.009282   6.65 258.81 311.87  88445.28
 82.0 29731.0 288.00   0.007763   6.74 255.43 295.42  88546.73
 82.0 29761.0 287.67   0.006961   6.94 268.50 286.10  88685.42
 82.0 29792.0 289.42   0.006448   6.51 289.20 291.15  88572.12
 82.0 29823.0 291.28   0.006022   7.42 310.97 298.53  88451.21
 82.0 29853.0 292.49   0.008657   5.82 282.53 330.49  88247.71
 82.0 29884.0 290.82   0.010831   3.96 221.31 348.06  88270.45
 82.0 29914.0 289.80   0.011266   4.03 166.08 359.73  88350.66
 83.0 29945.0 289.95   0.011401   4.40 171.55 361.18  88319.47
 83.0 29976.0 290.99   0.012060   4.12 199.37 362.37  88310.98
 83.0 30004.0 291.61   0.011190   5.84 261.86 343.97  88250.30
 83.0 30035.0 290.93   0.010898   6.85 246.86 337.52  88371.23
 83.0 30065.0 289.04   0.009123   7.17 235.85 319.29  88574.35
 83.0 30096.0 287.60   0.007664   6.85 250.44 295.43  88666.11
 83.0 30126.0 287.56   0.006824   6.83 273.75 282.62  88644.32
 83.0 30157.0 288.82   0.006971   6.85 278.05 294.62  88545.96
 83.0 30188.0 291.16   0.006607   7.02 309.76 301.98  88406.88
 83.0 30218.0 292.08   0.008005   6.82 298.45 321.84  88301.10
 83.0 30249.0 290.85   0.010589   4.10 215.95 351.11  88203.83
 83.0 30279.0 290.00   0.011141   4.13 184.35 358.03  88234.36
 84.0 30310.0 289.80   0.011200   3.67 160.99 362.28  88274.58
 84.0 30341.0 291.26   0.011264   3.70 219.17 354.64  88206.94
 84.0 30369.0 291.80   0.011507   4.82 245.60 349.95  88152.60
 84.0 30400.0 291.31   0.010289   6.78 277.28 326.71  88204.25
 84.0 30430.0 289.95   0.008673   6.40 257.99 315.51  88417.41
 84.0 30461.0 287.66   0.007350   6.58 254.30 291.57  88530.28
 84.0 30491.0 287.47   0.006754   6.87 257.17 288.15  88596.69
 84.0 30522.0 288.71   0.005924   6.98 290.84 283.59  88516.52
 84.0 30553.0 291.89   0.005948   6.16 309.65 300.30  88331.23
 84.0 30583.0 292.14   0.007541   5.92 294.70 319.18  88245.97
 84.0 30614.0 290.80   0.010679   3.61 213.38 349.16  88319.98
 84.0 30644.0 289.56   0.011095   3.40 159.61 360.75  88303.69
 85.0 30675.0 289.91   0.010803   4.68 193.87 353.32  88193.83
 85.0 30706.0 290.21   0.010741   4.07 200.71 351.28  88339.45
 85.0 30734.0 291.60   0.010127   5.35 283.30 331.87  88255.54
 85.0 30765.0 290.64   0.010260   7.19 256.75 329.13  88294.75
 85.0 30795.0 289.43   0.008844   7.42 254.66 311.04  88507.56
 85.0 30826.0 287.58   0.006895   6.81 264.84 284.81  88568.75
 85.0 30856.0 287.11   0.007081   7.36 244.84 294.53  88630.05
 85.0 30887.0 288.56   0.006743   7.19 287.00 291.72  88607.28
 85.0 30918.0 291.10   0.007014   6.82 300.15 306.70  88374.32
 85.0 30948.0 292.36   0.008714   5.52 282.65 329.15  88196.53
 85.0 30979.0 290.99   0.010717   4.81 237.03 347.15  88238.14
 85.0 31009.0 289.66   0.011340   4.40 170.64 359.72  88256.04
 86.0 31040.0 289.52   0.011084   3.92 163.87 359.46  88420.03
 86.0 31071.0 290.80   0.011432   4.60 218.59 354.53  88312.64
 86.0 31099.0 291.20   0.010723   5.21 256.95 340.77  88264.43
 86.0 31130.0 291.61   0.010495   6.40 273.18 331.24  88243.27
 86.0 31160.0 289.64   0.009434   7.15 235.54 323.18  88381.56
 86.0 31191.0 287.72   0.007197   6.53 262.18 288.22  88563.25
 86.0 31221.0 287.65   0.006711   6.81 270.58 285.57  88663.30
 86.0 31252.0 290.65   0.006513   6.31 290.68 295.90  88489.79
 86.0 31283.0 290.86   0.006985   7.80 294.54 308.93  88496.30
 86.0 31313.0 291.87   0.009338   6.76 272.00 335.70  88320.01
 86.0 31344.0 291.35   0.011332   3.81 221.23 355.90  88330.00
 86.0 31374.0 290.81   0.011853   3.69 180.96 364.12  88303.30
 87.0 31405.0 291.01   0.012252   3.14 159.22 370.21  88352.38
 87.0 31436.0 291.74   0.012562   3.27 175.72 371.29  88323.87
 87.0 31464.0 292.57   0.011942   4.36 247.52 353.80  88267.58
 87.0 31495.0 291.17   0.010851   6.79 257.99 334.50  88340.47
 87.0 31525.0 289.65   0.009040   7.05 256.63 313.52  88483.38
 87.0 31556.0 287.10   0.007130   6.94 255.93 288.62  88639.84
 87.0 31586.0 286.99   0.006985   6.57 254.11 290.12  88547.30
 87.0 31617.0 288.13   0.007028   6.96 261.16 299.88  88523.36
 87.0 31648.0 289.91   0.007017   6.90 292.47 304.36  88441.59
 87.0 31678.0 291.04   0.009835   4.41 215.52 349.34  88141.91
 87.0 31709.0 290.18   0.010893   4.25 195.36 355.16  88252.38
 87.0 31739.0 289.05   0.010883   4.67 140.91 361.15  88260.53
 88.0 31770.0 289.40   0.010675   4.49 179.89 354.74  88224.47
 88.0 31801.0 290.28   0.010976   4.05 202.34 353.00  88221.72
 88.0 31829.0 291.35   0.011363   5.12 248.35 347.49  88132.16
 88.0 31860.0 290.44   0.010459   6.49 255.79 333.37  88226.47
 88.0 31890.0 288.48   0.008516   6.50 240.61 313.77  88410.34
 88.0 31921.0 286.31   0.006902   6.84 245.61 290.67  88643.51
 88.0 31951.0 286.89   0.006757   6.91 266.72 282.76  88626.02
 88.0 31982.0 288.16   0.005987   6.77 299.85 280.23  88527.56
 88.0 32013.0 291.30   0.007007   5.72 287.08 309.45  88331.77
 88.0 32043.0 290.89   0.009036   4.94 253.14 331.18  88299.47
 88.0 32074.0 290.85   0.010092   4.09 247.64 337.63  88298.41
 88.0 32104.0 290.21   0.010885   4.29 211.46 349.14  88147.75
 89.0 32135.0 289.66   0.011023   3.68 191.12 355.60  88301.25
 89.0 32166.0 290.76   0.010865   3.17 213.15 352.38  88332.00
 89.0 32194.0 290.96   0.011027   5.17 237.18 344.93  88305.45
 89.0 32225.0 290.73   0.010204   6.84 262.57 328.39  88229.93
 89.0 32255.0 289.49   0.008272   6.61 267.53 307.26  88519.82
 89.0 32286.0 288.77   0.007391   6.70 255.51 297.04  88478.47
 89.0 32316.0 287.93   0.006661   7.07 268.39 285.79  88596.36
 89.0 32347.0 289.15   0.006285   6.97 292.55 289.59  88592.90
 89.0 32378.0 291.47   0.006530   6.05 290.90 309.63  88421.03
 89.0 32408.0 291.17   0.009556   5.17 234.12 340.07  88330.02
 89.0 32439.0 290.51   0.011369   4.46 198.71 357.59  88299.04
 89.0 32469.0 290.04   0.011537   3.74 160.01 364.78  88375.56
 90.0 32500.0 290.23   0.011659   4.19 156.71 365.63  88354.82
 90.0 32531.0 291.90   0.011628   3.92 235.43 353.47  88361.83
 90.0 32559.0 292.59   0.011049   4.07 265.87 344.26  88242.84
 90.0 32590.0 291.45   0.010913   6.26 250.09 341.00  88388.81
 90.0 32620.0 290.23   0.008896   6.69 259.70 313.02  88444.41
 90.0 32651.0 289.22   0.007881   6.42 248.15 302.53  88531.03
 90.0 32681.0 288.49   0.007191   7.11 264.17 293.70  88530.86
 90.0 32712.0 289.22   0.006925   7.12 272.95 301.02  88584.84
 90.0 32743.0 291.33   0.007370   7.06 298.75 308.97  88378.15
 90.0 32773.0 292.35   0.008927   5.97 285.22 330.70  88214.30
 90.0 32804.0 290.44   0.011015   4.06 194.03 357.16  88187.67
 90.0 32834.0 289.68   0.011418   3.73 152.24 364.02  88236.78
 91.0 32865.0 290.25   0.011017   4.99 199.26 352.87  88220.45
 91.0 32896.0 290.75   0.011586   4.04 202.08 358.86  88273.58
 91.0 32924.0 291.49   0.011164   5.32 255.66 344.20  88196.15
 91.0 32955.0 291.12   0.010666   6.89 263.18 334.26  88288.40
 91.0 32985.0 288.85   0.008461   7.10 253.24 308.75  88399.77
 91.0 33016.0 288.28   0.007703   6.99 247.77 298.47  88565.94
 91.0 33046.0 287.55   0.007098   7.15 254.51 292.71  88576.20
 91.0 33077.0 288.13   0.006171   7.18 290.08 286.11  88642.55
 91.0 33108.0 291.43   0.005860   6.70 307.00 300.90  88477.81
 91.0 33138.0 292.58   0.007941   5.46 296.40 321.93  88305.02
 91.0 33169.0 290.71   0.010837   4.78 232.88 348.55  88292.16
 91.0 33199.0 289.88   0.011099   3.64 164.96 360.26  88244.34
 92.0 33230.0 290.80   0.011384   3.58 198.04 360.18  88311.11
 92.0 33261.0 291.36   0.011412   3.17 208.89 357.02  88268.66
 92.0 33289.0 291.37   0.011470   4.04 217.33 356.38  88231.91
 92.0 33320.0 290.42   0.010566   7.43 252.46 331.12  88336.34
 92.0 33350.0 289.65   0.009490   6.69 242.02 323.23  88413.80
 92.0 33381.0 287.84   0.007574   6.21 237.01 302.26  88514.25
 92.0 33411.0 287.22   0.007095   6.87 248.70 294.72  88540.48
 92.0 33442.0 287.97   0.007272   7.19 258.02 303.60  88590.28
 92.0 33473.0 290.85   0.006610   6.98 316.53 298.20  88438.19
 92.0 33503.0 291.30   0.009868   4.84 239.60 341.51  88212.84
 92.0 33534.0 290.77   0.010104   4.86 239.54 341.53  88278.19
 92.0 33564.0 289.68   0.011307   3.62 163.62 361.61  88268.03
 93.0 33595.0 289.75   0.010911   4.36 193.13 353.08  88294.42
 93.0 33626.0 290.79   0.011360   4.16 209.98 355.12  88321.53
 93.0 33654.0 291.00   0.011483   5.02 224.94 352.15  88277.75
 93.0 33685.0 290.51   0.010620   7.21 251.49 333.67  88323.88
 93.0 33715.0 289.42   0.009102   7.23 254.91 312.07  88494.11
 93.0 33746.0 286.98   0.007410   6.88 244.15 294.94  88675.22
 93.0 33776.0 286.52   0.006826   7.19 259.75 285.07  88733.41
 93.0 33807.0 289.01   0.007051   6.90 280.99 295.42  88577.63
 93.0 33838.0 291.75   0.006607   6.24 311.44 301.31  88312.67
 93.0 33868.0 291.98   0.008846   5.98 270.53 331.51  88229.58
 93.0 33899.0 290.45   0.011054   4.27 205.30 352.72  88223.93
 93.0 33929.0 289.54   0.011376   3.35 147.46 366.23  88306.43
 94.0 33960.0 289.81   0.011116   4.50 186.36 354.31  88316.51
 94.0 33991.0 290.82   0.011370   4.32 215.63 353.68  88275.25
 94.0 34019.0 291.31   0.011300   4.81 237.05 350.09  88226.09
 94.0 34050.0 290.78   0.010593   6.67 268.64 332.50  88368.00
 94.0 34080.0 289.15   0.008858   6.95 247.65 313.04  88477.34
 94.0 34111.0 287.70   0.007487   6.66 256.08 291.96  88569.47
 94.0 34141.0 286.22   0.006510   7.05 270.11 280.50  88762.03
 94.0 34172.0 287.38   0.006788   7.06 271.77 291.90  88580.97
 94.0 34203.0 290.76   0.006789   6.58 294.07 304.60  88489.69
 94.0 34233.0 292.01   0.008393   4.50 278.45 326.20  88259.97
 94.0 34264.0 290.57   0.011131   3.71 192.91 354.75  88291.35
 94.0 34294.0 290.05   0.011106   3.38 190.40 355.81  88259.15
 95.0 34325.0 289.70   0.010765   4.33 192.56 351.66  88274.02
 95.0 34356.0 290.99   0.011094   3.47 221.59 352.01  88188.98
 95.0 34384.0 290.88   0.011679   3.70 209.77 359.58  88190.16
 95.0 34415.0 290.56   0.010597   6.73 255.42 332.61  88380.20
 95.0 34445.0 289.62   0.009507   6.75 250.14 316.26  88440.65
 95.0 34476.0 287.33   0.007325   6.42 252.93 292.01  88615.55
 95.0 34506.0 287.38   0.007037   6.55 259.12 289.24  88614.73
 95.0 34537.0 288.63   0.006589   7.00 292.09 288.02  88589.90
 95.0 34568.0 290.89   0.006040   7.49 312.36 297.71  88490.72
 95.0 34598.0 291.62   0.008633   4.97 251.47 335.63  88295.39
 95.0 34629.0 290.45   0.010445   5.21 233.30 343.41  88183.67
 95.0 34659.0 289.51   0.010905   4.38 166.89 358.21  88229.41
 96.0 34690.0 290.39   0.011200   3.83 210.78 354.14  88287.82
 96.0 34721.0 290.52   0.011415   3.39 196.49 358.89  88260.92
 96.0 34749.0 290.20   0.011424   4.65 183.94 359.39  88249.12
 96.0 34780.0 290.65   0.010402   6.92 268.38 327.27  88321.80
 96.0 34810.0 288.86   0.008794   7.20 250.67 310.52  88552.30
 96.0 34841.0 287.07   0.007415   7.02 241.21 294.73  88662.74
 96.0 34871.0 286.58   0.006755   7.14 252.47 289.34  88808.72
 96.0 34902.0 288.74   0.007312   6.65 271.72 301.67  88495.42
 96.0 34933.0 291.00   0.006722   7.18 306.52 303.66  88484.64
 96.0 34963.0 292.42   0.007936   6.49 306.67 323.04  88277.33
 96.0 34994.0 290.60   0.011193   3.72 208.76 354.88  88279.95
 96.0 35024.0 289.90   0.011325   3.06 167.84 360.93  88327.47
 97.0 35055.0 290.74   0.011868   3.75 189.05 361.97  88305.02
 97.0 35086.0 290.50   0.011074   3.80 198.27 354.36  88301.34
 97.0 35114.0 291.75   0.011031   4.19 253.86 345.76  88202.59
 97.0 35145.0 290.88   0.010282   7.16 259.98 331.22  88326.41
 97.0 35175.0 288.86   0.008534   7.27 242.71 313.72  88602.23
 97.0 35206.0 287.93   0.007276   6.78 261.64 292.48  88646.66
 97.0 35236.0 287.85   0.006705   6.85 264.01 289.02  88563.92
 97.0 35267.0 289.47   0.005921   6.64 286.93 289.87  88587.78
 97.0 35298.0 291.33   0.006033   7.21 318.48 294.31  88415.95
 97.0 35328.0 292.39   0.007844   5.64 289.34 325.31  88274.94
 97.0 35359.0 290.37   0.010915   3.69 185.02 356.61  88233.81
 97.0 35389.0 290.11   0.011348   3.29 170.31 360.67  88195.48
 98.0 35420.0 289.89   0.011028   4.07 191.27 356.15  88242.76
 98.0 35451.0 291.06   0.010780   3.48 208.69 352.46  88302.45
 98.0 35479.0 291.09   0.011272   3.77 208.66 354.61  88289.37
 98.0 35510.0 291.06   0.010935   6.83 247.16 340.02  88293.02
 98.0 35540.0 289.31   0.009178   7.03 248.37 314.37  88475.07
 98.0 35571.0 287.98   0.007966   6.69 245.38 299.61  88601.02
 98.0 35601.0 287.59   0.007550   7.41 236.39 300.41  88659.09
 98.0 35632.0 287.90   0.006724   7.44 278.31 290.38  88682.22
 98.0 35663.0 291.07   0.007450   6.96 302.00 308.94  88430.00
 98.0 35693.0 291.21   0.009831   5.54 254.32 337.49  88251.20
 98.0 35724.0 290.42   0.011361   3.51 189.30 358.69  88267.06
 98.0 35754.0 289.63   0.011253   3.84 166.04 359.29  88264.13
 99.0 35785.0 290.10   0.011436   3.72 172.31 361.06  88372.30
 99.0 35816.0 290.87   0.011381   3.66 204.38 357.20  88287.84
 99.0 35844.0 291.71   0.011939   3.65 228.19 356.62  88261.03
 99.0 35875.0 291.56   0.011158   6.53 268.79 335.36  88280.86
 99.0 35905.0 290.39   0.009623   6.87 258.41 316.87  88418.89
 99.0 35936.0 287.58   0.007508   6.99 257.45 291.64  88598.89
 99.0 35966.0 287.22   0.007031   6.97 260.21 288.29  88626.92
 99.0 35997.0 288.62   0.007228   6.69 255.56 308.88  88548.29
 99.0 36028.0 291.03   0.007131   6.41 297.05 311.07  88356.31
 99.0 36058.0 291.78   0.008952   5.56 273.61 332.18  88207.07
 99.0 36089.0 290.05   0.011197   4.24 189.52 356.47  88342.99
 99.0 36119.0 289.85   0.011311   3.62 174.17 359.58  88271.18
100.0 36150.0 289.79   0.010925   4.11 188.97 352.31  88236.31
100.0 36181.0 290.22   0.011280   3.95 192.61 356.28  88203.02
100.0 36209.0 291.27   0.011607   3.46 221.29 354.05  88265.47
100.0 36240.0 290.82   0.010670   6.33 264.85 331.30  88256.27
100.0 36270.0 289.38   0.009373   6.69 246.85 317.42  88324.60
100.0 36301.0 287.61   0.007662   6.36 248.38 295.83  88470.79
100.0 36331.0 287.69   0.006804   6.21 252.78 292.96  88521.12
100.0 36362.0 288.14   0.006574   7.19 285.12 288.03  88583.54
100.0 36393.0 291.38   0.006502   6.55 313.38 299.15  88295.38
100.0 36423.0 291.64   0.008504   4.91 263.39 330.67  88260.35
100.0 36454.0 290.55   0.010720   3.85 210.51 352.16  88205.16
100.0 36484.0 289.28   0.010716   5.07 178.45 353.75  88236.37
