  1.0    15.0 294.97   0.014208   4.18 226.46 382.61  90764.01
  1.0    46.0 294.75   0.014560   3.95 205.88 384.48  90704.62
  1.0    74.0 294.24   0.014367   4.04 202.35 382.36  91025.67
  1.0   105.0 293.23   0.013666   5.09 172.85 378.43  91181.73
  1.0   135.0 290.46   0.011173   5.49 173.99 346.23  91502.65
  1.0   166.0 288.81   0.009765   5.13 174.25 329.85  91643.51
  1.0   196.0 287.55   0.008818   5.48 171.01 323.59  91816.20
  1.0   227.0 288.45   0.008882   5.48 184.54 331.60  91760.38
  1.0   258.0 291.80   0.009426   5.67 265.88 326.63  91446.20
  1.0   288.0 294.74   0.008809   6.48 315.05 331.86  91207.62
  1.0   319.0 295.52   0.011663   6.03 299.28 360.99  91078.30
  1.0   349.0 294.52   0.013639   4.66 227.02 379.40  90935.49
  2.0   380.0 294.88   0.014461   4.10 236.22 382.84  90837.75
  2.0   411.0 295.09   0.014560   4.35 251.17 377.65  91001.54
  2.0   439.0 293.73   0.013765   4.31 205.85 376.43  91101.05
  2.0   470.0 293.31   0.013680   5.03 183.50 376.38  91197.93
  2.0   500.0 292.00   0.012558   5.03 165.65 362.97  91323.82
  2.0   531.0 289.60   0.010422   5.26 162.10 342.89  91637.06
  2.0   561.0 289.01   0.009025   5.29 194.75 320.75  91733.07
  2.0   592.0 290.59   0.008919   5.88 232.92 320.23  91640.53
  2.0   623.0 292.39   0.009593   5.97 243.91 338.95  91454.25
  2.0   653.0 294.90   0.010330   6.53 299.33 346.54  91326.40
  2.0   684.0 295.65   0.013351   5.69 256.37 381.24  91023.39
  2.0   714.0 294.52   0.014127   5.15 228.54 382.29  91101.32
  3.0   745.0 296.04   0.015498   4.36 240.20 391.74  91018.63
  3.0   776.0 295.82   0.016074   3.92 198.87 398.04  90902.10
  3.0   804.0 295.06   0.015199   4.47 201.12 390.29  91081.04
  3.0   835.0 293.72   0.013998   4.95 176.83 380.53  91232.37
  3.0   865.0 291.38   0.011471   4.69 184.48 347.83  91414.47
  3.0   896.0 289.86   0.010584   5.61 160.90 343.83  91628.68
  3.0   926.0 288.92   0.009825   5.48 160.41 338.77  91714.29
  3.0   957.0 289.70   0.009525   5.25 194.42 334.73  91598.45
  3.0   988.0 293.63   0.009258   6.18 289.82 328.74  91359.66
  3.0  1018.0 294.74   0.010927   6.36 275.75 356.70  91167.71
  3.0  1049.0 294.83   0.013162   5.46 252.99 375.02  91036.01
  3.0  1079.0 294.52   0.014270   4.41 223.91 381.53  90806.91
  4.0  1110.0 294.18   0.014176   4.82 202.78 384.69  90661.77
  4.0  1141.0 295.04   0.015123   3.58 211.32 389.57  90760.93
  4.0  1169.0 294.30   0.014632   4.06 193.69 383.54  90960.42
  4.0  1200.0 293.17   0.013197   4.55 192.93 368.24  91053.58
  4.0  1230.0 291.22   0.011846   5.39 161.69 358.05  91388.18
  4.0  1261.0 288.99   0.010087   5.56 152.40 340.28  91631.27
  4.0  1291.0 288.01   0.009162   5.35 166.65 330.29  91649.58
  4.0  1322.0 289.35   0.009298   4.85 217.44 321.78  91515.90
  4.0  1353.0 291.87   0.009238   5.88 269.63 327.25  91298.74
  4.0  1383.0 293.87   0.009888   6.03 272.28 346.85  91210.18
  4.0  1414.0 294.48   0.011173   5.70 287.67 351.58  91083.77
  4.0  1444.0 294.54   0.014048   3.92 217.36 383.31  90894.60
  5.0  1475.0 294.55   0.014599   4.17 207.32 387.61  90875.30
  5.0  1506.0 295.01   0.014795   3.34 210.41 387.09  90780.77
  5.0  1534.0 294.20   0.014117   4.44 217.30 377.61  91060.03
  5.0  1565.0 293.24   0.013849   4.90 154.13 384.29  91162.73
  5.0  1595.0 291.92   0.012226   4.64 186.20 351.63  91268.25
  5.0  1626.0 289.59   0.010434   4.85 173.35 335.76  91605.97
  5.0  1656.0 288.42   0.009154   4.97 178.68 329.03  91691.75
  5.0  1687.0 288.72   0.009261   5.66 193.19 329.19  91722.38
  5.0  1718.0 291.22   0.010006   5.68 240.04 334.62  91575.57
  5.0  1748.0 294.13   0.010879   6.18 276.96 350.27  91258.04
  5.0  1779.0 295.02   0.012022   6.00 275.10 364.69  91100.39
  5.0  1809.0 296.13   0.014388   4.43 234.53 387.73  90985.71
  6.0  1840.0 296.12   0.015094   4.40 234.34 391.36  90911.59
  6.0  1871.0 295.33   0.014549   4.24 243.57 383.08  91140.66
  6.0  1899.0 295.36   0.015298   3.65 202.22 392.28  90906.15
  6.0  1930.0 292.45   0.012629   5.25 190.40 365.23  91304.13
  6.0  1960.0 290.82   0.011233   4.93 161.98 356.68  91424.67
  6.0  1991.0 288.83   0.009729   5.70 170.92 332.86  91637.94
  6.0  2021.0 288.40   0.009135   5.61 175.29 331.34  91765.97
  6.0  2052.0 289.85   0.009485   5.45 207.06 330.35  91727.81
  6.0  2083.0 291.93   0.008954   5.77 260.59 328.35  91565.09
  6.0  2113.0 295.17   0.010187   6.53 298.83 346.07  91209.41
  6.0  2144.0 295.62   0.012114   5.87 287.56 362.50  90988.09
  6.0  2174.0 295.22   0.014432   4.88 229.26 387.04  91025.56
  7.0  2205.0 295.52   0.015260   4.24 218.86 392.18  91029.87
  7.0  2236.0 295.69   0.015590   4.81 217.33 394.19  90859.87
  7.0  2264.0 295.88   0.015324   3.26 208.08 390.95  90992.26
  7.0  2295.0 292.39   0.012522   5.30 187.84 366.70  91415.57
  7.0  2325.0 291.18   0.011894   5.40 148.97 361.93  91456.98
  7.0  2356.0 289.37   0.009586   5.04 189.58 327.01  91550.00
  7.0  2386.0 288.55   0.009529   5.60 171.29 332.24  91667.41
  7.0  2417.0 289.11   0.009235   5.60 195.87 334.55  91611.15
  7.0  2448.0 292.62   0.009056   5.90 275.80 327.10  91342.37
  7.0  2478.0 296.11   0.010000   6.33 313.79 344.86  90974.98
  7.0  2509.0 294.80   0.012220   5.38 256.02 365.78  91029.24
  7.0  2539.0 293.57   0.014015   4.35 170.81 385.00  90759.91
  8.0  2570.0 293.94   0.014401   5.26 168.60 389.84  90590.15
  8.0  2601.0 294.24   0.014517   3.46 221.14 381.54  90875.65
  8.0  2629.0 293.62   0.014037   4.64 180.98 383.63  91016.75
  8.0  2660.0 293.03   0.013448   4.91 175.07 376.84  91170.41
  8.0  2690.0 290.74   0.011455   5.05 155.24 354.63  91358.71
  8.0  2721.0 288.93   0.009706   4.66 179.61 327.43  91537.29
  8.0  2751.0 287.63   0.008803   5.43 174.96 325.07  91648.05
  8.0  2782.0 288.86   0.008943   5.64 203.65 327.96  91605.69
  8.0  2813.0 291.91   0.009452   5.55 256.48 332.03  91330.91
  8.0  2843.0 294.31   0.009714   5.73 292.49 340.59  91145.58
  8.0  2874.0 296.32   0.010275   5.80 307.90 352.63  90891.62
  8.0  2904.0 294.80   0.013493   4.24 236.91 379.31  90845.11
  9.0  2935.0 294.79   0.014638   3.66 216.02 385.14  90872.79
  9.0  2966.0 294.18   0.013961   3.90 210.96 382.66  90859.50
  9.0  2994.0 293.66   0.013805   4.85 200.97 376.91  91223.60
  9.0  3025.0 292.87   0.013190   5.04 177.62 374.53  91234.03
  9.0  3055.0 291.56   0.012421   5.59 146.69 369.02  91354.20
  9.0  3086.0 289.30   0.010053   5.37 167.02 337.13  91578.36
  9.0  3116.0 288.25   0.009123   5.19 175.15 326.49  91742.74
  9.0  3147.0 289.41   0.009379   5.65 201.10 332.00  91729.80
  9.0  3178.0 292.79   0.009240   5.80 284.59 324.53  91260.59
  9.0  3208.0 295.13   0.009582   6.74 315.30 339.50  91202.72
  9.0  3239.0 294.99   0.012385   5.93 279.15 366.64  91015.73
  9.0  3269.0 295.27   0.013418   5.03 264.39 377.29  90942.39
 10.0  3300.0 295.08   0.014608   4.57 223.16 386.75  90803.86
 10.0  3331.0 294.10   0.014020   4.53 197.14 383.34  90954.62
 10.0  3359.0 294.50   0.014262   4.18 216.39 381.31  91000.37
 10.0  3390.0 293.08   0.013341   5.09 180.61 376.03  91234.98
 10.0  3420.0 291.47   0.012098   5.47 157.24 362.90  91378.35
 10.0  3451.0 289.27   0.009804   5.63 177.38 332.53  91711.24
 10.0  3481.0 289.04   0.009895   5.49 164.37 338.00  91792.70
 10.0  3512.0 290.35   0.009344   5.17 216.06 327.38  91678.21
 10.0  3543.0 292.44   0.009634   6.14 250.03 340.38  91546.02
 10.0  3573.0 294.31   0.011128   6.35 271.21 356.00  91302.75
 10.0  3604.0 295.78   0.012242   5.73 288.90 367.17  90988.54
 10.0  3634.0 295.44   0.014495   4.71 235.81 386.71  91012.67
 11.0  3665.0 295.69   0.014666   4.91 256.82 385.62  91012.02
 11.0  3696.0 296.31   0.015674   4.15 249.14 393.77  90971.35
 11.0  3724.0 295.14   0.015807   3.44 163.02 401.40  90897.76
 11.0  3755.0 293.81   0.014486   4.95 148.56 391.41  91316.54
 11.0  3785.0 292.06   0.012722   5.47 153.13 369.98  91427.32
 11.0  3816.0 289.73   0.010704   5.72 157.19 346.77  91638.70
 11.0  3846.0 288.69   0.009981   5.54 144.07 345.81  91630.57
 11.0  3877.0 289.38   0.009639   5.51 198.23 334.72  91605.66
 11.0  3908.0 291.64   0.010224   5.83 241.11 341.95  91362.34
 11.0  3938.0 293.60   0.011405   5.96 245.24 358.20  91268.99
 11.0  3969.0 294.03   0.012520   5.65 236.37 370.29  91069.54
 11.0  3999.0 295.08   0.014066   4.61 249.16 378.76  90788.80
 12.0  4030.0 294.29   0.014971   3.95 170.38 394.79  90741.06
 12.0  4061.0 294.70   0.014632   4.04 217.33 386.16  90767.44
 12.0  4089.0 294.98   0.015127   3.22 208.02 387.35  90866.47
 12.0  4120.0 292.56   0.013136   5.36 159.94 378.60  91183.42
 12.0  4150.0 290.02   0.010905   5.66 154.85 354.72  91453.09
 12.0  4181.0 288.53   0.009643   5.46 173.05 327.89  91571.39
 12.0  4211.0 288.14   0.009223   5.66 166.26 332.92  91663.23
 12.0  4242.0 289.64   0.009212   4.63 213.67 323.64  91428.52
 12.0  4273.0 292.02   0.009147   5.71 279.92 324.43  91409.55
 12.0  4303.0 294.44   0.009731   6.07 302.97 339.21  91195.73
 12.0  4334.0 296.29   0.012325   5.27 295.01 366.53  90800.58
 12.0  4364.0 294.49   0.014367   4.47 214.33 385.97  90771.35
 13.0  4395.0 294.38   0.014957   3.55 192.88 391.20  90844.27
 13.0  4426.0 294.99   0.014934   4.02 196.09 391.26  90733.15
 13.0  4454.0 293.98   0.014431   3.79 184.92 385.28  90983.23
 13.0  4485.0 293.15   0.013532   4.77 182.25 374.98  91155.70
 13.0  4515.0 291.52   0.012104   5.12 162.57 360.53  91436.08
 13.0  4546.0 289.36   0.010488   5.64 155.69 343.48  91588.61
 13.0  4576.0 288.17   0.009336   5.59 167.73 332.40  91802.59
 13.0  4607.0 288.87   0.009120   5.37 213.72 319.36  91706.52
 13.0  4638.0 290.89   0.009594   6.01 248.49 331.92  91535.10
 13.0  4668.0 293.95   0.009923   6.26 285.21 344.02  91329.06
 13.0  4699.0 295.52   0.012323   5.87 275.34 369.72  91086.96
 13.0  4729.0 294.93   0.014263   4.79 241.64 380.95  91130.43
 14.0  4760.0 294.99   0.015398   4.37 200.06 393.12  90905.27
 14.0  4791.0 295.89   0.014992   4.74 265.67 382.93  91048.48
 14.0  4819.0 295.32   0.015346   3.93 225.84 385.76  91089.37
 14.0  4850.0 293.02   0.013649   5.02 158.95 381.02  91282.79
 14.0  4880.0 291.56   0.012259   5.00 145.58 367.67  91350.08
 14.0  4911.0 289.92   0.010623   5.24 165.42 345.63  91561.70
 14.0  4941.0 288.54   0.009274   5.00 179.87 325.46  91685.66
 14.0  4972.0 289.98   0.009000   6.19 214.40 327.54  91778.55
 14.0  5003.0 292.58   0.010035   6.04 256.29 338.46  91432.65
 14.0  5033.0 294.50   0.011007   6.26 273.40 352.49  91262.86
 14.0  5064.0 294.42   0.012513   5.79 244.47 370.59  91192.98
 14.0  5094.0 295.10   0.013438   5.50 269.49 373.24  91102.96
 15.0  5125.0 296.17   0.015071   4.38 252.58 387.01  90935.80
 15.0  5156.0 295.12   0.015780   3.50 170.03 400.05  90825.70
 15.0  5184.0 295.15   0.015402   4.01 210.04 389.84  91084.80
 15.0  5215.0 294.31   0.014698   4.45 180.25 385.31  91130.97
 15.0  5245.0 291.68   0.012524   5.66 138.72 371.17  91393.05
 15.0  5276.0 289.13   0.010053   5.30 167.66 334.13  91586.23
 15.0  5306.0 288.23   0.009335   5.36 165.41 333.35  91658.80
 15.0  5337.0 289.34   0.009868   4.70 187.12 336.10  91456.68
 15.0  5368.0 291.33   0.010993   5.51 206.76 351.65  91397.01
 15.0  5398.0 295.31   0.009396   5.95 322.86 335.13  91094.57
 15.0  5429.0 295.06   0.013137   5.79 245.99 375.55  90951.68
 15.0  5459.0 293.95   0.014645   5.68 146.71 393.86  90599.09
 16.0  5490.0 294.94   0.014944   5.27 206.41 388.78  90656.48
 16.0  5521.0 294.87   0.014474   5.07 200.45 387.02  90686.16
 16.0  5549.0 294.00   0.013838   4.65 230.37 372.97  91124.08
 16.0  5580.0 293.71   0.013830   4.68 193.10 375.04  91125.12
 16.0  5610.0 291.34   0.011862   4.71 171.82 352.92  91385.77
 16.0  5641.0 288.91   0.009958   5.40 162.32 334.56  91653.73
 16.0  5671.0 288.12   0.009377   5.74 165.51 331.66  91739.02
 16.0  5702.0 289.61   0.008875   5.27 235.98 313.63  91569.83
 16.0  5733.0 292.19   0.008197   5.94 285.07 320.76  91445.12
 16.0  5763.0 294.17   0.009818   6.27 301.21 338.42  91288.09
 16.0  5794.0 295.86   0.012711   5.49 256.19 373.67  90956.15
 16.0  5824.0 294.16   0.014174   4.81 191.94 387.24  90896.29
 17.0  5855.0 295.41   0.014906   4.60 229.25 387.24  90804.65
 17.0  5886.0 294.63   0.014399   4.20 214.46 383.28  90836.60
 17.0  5914.0 294.36   0.014747   4.69 191.23 386.84  91119.21
 17.0  5945.0 293.68   0.014103   4.97 171.44 380.13  91191.94
 17.0  5975.0 291.58   0.012026   4.67 160.47 358.72  91396.61
 17.0  6006.0 289.37   0.010265   5.08 171.13 334.55  91615.46
 17.0  6036.0 288.91   0.010061   5.17 157.58 340.41  91809.64
 17.0  6067.0 289.34   0.009535   5.06 206.21 326.36  91715.97
 17.0  6098.0 291.49   0.010062   5.90 235.56 340.90  91518.47
 17.0  6128.0 294.36   0.010679   6.28 275.94 352.43  91245.09
 17.0  6159.0 296.02   0.012841   5.87 293.11 367.85  91022.30
 17.0  6189.0 295.69   0.014336   5.03 253.96 384.89  91033.73
 18.0  6220.0 295.12   0.014763   4.50 224.00 388.06  91067.05
 18.0  6251.0 295.30   0.015227   4.05 201.66 392.49  90943.29
 18.0  6279.0 295.11   0.015447   3.90 197.37 391.91  91089.66
 18.0  6310.0 294.40   0.014703   4.67 179.62 386.34  91238.98
 18.0  6340.0 292.01   0.012559   5.47 156.41 368.29  91377.69
 18.0  6371.0 289.35   0.010046   5.07 167.97 339.04  91558.27
 18.0  6401.0 288.51   0.009855   5.45 149.29 339.48  91782.98
 18.0  6432.0 288.71   0.009336   5.31 192.84 329.24  91803.20
 18.0  6463.0 291.01   0.009757   5.41 233.96 334.93  91472.70
 18.0  6493.0 294.94   0.010278   6.14 286.64 348.44  91225.39
 18.0  6524.0 295.83   0.012945   5.64 279.94 371.75  91035.56
 18.0  6554.0 295.29   0.014498   4.26 240.00 382.82  90932.05
 19.0  6585.0 295.06   0.015469   3.72 203.37 392.61  90821.76
 19.0  6616.0 294.42   0.014709   3.91 193.66 389.58  90814.02
 19.0  6644.0 294.44   0.014954   4.00 183.18 390.01  91107.86
 19.0  6675.0 292.41   0.012625   5.15 203.73 360.28  91301.84
 19.0  6705.0 291.57   0.012384   5.42 154.16 364.77  91328.45
 19.0  6736.0 289.01   0.009999   5.57 173.60 331.10  91544.81
 19.0  6766.0 287.74   0.008842   5.43 168.66 325.90  91629.88
 19.0  6797.0 288.67   0.009624   5.58 173.50 338.80  91566.09
 19.0  6828.0 290.58   0.009991   5.30 224.68 338.95  91502.30
 19.0  6858.0 294.31   0.009942   5.92 298.18 336.23  91080.38
 19.0  6889.0 295.92   0.012331   5.63 272.27 370.54  90880.54
 19.0  6919.0 294.38   0.014490   5.33 181.35 389.68  90628.77
 20.0  6950.0 294.15   0.014005   5.36 196.39 383.00  90785.84
 20.0  6981.0 294.59   0.014583   3.84 221.95 383.23  90813.16
 20.0  7009.0 293.91   0.014259   3.48 190.84 383.03  90859.05
 20.0  7040.0 292.38   0.012962   5.34 169.73 372.80  91266.88
 20.0  7070.0 291.06   0.011535   4.37 179.32 349.56  91306.36
 20.0  7101.0 289.08   0.010479   5.77 140.94 349.09  91591.71
 20.0  7131.0 288.71   0.009543   4.46 179.65 328.42  91563.09
 20.0  7162.0 289.06   0.008588   4.91 235.65 311.56  91492.62
 20.0  7193.0 292.76   0.008940   6.29 284.41 326.98  91437.10
 20.0  7223.0 294.05   0.010285   5.96 274.96 347.60  91215.99
 20.0  7254.0 294.12   0.012706   5.70 242.04 369.88  91032.30
 20.0  7284.0 295.29   0.014009   4.67 254.09 378.16  90745.88
 21.0  7315.0 294.44   0.014657   4.80 186.99 390.71  90590.98
 21.0  7346.0 294.45   0.014942   3.88 207.25 387.28  90865.22
 21.0  7374.0 294.61   0.014884   3.97 206.43 385.14  90975.16
 21.0  7405.0 293.24   0.013770   4.62 170.27 378.38  91168.06
 21.0  7435.0 290.98   0.010654   4.24 205.12 334.22  91282.05
 21.0  7466.0 289.04   0.009690   5.10 176.06 330.32  91534.26
 21.0  7496.0 288.14   0.008771   4.78 185.69 318.89  91609.55
 21.0  7527.0 289.77   0.008688   5.31 231.78 317.43  91640.07
 21.0  7558.0 292.64   0.009216   6.05 265.99 333.38  91409.40
 21.0  7588.0 293.96   0.011170   6.01 276.40 351.21  91218.62
 21.0  7619.0 295.14   0.013115   5.43 238.17 379.53  90916.26
 21.0  7649.0 294.44   0.014324   4.19 201.53 387.16  90993.47
 22.0  7680.0 294.54   0.014804   3.74 186.87 391.99  90855.10
 22.0  7711.0 294.50   0.014811   3.67 197.54 390.90  90917.79
 22.0  7739.0 294.88   0.014763   4.31 216.48 385.10  91033.95
 22.0  7770.0 293.62   0.014010   4.86 172.54 381.43  91160.98
 22.0  7800.0 291.64   0.012083   5.30 168.14 360.86  91417.27
 22.0  7831.0 289.37   0.010184   5.50 158.36 341.55  91600.53
 22.0  7861.0 288.35   0.009337   5.64 163.82 333.46  91806.33
 22.0  7892.0 288.85   0.009179   5.75 191.37 330.86  91823.84
 22.0  7923.0 291.73   0.009966   5.91 239.49 341.37  91603.24
 22.0  7953.0 295.38   0.011033   6.48 288.34 359.21  91251.30
 22.0  7984.0 294.90   0.013033   5.71 241.76 375.70  91163.95
 22.0  8014.0 294.96   0.014858   4.86 232.47 385.61  91131.40
 23.0  8045.0 295.30   0.015314   3.99 221.75 391.47  91049.27
 23.0  8076.0 295.86   0.015695   4.23 235.54 392.89  90968.86
 23.0  8104.0 295.35   0.015218   3.81 220.56 386.82  90996.53
 23.0  8135.0 294.06   0.014575   4.94 161.88 387.48  91266.63
 23.0  8165.0 291.59   0.012011   4.73 181.14 353.70  91495.26
 23.0  8196.0 290.28   0.011247   5.91 152.92 353.41  91620.80
 23.0  8226.0 288.05   0.009408   5.75 158.87 334.74  91754.32
 23.0  8257.0 289.42   0.010053   5.11 187.50 338.08  91595.52
 23.0  8288.0 291.43   0.010061   5.47 242.24 335.78  91405.55
 23.0  8318.0 295.30   0.010177   6.29 302.26 345.72  91230.85
 23.0  8349.0 295.36   0.013090   5.72 260.07 376.29  90973.71
 23.0  8379.0 294.57   0.014434   4.43 232.50 381.71  90881.45
 24.0  8410.0 294.58   0.015221   3.72 201.75 390.80  90900.59
 24.0  8441.0 294.33   0.014570   3.72 212.68 383.66  90815.58
 24.0  8469.0 294.86   0.014711   4.72 215.45 382.92  90756.22
 24.0  8500.0 292.20   0.012803   5.16 170.58 372.62  91202.73
 24.0  8530.0 289.92   0.010605   5.29 179.24 340.71  91450.59
 24.0  8561.0 288.18   0.009276   5.38 177.82 324.67  91532.30
 24.0  8591.0 287.74   0.008727   5.31 175.87 328.41  91659.45
 24.0  8622.0 289.18   0.008702   5.83 213.91 326.76  91556.34
 24.0  8653.0 292.09   0.009477   5.35 246.48 334.88  91332.74
 24.0  8683.0 293.69   0.010370   5.94 278.29 342.38  91142.62
 24.0  8714.0 294.37   0.011597   5.47 259.42 363.62  91060.64
 24.0  8744.0 294.34   0.014190   4.01 197.64 386.02  90795.81
 25.0  8775.0 294.43   0.014053   5.04 201.23 385.08  90697.35
 25.0  8806.0 294.68   0.014993   3.80 205.00 390.55  91012.04
 25.0  8834.0 294.21   0.014276   4.24 211.16 380.19  91042.81
 25.0  8865.0 293.33   0.013639   4.97 185.58 374.05  91192.28
 25.0  8895.0 291.67   0.012396   5.03 150.36 366.04  91339.92
 25.0  8926.0 289.02   0.010120   5.02 164.54 336.77  91585.09
 25.0  8956.0 288.26   0.009472   5.33 170.72 330.00  91805.82
 25.0  8987.0 289.39   0.010261   5.18 170.36 343.54  91669.65
 25.0  9018.0 291.43   0.010031   5.76 247.86 334.72  91483.44
 25.0  9048.0 294.61   0.010767   6.39 289.56 348.91  91177.38
 25.0  9079.0 295.40   0.012767   5.74 266.45 373.84  90920.34
 25.0  9109.0 294.86   0.014728   4.13 217.42 387.38  90886.66
 26.0  9140.0 295.55   0.015447   4.09 230.89 390.29  90753.97
 26.0  9171.0 294.68   0.014947   4.43 194.27 389.78  90901.51
 26.0  9199.0 294.92   0.015008   4.12 212.77 385.79  91097.73
 26.0  9230.0 293.53   0.013553   4.38 196.08 370.79  91213.95
 26.0  9260.0 290.53   0.010922   4.94 183.42 341.44  91461.84
 26.0  9291.0 289.22   0.009673   5.48 174.59 333.45  91596.34
 26.0  9321.0 288.30   0.009304   5.71 156.55 337.11  91669.96
 26.0  9352.0 288.89   0.008690   5.50 209.91 323.78  91749.20
 26.0  9383.0 291.88   0.008207   6.19 280.25 320.25  91522.43
 26.0  9413.0 294.42   0.010142   6.34 291.75 344.81  91231.17
 26.0  9444.0 295.59   0.012127   6.13 281.48 367.98  90996.74
 26.0  9474.0 295.31   0.013967   4.88 232.81 383.91  90890.19
 27.0  9505.0 294.65   0.014346   4.66 229.51 383.27  91109.60
 27.0  9536.0 295.40   0.014890   4.60 241.19 383.92  91029.30
 27.0  9564.0 295.17   0.015200   3.29 201.08 390.12  90983.96
 27.0  9595.0 293.22   0.013854   4.75 168.22 379.01  91224.55
 27.0  9625.0 291.48   0.012173   5.49 156.85 363.25  91381.16
 27.0  9656.0 289.61   0.010134   4.80 172.77 335.16  91615.56
 27.0  9686.0 289.01   0.009309   4.89 185.94 327.97  91643.30
 27.0  9717.0 288.98   0.008961   5.78 196.35 328.52  91800.41
 27.0  9748.0 291.82   0.008643   5.95 276.35 324.56  91609.77
 27.0  9778.0 294.86   0.010731   6.31 282.61 352.90  91153.51
 27.0  9809.0 294.17   0.013081   5.59 230.87 373.54  91145.92
 27.0  9839.0 294.53   0.014237   5.16 223.54 382.47  91108.20
 28.0  9870.0 295.33   0.015086   4.13 232.94 386.57  90890.31
 28.0  9901.0 295.55   0.015213   4.68 241.77 386.34  90939.66
 28.0  9929.0 295.49   0.015269   3.84 221.03 389.01  90893.30
 28.0  9960.0 293.50   0.013998   5.07 164.98 383.17  91238.41
 28.0  9990.0 290.71   0.011521   5.69 151.12 359.32  91509.48
 28.0 10021.0 289.26   0.009714   4.76 175.79 330.72  91587.59
 28.0 10051.0 288.65   0.008927   5.51 176.78 327.21  91624.73
 28.0 10082.0 289.56   0.009450   5.58 193.66 334.76  91584.20
 28.0 10113.0 292.07   0.009754   5.50 267.12 329.86  91278.09
 28.0 10143.0 295.22   0.009723   6.20 310.48 341.45  91071.42
 28.0 10174.0 296.55   0.012111   5.59 281.16 372.55  90905.34
 28.0 10204.0 294.62   0.014673   3.77 184.48 392.77  90713.48
 29.0 10235.0 294.71   0.014847   5.00 190.26 391.87  90787.95
 29.0 10266.0 295.06   0.014587   4.27 239.01 382.57  90895.45
 29.0 10294.0 294.61   0.013845   4.46 231.76 376.30  90861.27
 29.0 10325.0 292.71   0.013217   5.15 166.18 375.20  91182.91
 29.0 10355.0 290.42   0.010780   5.04 181.62 343.10  91433.29
 29.0 10386.0 289.10   0.009770   5.07 174.57 331.77  91581.16
 29.0 10416.0 288.29   0.009219   5.57 165.46 330.90  91722.03
 29.0 10447.0 289.52   0.009686   5.06 194.23 331.34  91648.23
 29.0 10478.0 292.66   0.008244   6.04 296.64 317.42  91468.45
 29.0 10508.0 295.41   0.009760   6.31 292.99 349.76  91219.34
 29.0 10539.0 295.89   0.012565   5.98 287.01 367.05  90933.43
 29.0 10569.0 295.04   0.014631   4.45 233.11 383.71  90978.52
 30.0 10600.0 294.58   0.015115   3.37 187.37 393.00  90808.14
 30.0 10631.0 294.93   0.014999   3.48 223.77 386.77  91002.79
 30.0 10659.0 294.80   0.015111   3.41 207.08 386.57  90941.16
 30.0 10690.0 292.94   0.012991   4.60 186.42 369.16  91300.59
 30.0 10720.0 292.11   0.012332   4.58 170.73 360.65  91333.84
 30.0 10751.0 290.08   0.010561   4.94 164.49 341.66  91603.20
 30.0 10781.0 288.98   0.010007   4.93 148.41 343.20  91597.54
 30.0 10812.0 289.40   0.009311   5.50 188.31 335.94  91591.92
 30.0 10843.0 292.13   0.009707   5.83 256.81 335.41  91400.33
 30.0 10873.0 294.04   0.010690   6.31 267.04 351.72  91339.50
 30.0 10904.0 294.75   0.012829   6.02 263.59 371.30  91023.49
 30.0 10934.0 294.82   0.014194   4.63 234.78 382.33  90827.98
 31.0 10965.0 294.58   0.015274   3.19 176.64 394.89  90904.96
 31.0 10996.0 295.27   0.015271   3.62 219.42 389.48  90904.51
 31.0 11024.0 295.23   0.014797   4.08 235.52 380.05  91053.23
 31.0 11055.0 292.94   0.013320   5.16 169.57 377.14  91267.66
 31.0 11085.0 291.30   0.011818   4.76 173.47 352.70  91328.91
 31.0 11116.0 289.05   0.009911   5.39 168.75 334.34  91638.82
 31.0 11146.0 289.30   0.009187   4.29 203.38 316.32  91573.09
 31.0 11177.0 289.71   0.008894   5.76 216.50 326.11  91594.41
 31.0 11208.0 292.05   0.009041   5.57 255.78 329.99  91437.88
 31.0 11238.0 293.82   0.011548   5.62 262.02 353.25  91164.64
 31.0 11269.0 294.39   0.012729   5.31 224.71 374.26  90910.75
 31.0 11299.0 294.85   0.013869   4.50 246.99 378.53  90960.12
 32.0 11330.0 294.22   0.014215   4.26 200.45 384.50  90809.27
 32.0 11361.0 294.46   0.014736   4.21 174.90 392.28  90837.14
 32.0 11389.0 295.07   0.014570   3.78 232.35 380.71  90914.16
 32.0 11420.0 293.31   0.013926   5.06 153.39 384.49  91183.09
 32.0 11450.0 290.80   0.011170   5.27 183.86 345.42  91413.57
 32.0 11481.0 289.08   0.010098   5.40 171.34 335.20  91654.38
 32.0 11511.0 289.12   0.009219   4.68 199.25 318.97  91549.00
 32.0 11542.0 289.12   0.008874   5.65 199.42 329.45  91721.25
 32.0 11573.0 292.10   0.010308   5.35 238.31 341.23  91379.35
 32.0 11603.0 293.68   0.010485   5.98 261.85 348.76  91282.01
 32.0 11634.0 296.09   0.011952   5.80 297.74 363.96  91033.66
 32.0 11664.0 295.18   0.014233   4.52 224.33 386.44  90860.84
 33.0 11695.0 294.23   0.014706   4.05 171.59 391.78  90735.38
 33.0 11726.0 295.52   0.014855   3.79 239.03 386.19  90924.62
 33.0 11754.0 294.46   0.014787   4.53 189.85 386.99  91001.47
 33.0 11785.0 292.97   0.013210   4.91 190.43 369.74  91184.99
 33.0 11815.0 291.66   0.012435   5.40 144.30 367.37  91337.92
 33.0 11846.0 289.41   0.010579   5.22 162.29 339.61  91525.91
 33.0 11876.0 288.01   0.009034   5.34 174.88 326.90  91627.92
 33.0 11907.0 289.36   0.009565   5.38 190.10 336.15  91620.40
 33.0 11938.0 292.60   0.009387   5.88 281.26 326.69  91480.71
 33.0 11968.0 294.32   0.010271   6.45 285.95 347.94  91237.03
 33.0 11999.0 295.53   0.013247   5.04 255.97 373.41  90857.16
 33.0 12029.0 294.93   0.014300   4.89 253.24 377.63  90993.46
 34.0 12060.0 294.38   0.014426   4.52 190.97 387.18  90850.30
 34.0 12091.0 294.98   0.014900   4.02 224.54 386.17  90907.36
 34.0 12119.0 294.10   0.014189   4.84 203.49 380.55  91198.01
 34.0 12150.0 293.01   0.013429   4.83 166.99 379.72  91192.72
 34.0 12180.0 290.37   0.011312   5.36 148.76 358.11  91450.79
 34.0 12211.0 288.99   0.010157   5.47 152.86 340.58  91668.95
 34.0 12241.0 288.41   0.009496   5.31 168.57 329.98  91705.03
 34.0 12272.0 289.16   0.009100   5.79 200.83 329.80  91731.18
 34.0 12303.0 291.14   0.008925   6.08 249.43 330.50  91585.30
 34.0 12333.0 294.81   0.010114   6.39 306.22 345.64  91174.39
 34.0 12364.0 296.05   0.012137   6.04 292.21 369.16  90979.66
 34.0 12394.0 295.08   0.014296   4.68 235.83 383.42  90977.02
 35.0 12425.0 294.43   0.014841   4.62 192.74 390.08  90755.62
 35.0 12456.0 295.18   0.015189   3.51 209.16 389.39  90899.11
 35.0 12484.0 293.93   0.014130   4.74 184.55 383.54  91207.25
 35.0 12515.0 293.11   0.013597   5.22 156.37 380.27  91268.73
 35.0 12545.0 291.12   0.011592   5.08 173.07 353.54  91471.38
 35.0 12576.0 289.19   0.010133   5.24 157.30 338.68  91604.91
 35.0 12606.0 288.28   0.009248   5.09 165.74 330.31  91588.45
 35.0 12637.0 289.51   0.009722   5.01 197.52 332.32  91571.80
 35.0 12668.0 292.31   0.009287   5.57 270.24 329.06  91410.32
 35.0 12698.0 296.05   0.009599   6.38 310.28 345.87  91122.05
 35.0 12729.0 295.36   0.013069   5.69 252.99 376.57  90979.52
 35.0 12759.0 294.95   0.014426   4.49 252.33 378.85  90842.29
 36.0 12790.0 294.94   0.014862   5.28 202.35 389.16  90605.20
 36.0 12821.0 295.22   0.014792   4.45 214.13 385.98  90708.77
 36.0 12849.0 294.80   0.015019   3.82 212.05 386.17  90874.28
 36.0 12880.0 293.04   0.013664   4.90 160.68 379.76  91124.59
 36.0 12910.0 291.14   0.011926   5.28 146.71 363.45  91326.88
 36.0 12941.0 289.45   0.010480   5.25 151.92 345.13  91578.93
 36.0 12971.0 288.19   0.009481   5.21 154.43 336.14  91686.80
 36.0 13002.0 289.33   0.009903   4.93 195.65 332.87  91680.73
 36.0 13033.0 291.61   0.009947   5.51 255.28 330.58  91430.21
 36.0 13063.0 293.71   0.010694   5.95 260.78 355.05  91224.63
 36.0 13094.0 295.59   0.012092   5.86 310.35 356.14  91032.93
 36.0 13124.0 295.52   0.014488   5.00 228.26 389.63  90822.72
 37.0 13155.0 295.10   0.014258   6.14 212.62 389.46  90676.14
 37.0 13186.0 294.53   0.014347   4.50 219.40 382.75  90943.67
 37.0 13214.0 294.21   0.014368   4.51 197.25 384.69  91127.63
 37.0 13245.0 293.50   0.013761   4.99 175.94 379.53  91227.54
 37.0 13275.0 291.14   0.011819   5.53 161.36 360.27  91447.03
 37.0 13306.0 289.39   0.010183   4.88 175.95 333.00  91571.74
 37.0 13336.0 288.32   0.009071   4.93 176.36 325.93  91695.00
 37.0 13367.0 288.88   0.009221   5.52 198.02 332.88  91729.34
 37.0 13398.0 291.87   0.008813   5.96 271.07 326.50  91483.91
 37.0 13428.0 295.20   0.010868   6.40 295.51 352.20  91166.74
 37.0 13459.0 295.56   0.012114   5.80 289.47 363.56  91000.69
 37.0 13489.0 294.64   0.014637   3.85 194.48 390.86  90883.08
 38.0 13520.0 294.48   0.014731   3.40 188.01 390.24  90841.95
 38.0 13551.0 295.08   0.014794   4.06 233.93 383.36  90888.48
 38.0 13579.0 294.91   0.015100   4.03 204.82 388.21  91102.74
 38.0 13610.0 293.53   0.013641   4.39 185.96 377.61  91082.29
 38.0 13640.0 290.96   0.011649   5.51 165.01 357.32  91394.41
 38.0 13671.0 288.98   0.010055   5.70 161.24 336.22  91746.06
 38.0 13701.0 288.35   0.009532   5.23 167.98 331.35  91766.73
 38.0 13732.0 289.31   0.009247   4.85 209.35 324.15  91578.16
 38.0 13763.0 291.81   0.009201   5.61 258.21 330.22  91517.37
 38.0 13793.0 294.81   0.010924   6.42 283.49 354.44  91338.13
 38.0 13824.0 295.08   0.012805   5.58 255.70 372.96  91068.88
 38.0 13854.0 294.76   0.014251   4.51 240.71 380.34  91038.46
 39.0 13885.0 295.05   0.014634   4.72 244.64 382.81  91164.91
 39.0 13916.0 294.97   0.015667   3.79 185.48 395.31  90889.82
 39.0 13944.0 294.89   0.015061   4.45 198.17 390.39  91123.41
 39.0 13975.0 293.75   0.014429   4.86 166.37 385.35  91238.99
 39.0 14005.0 290.81   0.011596   5.57 157.76 358.44  91457.20
 39.0 14036.0 289.49   0.010414   5.14 149.31 347.17  91633.75
 39.0 14066.0 288.48   0.009352   5.29 176.06 326.55  91638.64
 39.0 14097.0 289.28   0.009579   5.21 192.73 334.28  91620.28
 39.0 14128.0 292.11   0.009922   5.77 238.02 341.31  91448.96
 39.0 14158.0 294.30   0.011092   6.31 262.58 357.44  91335.10
 39.0 14189.0 294.37   0.013103   5.40 235.27 373.13  91041.47
 39.0 14219.0 294.82   0.014152   4.98 241.32 381.87  90987.71
 40.0 14250.0 295.19   0.014822   4.74 234.38 385.72  90832.02
 40.0 14281.0 294.76   0.015206   3.92 177.65 393.42  90772.98
 40.0 14309.0 294.30   0.014410   4.46 216.04 377.87  91010.94
 40.0 14340.0 292.32   0.012858   5.34 153.01 375.30  91409.59
 40.0 14370.0 291.12   0.011458   4.80 171.65 351.81  91382.89
 40.0 14401.0 288.34   0.009110   5.43 175.35 327.06  91668.10
 40.0 14431.0 288.71   0.008738   5.45 187.37 324.42  91674.06
 40.0 14462.0 289.06   0.009283   5.88 175.40 340.13  91679.79
 40.0 14493.0 291.54   0.008797   5.65 278.27 318.97  91500.66
 40.0 14523.0 294.94   0.009495   6.45 297.97 345.34  91204.84
 40.0 14554.0 296.99   0.011028   5.98 306.64 365.01  90965.84
 40.0 14584.0 295.10   0.014751   4.58 213.74 391.85  90948.27
 41.0 14615.0 295.20   0.014963   5.44 199.01 392.65  90698.63
 41.0 14646.0 295.11   0.014852   4.48 232.40 386.07  91067.23
 41.0 14674.0 294.68   0.014724   4.25 204.29 385.37  91118.45
 41.0 14705.0 294.08   0.014199   4.70 187.30 381.63  91219.66
 41.0 14735.0 292.44   0.012488   5.11 171.16 363.35  91365.34
 41.0 14766.0 289.58   0.010608   5.96 149.73 348.97  91696.32
 41.0 14796.0 289.47   0.010076   5.38 179.87 335.70  91690.00
 41.0 14827.0 289.56   0.009214   5.58 198.47 331.52  91763.50
 41.0 14858.0 291.81   0.009971   6.01 220.15 346.35  91608.36
 41.0 14888.0 294.90   0.010568   6.38 286.86 352.63  91287.46
 41.0 14919.0 294.76   0.012837   5.75 241.37 378.13  91123.64
 41.0 14949.0 295.32   0.013461   5.42 264.70 376.75  91138.03
 42.0 14980.0 295.31   0.014961   4.54 212.20 392.04  90988.96
 42.0 15011.0 295.43   0.014993   3.90 211.76 391.03  90892.75
 42.0 15039.0 295.83   0.015414   4.68 220.29 391.63  91075.89
 42.0 15070.0 293.27   0.013660   5.10 167.44 378.99  91167.16
 42.0 15100.0 291.05   0.011679   5.70 155.55 360.46  91476.89
 42.0 15131.0 288.72   0.009568   5.81 156.51 338.73  91712.04
 42.0 15161.0 287.86   0.009114   5.85 146.59 338.63  91745.23
 42.0 15192.0 288.28   0.008861   5.82 179.99 333.66  91667.29
 42.0 15223.0 292.09   0.009502   5.48 247.83 336.43  91416.59
 42.0 15253.0 295.58   0.009444   5.99 311.90 340.86  91073.34
 42.0 15284.0 296.03   0.012580   5.74 267.51 374.40  90946.37
 42.0 15314.0 294.47   0.014677   4.19 183.99 390.06  90790.61
 43.0 15345.0 294.17   0.013756   3.73 234.10 374.97  90857.69
 43.0 15376.0 294.14   0.014554   3.74 195.26 386.74  90860.19
 43.0 15404.0 293.82   0.014037   4.23 202.03 378.53  90923.29
 43.0 15435.0 292.43   0.013053   5.44 163.72 375.37  91214.88
 43.0 15465.0 291.20   0.011922   4.86 159.38 358.28  91338.17
 43.0 15496.0 288.49   0.009873   5.45 154.03 337.80  91522.47
 43.0 15526.0 288.49   0.009298   4.93 191.97 323.34  91521.98
 43.0 15557.0 290.01   0.009241   5.02 223.35 322.24  91444.48
 43.0 15588.0 292.22   0.008656   5.98 266.22 328.44  91296.02
 43.0 15618.0 295.44   0.009951   5.87 308.49 344.06  91058.95
 43.0 15649.0 294.73   0.013545   4.88 230.42 375.52  90922.38
 43.0 15679.0 294.64   0.014002   3.88 236.62 377.86  90863.60
 44.0 15710.0 294.41   0.014614   4.20 203.49 386.25  90758.20
 44.0 15741.0 294.04   0.013915   4.94 193.30 383.95  90680.98
 44.0 15769.0 293.28   0.013685   4.34 189.27 379.38  90962.01
 44.0 15800.0 292.49   0.013370   5.34 147.40 379.95  91207.06
 44.0 15830.0 291.02   0.011466   4.38 173.06 349.15  91257.48
 44.0 15861.0 288.65   0.009437   4.48 174.43 326.71  91530.63
 44.0 15891.0 287.88   0.009385   5.85 154.58 336.19  91747.98
 44.0 15922.0 288.75   0.009459   4.85 182.71 335.15  91624.93
 44.0 15953.0 291.23   0.009672   5.39 250.53 330.47  91387.55
 44.0 15983.0 295.36   0.009560   5.91 307.45 343.42  91080.49
 44.0 16014.0 295.12   0.013464   5.27 250.57 376.25  90908.01
 44.0 16044.0 294.45   0.014940   3.64 198.36 389.68  90904.77
 45.0 16075.0 294.68   0.015060   3.36 195.36 391.64  90846.06
 45.0 16106.0 294.25   0.014886   3.58 196.75 387.94  90827.95
 45.0 16134.0 294.41   0.014265   4.29 234.19 374.29  91057.57
 45.0 16165.0 293.52   0.013933   4.50 181.72 378.09  91164.10
 45.0 16195.0 291.54   0.012148   5.24 161.80 362.54  91367.50
 45.0 16226.0 289.01   0.009968   4.80 167.25 335.21  91573.93
 45.0 16256.0 288.31   0.008994   5.04 185.69 322.51  91652.35
 45.0 16287.0 289.51   0.009246   5.10 198.14 331.87  91672.50
 45.0 16318.0 292.37   0.009727   5.80 263.19 334.07  91298.42
 45.0 16348.0 294.74   0.010395   6.38 295.95 347.69  91179.76
 45.0 16379.0 295.55   0.012538   5.77 291.43 364.43  91010.03
 45.0 16409.0 295.12   0.014263   4.39 215.15 386.50  90793.25
 46.0 16440.0 294.96   0.014819   4.32 207.40 390.88  90768.83
 46.0 16471.0 294.16   0.014409   4.19 192.32 387.82  90913.08
 46.0 16499.0 294.81   0.014972   4.28 195.79 388.54  90863.34
 46.0 16530.0 292.99   0.013631   5.36 158.37 379.71  91184.55
 46.0 16560.0 290.97   0.011545   4.82 151.11 357.04  91411.02
 46.0 16591.0 288.93   0.009836   5.50 172.35 330.48  91521.66
 46.0 16621.0 288.21   0.009319   5.31 169.17 329.48  91646.22
 46.0 16652.0 289.29   0.010224   5.22 161.63 345.45  91579.85
 46.0 16683.0 289.91   0.009651   5.51 217.45 339.26  91561.39
 46.0 16713.0 294.32   0.010735   5.87 288.29 346.75  91094.42
 46.0 16744.0 295.26   0.012351   5.50 264.98 371.72  90931.95
 46.0 16774.0 294.11   0.013710   4.01 212.37 380.19  90833.86
 47.0 16805.0 294.32   0.014770   4.12 196.89 388.43  90732.91
 47.0 16836.0 294.28   0.014765   3.41 188.29 389.58  90775.52
 47.0 16864.0 294.43   0.014259   4.22 227.18 378.00  91025.38
 47.0 16895.0 293.10   0.013363   5.00 189.27 371.30  91199.36
 47.0 16925.0 291.04   0.011697   5.09 158.72 357.68  91355.31
 47.0 16956.0 289.43   0.009692   4.65 199.32 319.87  91537.87
 47.0 16986.0 288.36   0.008966   5.19 178.20 324.28  91678.91
 47.0 17017.0 289.74   0.009060   5.17 225.81 320.43  91620.52
 47.0 17048.0 290.96   0.008728   5.92 248.91 328.04  91601.59
 47.0 17078.0 295.88   0.009789   6.71 330.89 335.64  91010.55
 47.0 17109.0 295.99   0.011124   6.24 287.71 363.04  91056.63
 47.0 17139.0 295.20   0.014268   5.09 249.22 381.73  91005.98
 48.0 17170.0 295.11   0.015413   4.21 210.43 393.00  90970.73
 48.0 17201.0 295.19   0.014952   4.11 225.20 386.95  90968.30
 48.0 17229.0 294.69   0.014810   4.03 210.27 385.04  91134.38
 48.0 17260.0 293.87   0.014325   5.07 160.01 386.17  91248.66
 48.0 17290.0 291.44   0.011587   5.24 175.54 352.80  91490.87
 48.0 17321.0 289.71   0.010659   5.66 158.19 345.33  91684.16
 48.0 17351.0 288.98   0.009774   5.64 175.27 331.79  91876.72
 48.0 17382.0 290.27   0.010279   5.55 185.91 343.57  91708.84
 48.0 17413.0 292.27   0.010538   5.80 226.69 348.43  91527.17
 48.0 17443.0 295.11   0.010618   6.26 282.10 354.88  91288.06
 48.0 17474.0 296.16   0.012806   5.67 290.85 369.49  91103.34
 48.0 17504.0 295.15   0.015010   4.62 210.07 391.16  91141.51
 49.0 17535.0 295.27   0.015295   4.11 201.93 393.72  91090.25
 49.0 17566.0 295.95   0.015950   4.60 220.38 396.13  90935.15
 49.0 17594.0 295.07   0.015686   3.59 172.87 397.45  91092.12
 49.0 17625.0 293.00   0.013146   5.28 188.22 369.78  91235.44
 49.0 17655.0 290.86   0.011748   5.82 135.95 367.87  91473.20
 49.0 17686.0 289.64   0.010405   4.79 165.93 337.54  91554.18
 49.0 17716.0 288.86   0.009985   5.81 148.93 343.11  91750.55
 49.0 17747.0 289.21   0.009531   5.21 202.07 328.09  91650.93
 49.0 17778.0 291.82   0.009955   5.81 241.96 338.24  91437.12
 49.0 17808.0 294.84   0.011387   6.20 268.12 359.47  91286.21
 49.0 17839.0 295.11   0.012983   5.72 266.10 371.36  91006.69
 49.0 17869.0 295.35   0.014181   4.90 243.08 382.24  90848.80
 50.0 17900.0 295.01   0.015021   4.02 198.19 390.69  90899.20
 50.0 17931.0 295.10   0.014537   4.13 254.53 377.78  90901.51
 50.0 17959.0 294.95   0.014935   4.31 213.19 385.48  90783.93
 50.0 17990.0 292.76   0.013201   5.04 179.48 371.48  91151.30
 50.0 18020.0 290.93   0.011441   4.78 165.42 353.45  91390.10
 50.0 18051.0 288.69   0.009251   4.98 181.81 323.40  91583.27
 50.0 18081.0 288.49   0.008688   4.84 192.24 316.72  91596.53
 50.0 18112.0 290.27   0.008521   5.68 232.65 321.97  91559.55
 50.0 18143.0 291.48   0.010349   5.65 224.09 342.03  91435.09
 50.0 18173.0 293.18   0.011405   5.47 256.63 350.38  91209.27
 50.0 18204.0 295.79   0.010813   5.73 298.90 359.09  90960.73
 50.0 18234.0 295.17   0.013525   4.41 255.63 376.25  90887.05
 51.0 18265.0 294.79   0.015064   3.43 189.81 394.17  90808.21
 51.0 18296.0 295.09   0.014898   4.67 203.96 389.47  90836.97
 51.0 18324.0 294.11   0.014527   4.22 184.09 385.63  91068.68
 51.0 18355.0 293.24   0.013631   5.24 170.78 379.90  91201.69
 51.0 18385.0 291.60   0.012093   5.09 168.66 359.63  91406.04
 51.0 18416.0 288.75   0.009598   5.24 180.84 327.08  91614.05
 51.0 18446.0 288.00   0.009000   5.39 176.92 324.29  91732.22
 51.0 18477.0 290.20   0.009445   5.13 225.08 324.03  91608.02
 51.0 18508.0 292.14   0.008807   6.12 280.02 325.27  91425.30
 51.0 18538.0 294.95   0.009477   6.28 299.43 343.54  91231.05
 51.0 18569.0 295.56   0.012027   5.43 282.10 363.91  91019.89
 51.0 18599.0 294.19   0.013603   4.42 216.42 380.23  91021.20
 52.0 18630.0 295.18   0.014870   4.30 218.81 390.22  90794.30
 52.0 18661.0 294.31   0.014561   3.51 193.16 389.35  90901.02
 52.0 18689.0 294.61   0.014768   3.74 197.89 386.64  90891.84
 52.0 18720.0 293.12   0.013545   4.80 171.86 378.07  91210.43
 52.0 18750.0 291.19   0.011825   5.04 155.69 362.14  91392.82
 52.0 18781.0 288.90   0.009279   4.41 193.21 317.51  91551.90
 52.0 18811.0 288.46   0.009224   5.40 185.84 326.11  91666.52
 52.0 18842.0 289.89   0.009818   5.26 206.25 331.08  91564.38
 52.0 18873.0 291.68   0.009629   5.96 243.11 336.13  91535.18
 52.0 18903.0 295.11   0.010046   6.32 306.74 344.56  91223.80
 52.0 18934.0 295.08   0.013163   5.24 260.22 372.57  91035.13
 52.0 18964.0 294.94   0.014362   5.14 234.80 383.01  90988.84
 53.0 18995.0 294.81   0.015404   4.37 182.11 395.91  90988.77
 53.0 19026.0 294.64   0.015226   3.75 184.25 393.91  90928.59
 53.0 19054.0 294.13   0.014363   4.44 194.09 384.61  91132.19
 53.0 19085.0 292.30   0.012680   5.27 167.81 370.44  91393.23
 53.0 19115.0 290.42   0.010963   4.88 164.23 350.83  91537.59
 53.0 19146.0 288.96   0.009734   5.67 164.67 334.18  91743.09
 53.0 19176.0 288.13   0.009453   5.47 142.56 339.84  91826.07
 53.0 19207.0 289.07   0.009422   5.54 202.09 328.77  91734.34
 53.0 19238.0 291.51   0.010030   5.65 227.37 343.48  91504.74
 53.0 19268.0 294.85   0.011280   6.28 282.06 357.06  91223.52
 53.0 19299.0 294.93   0.013448   5.51 231.87 378.55  91036.16
 53.0 19329.0 295.35   0.014750   4.53 234.59 389.42  90915.87
 54.0 19360.0 295.43   0.015414   3.87 212.68 393.92  91060.18
 54.0 19391.0 295.68   0.015861   3.80 207.07 396.38  91015.70
 54.0 19419.0 294.73   0.015029   4.18 190.03 390.31  91067.30
 54.0 19450.0 293.47   0.013622   4.98 184.85 374.19  91263.86
 54.0 19480.0 291.25   0.011924   5.07 162.72 358.04  91397.27
 54.0 19511.0 289.20   0.010093   5.69 170.39 335.12  91695.12
 54.0 19541.0 288.12   0.009155   5.66 172.61 328.52  91789.12
 54.0 19572.0 289.97   0.009701   4.90 205.18 331.24  91561.99
 54.0 19603.0 292.15   0.009470   5.75 252.67 335.31  91444.10
 54.0 19633.0 293.24   0.010406   5.88 268.41 344.46  91255.81
 54.0 19664.0 294.43   0.012201   5.51 264.50 365.41  90984.52
 54.0 19694.0 295.33   0.013030   5.07 284.72 366.98  90992.63
 55.0 19725.0 294.95   0.015047   3.52 215.88 390.36  90805.32
 55.0 19756.0 295.53   0.015031   4.22 223.10 387.63  90849.15
 55.0 19784.0 294.80   0.014869   4.24 213.69 384.20  91069.20
 55.0 19815.0 292.90   0.013472   5.25 157.16 378.86  91221.75
 55.0 19845.0 291.72   0.012218   4.89 152.23 365.05  91424.13
 55.0 19876.0 288.68   0.009933   5.80 147.09 340.15  91736.33
 55.0 19906.0 288.02   0.009422   5.47 157.18 336.19  91779.45
 55.0 19937.0 288.30   0.008839   5.16 189.67 329.92  91720.35
 55.0 19968.0 290.57   0.009403   5.63 233.48 334.49  91490.60
 55.0 19998.0 293.96   0.010076   6.22 275.60 347.90  91272.44
 55.0 20029.0 295.13   0.011817   5.95 298.04 356.22  91041.86
 55.0 20059.0 295.26   0.012422   5.58 288.06 365.52  91048.39
 56.0 20090.0 295.67   0.013582   4.96 255.38 381.33  90897.94
 56.0 20121.0 294.76   0.014790   4.19 186.82 392.10  90843.14
 56.0 20149.0 294.94   0.014693   4.41 218.70 382.38  91011.33
 56.0 20180.0 293.40   0.013466   4.60 185.70 374.55  91237.59
 56.0 20210.0 292.22   0.012811   5.17 151.89 371.48  91381.77
 56.0 20241.0 290.14   0.011001   5.09 152.90 346.83  91556.87
 56.0 20271.0 289.13   0.009355   4.82 188.82 322.74  91625.66
 56.0 20302.0 289.93   0.009367   5.64 206.47 329.02  91638.34
 56.0 20333.0 292.22   0.009238   6.19 251.49 334.98  91591.69
 56.0 20363.0 295.18   0.009623   6.38 294.83 347.34  91203.66
 56.0 20394.0 295.44   0.013479   5.32 261.51 375.60  91033.29
 56.0 20424.0 295.09   0.014511   4.82 241.32 383.29  91009.53
 57.0 20455.0 294.80   0.015281   3.91 172.50 397.59  90828.11
 57.0 20486.0 294.99   0.015213   3.37 191.38 394.21  91042.34
 57.0 20514.0 294.72   0.015058   3.95 188.87 390.93  91062.64
 57.0 20545.0 292.95   0.013276   5.09 175.78 374.85  91222.20
 57.0 20575.0 291.16   0.011610   5.20 171.06 355.58  91382.97
 57.0 20606.0 289.16   0.009818   5.18 169.92 336.08  91573.42
 57.0 20636.0 288.22   0.009458   5.70 157.28 335.74  91756.19
 57.0 20667.0 289.41   0.009733   5.33 191.79 334.54  91605.62
 57.0 20698.0 291.70   0.009744   5.91 244.96 337.53  91561.51
 57.0 20728.0 295.41   0.010423   6.20 306.42 348.69  91092.05
 57.0 20759.0 295.12   0.012337   5.53 255.68 370.29  91080.82
 57.0 20789.0 294.18   0.014676   3.87 191.60 387.87  90930.18
 58.0 20820.0 294.28   0.014706   3.80 203.82 387.48  90875.87
 58.0 20851.0 294.87   0.014932   4.11 229.49 384.46  90931.59
 58.0 20879.0 294.95   0.015070   3.86 214.66 385.58  90831.30
 58.0 20910.0 293.00   0.013724   4.84 156.18 382.54  91141.55
 58.0 20940.0 290.89   0.011570   5.16 167.62 354.57  91397.62
 58.0 20971.0 288.93   0.010090   5.68 156.60 339.95  91623.98
 58.0 21001.0 287.89   0.008958   5.54 179.73 323.48  91747.94
 58.0 21032.0 289.00   0.009797   5.38 174.55 341.12  91655.12
 58.0 21063.0 291.53   0.009493   5.38 264.87 326.33  91412.26
 58.0 21093.0 294.61   0.010099   6.21 292.14 344.85  91211.66
 58.0 21124.0 295.19   0.012599   5.69 268.97 369.92  90972.58
 58.0 21154.0 294.01   0.014780   4.07 184.00 389.76  90839.88
 59.0 21185.0 294.78   0.014998   4.45 200.21 390.34  90720.58
 59.0 21216.0 294.86   0.015444   3.26 193.16 393.15  90929.59
 59.0 21244.0 294.49   0.014846   4.19 211.10 383.91  91045.25
 59.0 21275.0 293.30   0.013520   4.74 188.17 371.86  91180.40
 59.0 21305.0 291.26   0.011798   4.90 175.43 353.43  91400.91
 59.0 21336.0 289.20   0.010262   5.01 160.58 336.36  91656.86
 59.0 21366.0 289.16   0.009884   4.94 166.71 336.99  91695.63
 59.0 21397.0 289.22   0.008804   5.80 217.89 323.48  91749.20
 59.0 21428.0 293.18   0.009828   6.03 272.34 334.36  91284.70
 59.0 21458.0 293.52   0.010271   6.30 261.25 347.43  91349.30
 59.0 21489.0 294.70   0.012766   5.60 267.91 367.24  91042.13
 59.0 21519.0 295.10   0.014438   4.77 233.52 383.20  90852.94
 60.0 21550.0 294.74   0.015261   4.10 180.67 393.69  90921.02
 60.0 21581.0 294.42   0.014551   3.58 194.77 388.11  90913.94
 60.0 21609.0 294.93   0.014990   3.95 217.73 383.93  91088.82
 60.0 21640.0 293.64   0.014137   4.90 167.64 383.93  91196.76
 60.0 21670.0 291.66   0.012070   5.18 171.15 357.51  91373.95
 60.0 21701.0 289.28   0.009720   4.86 181.68 329.54  91578.57
 60.0 21731.0 288.90   0.009241   5.21 191.69 322.40  91698.23
 60.0 21762.0 289.56   0.009115   5.61 209.00 329.81  91734.97
 60.0 21793.0 291.68   0.009347   6.33 257.42 333.72  91587.30
 60.0 21823.0 294.67   0.011158   6.36 293.71 349.66  91167.84
 60.0 21854.0 295.22   0.012200   5.81 274.39 367.90  91135.67
 60.0 21884.0 295.49   0.013923   5.46 266.84 378.42  91040.23
 61.0 21915.0 295.08   0.015032   4.74 212.65 391.17  91000.12
 61.0 21946.0 295.96   0.015131   4.77 254.36 387.23  91099.62
 61.0 21974.0 295.01   0.014770   4.17 201.55 387.69  90974.86
 61.0 22005.0 293.04   0.013622   5.70 157.17 381.84  91324.72
 61.0 22035.0 291.74   0.011947   4.74 166.57 358.34  91377.63
 61.0 22066.0 289.62   0.010356   4.81 163.42 340.84  91562.73
 61.0 22096.0 288.50   0.009347   5.77 162.93 335.44  91797.27
 61.0 22127.0 289.53   0.009505   5.23 196.34 333.67  91688.35
 61.0 22158.0 292.74   0.009234   5.77 272.91 329.08  91403.27
 61.0 22188.0 294.39   0.010030   6.18 278.94 349.17  91303.12
 61.0 22219.0 294.78   0.013120   5.59 244.93 374.25  90962.95
 61.0 22249.0 294.57   0.013629   5.26 255.73 373.15  91022.42
 62.0 22280.0 295.65   0.015179   4.83 236.70 389.63  90932.44
 62.0 22311.0 295.45   0.015468   3.89 210.13 393.70  91033.09
 62.0 22339.0 295.08   0.015223   3.29 206.42 388.59  90982.85
 62.0 22370.0 293.30   0.013587   4.73 181.26 375.48  91125.58
 62.0 22400.0 291.32   0.011943   5.54 157.70 360.47  91407.07
 62.0 22431.0 289.23   0.010149   5.20 159.33 339.53  91574.02
 62.0 22461.0 288.71   0.009753   5.58 164.82 337.47  91613.62
 62.0 22492.0 289.72   0.009902   5.35 187.79 339.34  91604.45
 62.0 22523.0 291.79   0.010113   5.63 239.64 342.16  91347.15
 62.0 22553.0 294.42   0.010918   5.76 276.95 351.88  91112.54
 62.0 22584.0 294.76   0.012868   5.41 240.76 374.23  90915.99
 62.0 22614.0 294.70   0.013381   4.66 250.61 374.18  90813.12
 63.0 22645.0 294.41   0.014401   5.24 180.98 388.14  90592.36
 63.0 22676.0 294.88   0.014551   5.26 189.53 390.83  90667.09
 63.0 22704.0 293.43   0.013895   4.50 174.57 383.30  90940.91
 63.0 22735.0 292.34   0.012822   5.53 166.20 372.93  91265.53
 63.0 22765.0 289.79   0.010680   5.44 153.02 348.24  91500.64
 63.0 22796.0 288.51   0.009618   5.27 167.50 333.73  91614.73
 63.0 22826.0 288.30   0.009355   5.50 171.82 330.81  91669.44
 63.0 22857.0 289.08   0.009454   5.14 197.33 329.22  91599.51
 63.0 22888.0 290.94   0.009020   5.74 255.70 324.29  91460.16
 63.0 22918.0 294.47   0.009547   6.38 303.40 340.63  91175.46
 63.0 22949.0 295.18   0.011587   5.76 284.34 359.38  90973.76
 63.0 22979.0 294.26   0.014284   4.63 204.57 385.35  90792.16
 64.0 23010.0 294.49   0.014574   4.42 206.44 386.52  90872.23
 64.0 23041.0 294.32   0.015053   3.29 186.45 391.63  90829.88
 64.0 23069.0 293.97   0.014109   4.64 208.42 380.14  91095.86
 64.0 23100.0 292.79   0.012928   5.03 199.00 364.98  91212.55
 64.0 23130.0 291.43   0.011411   4.42 188.91 346.63  91312.40
 64.0 23161.0 290.54   0.009684   4.28 223.43 314.06  91527.69
 64.0 23191.0 289.76   0.009171   5.30 210.79 319.54  91645.73
 64.0 23222.0 290.01   0.008935   5.57 232.77 318.19  91628.17
 64.0 23253.0 291.81   0.008853   6.13 260.65 329.69  91615.73
 64.0 23283.0 294.11   0.010822   6.27 260.92 356.55  91366.88
 64.0 23314.0 295.25   0.012106   5.76 271.45 366.23  91149.78
 64.0 23344.0 296.15   0.014342   4.54 253.63 385.21  90960.70
 65.0 23375.0 295.44   0.015206   3.94 202.63 394.36  90872.71
 65.0 23406.0 295.30   0.014902   3.72 221.19 389.02  91019.79
 65.0 23434.0 295.17   0.015313   4.37 199.84 391.87  91084.46
 65.0 23465.0 292.97   0.013300   5.02 177.86 374.69  91347.95
 65.0 23495.0 290.93   0.011139   5.08 192.92 345.39  91472.96
 65.0 23526.0 289.44   0.009805   4.73 175.91 333.26  91532.33
 65.0 23556.0 288.10   0.009102   5.76 164.20 329.94  91833.05
 65.0 23587.0 288.96   0.009123   5.86 196.15 328.27  91821.33
 65.0 23618.0 291.63   0.010006   5.66 238.14 339.35  91531.56
 65.0 23648.0 295.53   0.010966   6.35 296.48 354.70  91225.15
 65.0 23679.0 295.53   0.012620   6.18 272.47 372.45  91139.69
 65.0 23709.0 295.13   0.014682   4.80 220.87 389.86  91103.91
 66.0 23740.0 295.77   0.015627   4.23 222.02 394.91  91042.44
 66.0 23771.0 295.83   0.015455   3.92 234.18 391.91  91057.48
 66.0 23799.0 294.95   0.014852   3.70 213.77 384.66  91228.01
 66.0 23830.0 294.00   0.014292   4.67 173.22 381.60  91279.90
 66.0 23860.0 292.51   0.012930   5.28 175.06 364.90  91407.19
 66.0 23891.0 289.53   0.010203   5.27 168.28 339.63  91701.88
 66.0 23921.0 289.04   0.010001   5.68 157.29 341.91  91770.02
 66.0 23952.0 289.90   0.009881   5.51 188.09 340.55  91735.94
 66.0 23983.0 291.40   0.010299   5.99 213.93 345.95  91510.91
 66.0 24013.0 294.73   0.011577   6.33 274.05 357.87  91224.11
 66.0 24044.0 295.71   0.012919   5.85 268.13 376.62  91040.37
 66.0 24074.0 294.94   0.014888   3.94 188.13 393.25  90778.20
 67.0 24105.0 294.39   0.014647   3.75 199.05 387.86  90940.57
 67.0 24136.0 294.53   0.014150   4.07 230.09 379.89  90774.93
 67.0 24164.0 294.24   0.013836   4.11 228.08 373.70  91030.32
 67.0 24195.0 292.82   0.013274   5.30 160.97 375.96  91298.31
 67.0 24225.0 291.37   0.012034   5.25 161.07 357.09  91319.64
 67.0 24256.0 289.11   0.010370   5.41 142.38 344.35  91577.18
 67.0 24286.0 288.54   0.009773   5.25 159.00 337.57  91598.90
 67.0 24317.0 288.77   0.009428   5.50 180.36 335.08  91631.80
 67.0 24348.0 291.70   0.009195   5.36 260.46 328.11  91359.45
 67.0 24378.0 294.61   0.010123   6.07 285.94 348.31  91175.59
 67.0 24409.0 295.11   0.012074   5.88 274.82 364.82  91030.89
 67.0 24439.0 294.84   0.014142   3.62 203.02 386.92  90715.21
 68.0 24470.0 294.54   0.014932   4.05 174.78 393.20  90766.90
 68.0 24501.0 294.99   0.015345   3.58 200.15 392.51  90897.90
 68.0 24529.0 294.39   0.014162   4.45 213.03 378.78  91074.45
 68.0 24560.0 292.79   0.013383   5.29 146.70 382.81  91270.80
 68.0 24590.0 291.50   0.012050   5.01 165.87 361.42  91395.34
 68.0 24621.0 289.85   0.010584   5.12 170.62 337.37  91599.86
 68.0 24651.0 288.88   0.009806   4.79 170.66 331.15  91618.68
 68.0 24682.0 289.29   0.009219   5.41 207.81 328.52  91606.36
 68.0 24713.0 292.21   0.009557   5.36 254.89 333.75  91457.45
 68.0 24743.0 294.81   0.010534   6.25 278.28 352.45  91223.27
 68.0 24774.0 294.69   0.012350   5.37 272.05 363.00  91040.52
 68.0 24804.0 294.51   0.014183   5.07 231.49 382.21  91049.43
 69.0 24835.0 294.68   0.015263   4.15 183.09 394.92  90875.87
 69.0 24866.0 294.43   0.014675   3.72 204.19 387.18  90904.02
 69.0 24894.0 294.60   0.014674   4.07 208.73 384.64  91100.19
 69.0 24925.0 293.25   0.013664   5.06 174.05 379.28  91141.30
 69.0 24955.0 291.92   0.012333   4.75 172.66 360.41  91317.84
 69.0 24986.0 289.42   0.010481   5.78 156.41 343.88  91633.42
 69.0 25016.0 288.90   0.010008   5.50 157.35 340.03  91656.62
 69.0 25047.0 289.19   0.009781   5.54 195.73 333.72  91673.25
 69.0 25078.0 291.85   0.010220   5.50 258.47 329.38  91402.05
 69.0 25108.0 293.80   0.010758   6.06 263.62 352.77  91278.30
 69.0 25139.0 295.18   0.012997   5.56 287.05 364.93  91003.13
 69.0 25169.0 295.52   0.013673   4.77 242.57 384.29  90902.68
 70.0 25200.0 294.87   0.014392   5.20 176.78 393.10  90756.55
 70.0 25231.0 295.38   0.015138   3.71 219.92 390.14  90937.32
 70.0 25259.0 294.79   0.015061   4.26 195.05 389.36  91026.91
 70.0 25290.0 293.50   0.013489   5.33 194.46 374.48  91225.99
 70.0 25320.0 291.39   0.011655   4.79 174.38 354.39  91372.76
 70.0 25351.0 289.15   0.009962   5.34 166.22 336.68  91574.70
 70.0 25381.0 288.54   0.009468   5.54 161.72 338.59  91671.69
 70.0 25412.0 288.98   0.009198   5.50 186.97 332.83  91691.33
 70.0 25443.0 292.05   0.009449   5.64 260.58 332.25  91435.02
 70.0 25473.0 294.46   0.009842   5.83 285.75 345.01  91169.89
 70.0 25504.0 295.49   0.013325   5.16 241.47 377.67  90882.09
 70.0 25534.0 295.14   0.014436   4.46 246.76 380.26  90905.99
 71.0 25565.0 294.92   0.015254   3.88 179.25 395.23  90760.96
 71.0 25596.0 295.28   0.015300   3.61 201.10 391.82  90849.89
 71.0 25624.0 294.22   0.014451   4.20 192.39 385.96  90967.53
 71.0 25655.0 293.00   0.013315   5.36 180.80 374.79  91205.77
 71.0 25685.0 290.09   0.010631   5.04 171.89 346.16  91465.91
 71.0 25716.0 288.76   0.009708   5.12 149.91 340.65  91596.84
 71.0 25746.0 288.15   0.009092   5.81 166.12 330.81  91780.40
 71.0 25777.0 288.82   0.009350   5.38 179.84 337.08  91658.87
 71.0 25808.0 291.60   0.009516   5.90 255.59 331.59  91414.95
 71.0 25838.0 295.10   0.009975   6.20 297.20 345.18  91183.59
 71.0 25869.0 295.66   0.012033   6.03 303.19 359.13  91014.16
 71.0 25899.0 295.23   0.014271   4.70 235.99 384.47  90887.34
 72.0 25930.0 295.11   0.014783   5.02 220.62 387.94  90754.02
 72.0 25961.0 295.12   0.014970   3.53 204.78 389.92  90763.91
 72.0 25989.0 294.37   0.014458   4.94 198.58 383.54  91148.02
 72.0 26020.0 292.97   0.013439   5.30 165.59 378.59  91204.91
 72.0 26050.0 291.94   0.012495   5.30 160.26 365.81  91271.80
 72.0 26081.0 289.11   0.009677   4.86 178.53 326.05  91598.06
 72.0 26111.0 288.39   0.008818   5.16 186.39 322.21  91694.42
 72.0 26142.0 289.86   0.009960   4.79 187.54 338.91  91542.12
 72.0 26173.0 292.85   0.009808   5.35 274.62 330.32  91360.48
 72.0 26203.0 294.43   0.010935   6.22 276.36 352.72  91215.05
 72.0 26234.0 294.40   0.012856   5.55 250.48 373.01  91021.46
 72.0 26264.0 295.13   0.013985   4.95 236.45 385.21  90911.06
 73.0 26295.0 294.48   0.014454   4.65 193.30 389.87  90802.07
 73.0 26326.0 294.52   0.014679   4.18 185.61 389.74  90870.58
 73.0 26354.0 294.63   0.014495   4.57 219.49 381.37  91112.03
 73.0 26385.0 293.56   0.013610   4.62 186.71 376.20  91132.32
 73.0 26415.0 291.27   0.011540   5.00 170.61 353.34  91380.41
 73.0 26446.0 289.47   0.010040   5.17 170.47 336.36  91640.24
 73.0 26476.0 288.51   0.009169   5.47 173.59 331.92  91790.64
 73.0 26507.0 289.23   0.008716   5.91 211.23 325.84  91769.50
 73.0 26538.0 292.11   0.008620   5.91 274.78 324.43  91546.45
 73.0 26568.0 294.92   0.011099   6.37 288.10 351.86  91184.09
 73.0 26599.0 295.60   0.012223   6.11 286.29 365.79  91016.58
 73.0 26629.0 296.08   0.014004   5.23 269.81 384.67  90967.85
 74.0 26660.0 295.18   0.014905   4.94 194.78 394.55  90738.73
 74.0 26691.0 295.36   0.015111   4.14 221.72 389.68  90982.93
 74.0 26719.0 295.12   0.014711   4.63 231.82 382.51  91022.85
 74.0 26750.0 293.77   0.014174   4.74 167.68 384.33  91225.27
 74.0 26780.0 291.27   0.011846   5.43 171.98 354.89  91359.57
 74.0 26811.0 289.34   0.009806   4.83 180.60 328.74  91492.79
 74.0 26841.0 289.13   0.009725   5.31 175.43 331.44  91641.91
 74.0 26872.0 289.39   0.009639   6.00 185.18 337.41  91652.23
 74.0 26903.0 292.82   0.009926   5.72 257.27 341.06  91359.09
 74.0 26933.0 295.46   0.010131   6.39 289.93 351.86  91135.04
 74.0 26964.0 295.77   0.011904   6.04 288.09 365.34  91052.03
 74.0 26994.0 294.64   0.014162   4.97 224.82 383.14  90887.61
 75.0 27025.0 293.86   0.014275   4.27 186.31 387.21  90794.83
 75.0 27056.0 294.62   0.014483   4.22 226.33 380.32  91006.59
 75.0 27084.0 294.19   0.014722   4.77 185.46 387.65  90970.76
 75.0 27115.0 292.44   0.012952   5.12 163.78 375.85  91270.85
 75.0 27145.0 291.14   0.011486   4.87 186.71 349.29  91349.71
 75.0 27176.0 288.98   0.009745   5.38 174.91 330.19  91533.07
 75.0 27206.0 288.59   0.009711   5.21 154.00 339.09  91604.84
 75.0 27237.0 289.77   0.009730   4.87 204.59 331.44  91516.97
 75.0 27268.0 291.95   0.010352   5.24 240.59 339.01  91392.29
 75.0 27298.0 294.26   0.010791   5.98 275.56 351.96  91143.46
 75.0 27329.0 295.38   0.012930   5.71 264.55 375.71  90930.94
 75.0 27359.0 294.35   0.014441   4.03 211.25 384.95  90887.39
 76.0 27390.0 293.96   0.014715   3.94 164.00 392.79  90636.76
 76.0 27421.0 294.71   0.014941   3.76 222.57 386.23  90877.22
 76.0 27449.0 294.00   0.014122   4.05 211.93 377.27  90999.71
 76.0 27480.0 292.94   0.013207   4.73 184.93 371.10  91158.85
 76.0 27510.0 290.77   0.010846   4.44 198.46 338.35  91370.45
 76.0 27541.0 288.60   0.009408   5.63 170.17 332.44  91601.54
 76.0 27571.0 288.80   0.008796   4.75 197.94 317.65  91608.33
 76.0 27602.0 289.98   0.008216   5.31 256.33 308.48  91550.33
 76.0 27633.0 291.55   0.008619   6.02 274.19 322.62  91412.95
 76.0 27663.0 293.05   0.009599   6.14 271.04 341.46  91294.45
 76.0 27694.0 295.71   0.010759   5.63 298.06 355.85  90987.87
 76.0 27724.0 296.04   0.013663   5.26 282.20 378.51  90860.16
 77.0 27755.0 294.45   0.014615   4.15 183.17 391.79  90917.19
 77.0 27786.0 294.91   0.015087   3.75 197.71 391.33  90775.23
 77.0 27814.0 295.13   0.014928   4.08 216.62 386.34  91019.60
 77.0 27845.0 293.32   0.013337   5.09 186.29 373.21  91188.94
 77.0 27875.0 291.48   0.012100   5.47 156.62 361.34  91437.20
 77.0 27906.0 289.36   0.009951   4.32 173.66 334.13  91501.48
 77.0 27936.0 289.51   0.010076   5.27 171.41 337.43  91656.68
 77.0 27967.0 289.78   0.009831   5.61 187.45 336.14  91650.05
 77.0 27998.0 292.64   0.008928   5.54 283.63 321.83  91333.75
 77.0 28028.0 294.92   0.009761   6.62 297.10 346.65  91208.90
 77.0 28059.0 295.33   0.011642   6.09 286.64 362.73  91034.30
 77.0 28089.0 295.00   0.014554   4.41 226.99 387.44  90908.37
 78.0 28120.0 294.59   0.014434   4.56 212.05 386.42  90799.78
 78.0 28151.0 294.88   0.014664   4.45 217.14 387.10  90826.49
 78.0 28179.0 295.05   0.015197   4.13 208.82 387.50  91032.90
 78.0 28210.0 293.65   0.013833   5.01 179.17 378.03  91221.41
 78.0 28240.0 291.64   0.012189   5.32 165.05 360.05  91442.39
 78.0 28271.0 289.19   0.009478   4.74 187.33 322.16  91628.09
 78.0 28301.0 288.73   0.009807   5.43 152.93 340.97  91786.94
 78.0 28332.0 289.52   0.009063   5.44 216.93 323.39  91673.04
 78.0 28363.0 292.38   0.008805   6.26 273.61 326.52  91459.02
 78.0 28393.0 295.00   0.010397   6.07 283.91 352.44  91160.05
 78.0 28424.0 295.48   0.012046   4.53 271.05 365.84  90998.59
 78.0 28454.0 294.85   0.014227   4.07 238.33 379.45  91004.20
 79.0 28485.0 294.47   0.014737   4.04 188.29 390.71  90850.66
 79.0 28516.0 295.03   0.015048   4.09 212.58 388.24  90818.18
 79.0 28544.0 294.54   0.015181   3.94 184.54 390.67  90898.95
 79.0 28575.0 293.59   0.013666   4.68 192.30 373.84  91157.97
 79.0 28605.0 292.12   0.012498   4.67 172.91 362.70  91344.01
 79.0 28636.0 290.19   0.011081   5.53 155.88 349.78  91600.54
 79.0 28666.0 288.04   0.009471   5.80 143.55 342.69  91825.44
 79.0 28697.0 289.09   0.009958   5.41 174.78 340.24  91740.78
 79.0 28728.0 290.87   0.010629   5.52 212.71 344.02  91519.92
 79.0 28758.0 293.86   0.010623   5.99 280.29 345.22  91195.26
 79.0 28789.0 296.58   0.012090   6.24 308.00 365.27  90994.95
 79.0 28819.0 295.21   0.015096   4.50 230.47 387.06  90904.99
 80.0 28850.0 294.51   0.014823   3.70 203.16 388.72  90885.85
 80.0 28881.0 295.39   0.015502   3.65 226.78 391.03  91055.29
 80.0 28909.0 295.01   0.015506   3.85 185.68 392.98  91077.29
 80.0 28940.0 293.03   0.013529   4.99 170.54 377.26  91253.88
 80.0 28970.0 290.80   0.011390   4.74 168.63 350.23  91433.17
 80.0 29001.0 289.21   0.009987   4.94 176.88 330.10  91577.59
 80.0 29031.0 288.62   0.009824   5.65 155.73 337.95  91731.26
 80.0 29062.0 289.08   0.009515   5.45 200.48 329.58  91665.60
 80.0 29093.0 290.99   0.009536   5.74 228.40 337.27  91520.16
 80.0 29123.0 293.99   0.010353   6.25 279.00 347.62  91283.24
 80.0 29154.0 295.09   0.012151   5.71 284.14 363.17  90944.68
 80.0 29184.0 294.58   0.014678   3.93 205.00 388.30  90824.37
 81.0 29215.0 294.07   0.014229   4.61 189.99 385.18  90687.37
 81.0 29246.0 294.89   0.015071   3.29 214.85 388.55  90777.17
 81.0 29274.0 294.01   0.014064   4.99 208.53 378.49  91135.52
 81.0 29305.0 292.60   0.013248   5.02 156.14 378.39  91298.93
 81.0 29335.0 291.25   0.012114   5.61 142.25 369.10  91422.06
 81.0 29366.0 289.60   0.010513   4.99 161.68 342.12  91541.87
 81.0 29396.0 288.44   0.009544   5.49 159.11 335.40  91732.58
 81.0 29427.0 288.83   0.009491   5.84 181.01 337.79  91831.94
 81.0 29458.0 291.24   0.009297   5.82 252.52 330.14  91592.03
 81.0 29488.0 294.09   0.011184   6.15 260.99 358.97  91278.95
 81.0 29519.0 294.95   0.012436   6.03 291.22 358.48  91100.35
 81.0 29549.0 296.31   0.012957   5.68 295.12 372.13  90906.04
 82.0 29580.0 295.60   0.015014   3.93 204.61 393.38  90742.64
 82.0 29611.0 295.90   0.015212   4.51 215.74 391.91  90854.28
 82.0 29639.0 295.60   0.015070   4.38 236.98 385.06  90918.75
 82.0 29670.0 293.73   0.013801   5.31 187.54 375.80  91234.10
 82.0 29700.0 291.17   0.011472   5.38 159.27 359.52  91404.43
 82.0 29731.0 290.01   0.010442   5.33 170.19 341.32  91489.88
 82.0 29761.0 288.43   0.009255   5.45 161.00 335.05  91715.86
 82.0 29792.0 290.04   0.009670   5.57 197.67 336.70  91597.03
 82.0 29823.0 292.12   0.009164   5.90 255.16 333.44  91493.16
 82.0 29853.0 294.61   0.010757   6.02 271.82 354.91  91229.45
 82.0 29884.0 294.66   0.013179   5.22 228.11 378.45  91031.11
 82.0 29914.0 294.55   0.014454   4.58 210.44 385.95  90810.17
 83.0 29945.0 294.60   0.014802   4.49 200.18 389.15  90853.30
 83.0 29976.0 294.75   0.014629   4.47 228.92 383.23  90920.59
 83.0 30004.0 294.85   0.014739   4.27 223.56 383.35  91000.80
 83.0 30035.0 292.93   0.013433   5.27 163.00 379.99  91239.71
 83.0 30065.0 290.90   0.011513   4.85 154.81 356.48  91386.03
 83.0 30096.0 289.36   0.010101   5.19 168.50 335.63  91573.16
 83.0 30126.0 288.19   0.009330   5.60 160.52 333.99  91836.96
 83.0 30157.0 289.07   0.009235   5.17 206.18 325.13  91663.43
 83.0 30188.0 292.48   0.009159   5.72 282.08 326.39  91379.63
 83.0 30218.0 295.25   0.010233   6.39 301.04 347.32  91218.98
 83.0 30249.0 295.67   0.011509   6.10 292.81 360.69  91109.29
 83.0 30279.0 294.63   0.014676   4.47 191.65 390.81  90908.62
 84.0 30310.0 294.78   0.015430   3.37 174.21 396.43  90847.12
 84.0 30341.0 295.52   0.015483   3.87 210.04 391.83  90861.49
 84.0 30369.0 293.60   0.014152   4.19 184.44 383.18  91101.55
 84.0 30400.0 293.19   0.013639   5.17 168.52 377.77  91270.95
 84.0 30430.0 290.47   0.011003   4.91 167.20 349.64  91455.98
 84.0 30461.0 288.85   0.009584   5.69 179.11 329.64  91641.43
 84.0 30491.0 289.02   0.009996   5.19 164.93 338.97  91687.89
 84.0 30522.0 288.78   0.009158   5.65 196.02 330.96  91764.52
 84.0 30553.0 291.74   0.009683   5.97 247.78 337.88  91485.48
 84.0 30583.0 294.16   0.011013   6.36 273.05 352.77  91305.44
 84.0 30614.0 294.55   0.012995   5.32 236.61 373.50  91084.54
 84.0 30644.0 295.12   0.014206   4.89 255.37 379.67  90962.55
 85.0 30675.0 294.63   0.014660   4.40 209.51 388.77  90927.95
 85.0 30706.0 295.20   0.015415   4.20 207.70 392.64  90991.89
 85.0 30734.0 294.70   0.015079   4.58 185.81 391.14  91017.16
 85.0 30765.0 293.12   0.013653   4.99 166.07 378.48  91288.80
 85.0 30795.0 290.91   0.011457   5.31 172.41 351.69  91516.82
 85.0 30826.0 289.28   0.010476   5.89 154.66 342.39  91736.48
 85.0 30856.0 288.41   0.009454   5.46 172.40 329.18  91784.61
 85.0 30887.0 288.46   0.008971   5.45 200.06 326.04  91769.64
 85.0 30918.0 291.48   0.009368   5.79 265.74 324.76  91518.72
 85.0 30948.0 294.77   0.010757   6.38 273.84 354.41  91228.61
 85.0 30979.0 296.13   0.011971   6.21 303.48 364.66  91003.02
 85.0 31009.0 295.60   0.014516   4.41 245.07 386.84  90905.02
 86.0 31040.0 295.26   0.014402   4.71 249.87 381.86  91069.91
 86.0 31071.0 295.75   0.015649   3.99 213.66 394.85  90954.23
 86.0 31099.0 294.67   0.015002   4.53 191.50 390.22  91155.69
 86.0 31130.0 294.08   0.014522   5.14 174.14 385.50  91226.28
 86.0 31160.0 291.28   0.011839   5.10 170.40 358.15  91431.54
 86.0 31191.0 288.96   0.009963   5.67 169.22 332.91  91676.42
 86.0 31221.0 288.60   0.009453   5.21 167.99 332.31  91726.09
 86.0 31252.0 289.38   0.009439   5.52 197.87 333.16  91641.16
 86.0 31283.0 292.53   0.009494   5.77 259.67 336.29  91338.08
 86.0 31313.0 294.01   0.010689   6.31 271.57 350.67  91236.02
 86.0 31344.0 295.32   0.012769   5.34 279.58 364.83  90988.89
 86.0 31374.0 294.91   0.013414   4.82 244.35 378.23  90892.64
 87.0 31405.0 294.79   0.013418   4.78 235.27 379.49  90720.40
 87.0 31436.0 295.06   0.014819   3.28 222.97 386.30  90850.12
 87.0 31464.0 294.19   0.014065   4.07 223.17 376.26  91063.11
 87.0 31495.0 293.23   0.013436   5.24 179.89 377.38  91181.84
 87.0 31525.0 290.18   0.010412   5.14 184.94 340.34  91413.41
 87.0 31556.0 288.75   0.009814   5.92 148.16 343.00  91661.65
 87.0 31586.0 288.52   0.009344   5.51 164.72 334.31  91733.76
 87.0 31617.0 289.50   0.009132   5.54 206.43 332.00  91640.52
 87.0 31648.0 292.53   0.008910   5.97 279.36 325.49  91364.29
 87.0 31678.0 294.82   0.009943   6.54 283.83 348.13  91185.32
 87.0 31709.0 295.75   0.010949   6.10 298.80 357.70  91062.30
 87.0 31739.0 296.15   0.013154   4.93 259.43 380.36  90873.47
 88.0 31770.0 295.10   0.014906   3.57 197.87 393.22  90835.82
 88.0 31801.0 295.25   0.014315   4.43 232.51 384.98  90763.52
 88.0 31829.0 294.84   0.014962   3.78 203.69 388.30  90911.66
 88.0 31860.0 293.18   0.013587   4.94 163.94 380.16  91198.96
 88.0 31890.0 291.97   0.012595   5.22 151.43 368.83  91314.63
 88.0 31921.0 288.99   0.009792   5.71 158.92 338.61  91644.36
 88.0 31951.0 288.05   0.008732   5.20 182.48 324.24  91670.96
 88.0 31982.0 288.90   0.008670   5.71 192.13 330.07  91704.12
 88.0 32013.0 292.59   0.009858   5.55 271.54 332.41  91413.55
 88.0 32043.0 295.47   0.009772   6.40 298.40 348.03  91186.76
 88.0 32074.0 296.25   0.012335   5.22 279.00 370.35  90920.18
 88.0 32104.0 294.86   0.014485   4.29 236.71 383.58  90980.02
 89.0 32135.0 294.68   0.014889   4.95 183.43 392.33  90641.64
 89.0 32166.0 295.13   0.015002   3.59 221.13 387.68  90848.59
 89.0 32194.0 294.51   0.014526   4.62 209.86 382.15  90923.07
 89.0 32225.0 293.39   0.013552   4.88 193.09 370.63  91108.00
 89.0 32255.0 291.53   0.011990   5.03 173.84 356.98  91303.78
 89.0 32286.0 288.92   0.009796   5.59 165.66 335.61  91605.04
 89.0 32316.0 288.08   0.009052   5.79 174.19 328.16  91780.09
 89.0 32347.0 289.45   0.009958   5.39 181.98 341.49  91588.91
 89.0 32378.0 292.86   0.009015   5.62 292.06 322.39  91350.63
 89.0 32408.0 295.45   0.009409   6.44 304.37 344.40  91179.23
 89.0 32439.0 295.56   0.012291   5.62 274.55 369.31  90986.64
 89.0 32469.0 294.59   0.013525   4.39 260.21 371.10  90991.12
 90.0 32500.0 294.05   0.014788   3.99 178.72 390.88  90811.66
 90.0 32531.0 295.23   0.015010   4.34 248.06 384.80  90853.48
 90.0 32559.0 294.31   0.014369   4.27 217.69 379.31  91021.12
 90.0 32590.0 293.44   0.013801   4.78 173.48 379.42  91141.60
 90.0 32620.0 291.11   0.011517   5.17 173.96 354.48  91408.87
 90.0 32651.0 289.49   0.010033   4.85 166.48 337.42  91606.03
 90.0 32681.0 288.69   0.009385   5.70 169.69 334.60  91714.54
 90.0 32712.0 289.31   0.008893   5.93 202.62 329.52  91766.27
 90.0 32743.0 292.13   0.009770   5.96 246.73 337.20  91462.20
 90.0 32773.0 294.25   0.010647   6.14 266.99 352.33  91187.19
 90.0 32804.0 294.83   0.012631   5.86 265.97 369.80  91081.55
 90.0 32834.0 294.99   0.014305   4.67 241.98 381.73  90993.98
 91.0 32865.0 295.54   0.015111   4.80 244.76 387.13  90877.20
 91.0 32896.0 295.06   0.015519   3.83 185.59 395.89  90883.83
 91.0 32924.0 295.49   0.015305   4.04 219.59 389.20  91002.91
 91.0 32955.0 294.06   0.014233   4.72 176.33 382.24  91206.80
 91.0 32985.0 291.49   0.012086   5.69 161.38 360.77  91407.38
 91.0 33016.0 289.22   0.010228   5.32 156.73 342.21  91570.94
 91.0 33046.0 288.76   0.010168   5.72 144.42 343.51  91625.72
 91.0 33077.0 288.95   0.009285   5.15 196.61 332.02  91614.46
 91.0 33108.0 292.46   0.009216   5.35 275.56 326.62  91294.73
 91.0 33138.0 293.70   0.010216   6.05 273.04 347.66  91279.23
 91.0 33169.0 295.59   0.012379   5.47 290.21 364.59  90861.40
 91.0 33199.0 295.38   0.013916   4.62 231.30 384.64  90848.88
 92.0 33230.0 294.45   0.013787   4.80 215.02 380.65  90702.01
 92.0 33261.0 294.85   0.014229   4.73 220.47 383.70  90660.09
 92.0 33289.0 294.39   0.014421   4.73 198.82 383.29  90986.13
 92.0 33320.0 292.47   0.012461   5.05 196.60 362.29  91249.82
 92.0 33350.0 291.49   0.011904   5.12 170.28 356.89  91339.34
 92.0 33381.0 289.29   0.009801   5.00 181.66 327.91  91602.05
 92.0 33411.0 288.38   0.008848   5.39 186.14 322.32  91749.43
 92.0 33442.0 289.72   0.009168   5.38 211.50 326.34  91561.49
 92.0 33473.0 293.50   0.008712   5.81 293.72 326.36  91310.88
 92.0 33503.0 295.77   0.009548   6.60 312.38 344.56  91157.83
 92.0 33534.0 296.55   0.012888   5.78 297.94 370.43  90931.38
 92.0 33564.0 294.58   0.014106   4.32 210.57 385.44  90926.92
 93.0 33595.0 295.32   0.015264   3.62 206.19 392.69  90846.50
 93.0 33626.0 295.32   0.014609   4.20 242.03 382.24  90842.48
 93.0 33654.0 295.26   0.014787   4.11 236.01 381.36  90979.19
 93.0 33685.0 292.70   0.012898   5.18 169.74 372.65  91219.26
 93.0 33715.0 291.42   0.011179   4.68 191.80 343.32  91374.10
 93.0 33746.0 289.40   0.009583   5.39 185.31 328.33  91532.15
 93.0 33776.0 289.41   0.009639   5.56 170.42 337.66  91659.13
 93.0 33807.0 290.71   0.009594   5.56 211.14 335.34  91557.80
 93.0 33838.0 292.67   0.009750   6.05 239.61 344.69  91431.60
 93.0 33868.0 294.63   0.010999   6.04 282.01 351.17  91156.52
 93.0 33899.0 296.17   0.011728   5.53 277.66 367.33  90931.97
 93.0 33929.0 295.93   0.013281   4.90 273.02 375.97  90833.19
 94.0 33960.0 295.09   0.015127   3.86 215.58 390.70  90913.42
 94.0 33991.0 294.60   0.014823   3.92 188.08 390.40  90910.37
 94.0 34019.0 294.80   0.014619   3.97 224.86 382.06  91008.66
 94.0 34050.0 294.10   0.014162   5.00 179.24 382.25  91201.57
 94.0 34080.0 292.02   0.012436   5.06 162.61 367.14  91335.10
 94.0 34111.0 289.99   0.010273   5.02 171.14 340.10  91523.06
 94.0 34141.0 289.20   0.009858   5.71 166.22 338.73  91693.17
 94.0 34172.0 290.09   0.009320   5.23 209.58 329.76  91644.16
 94.0 34203.0 292.73   0.010161   5.91 255.78 338.86  91372.27
 94.0 34233.0 295.55   0.010131   6.58 318.89 343.74  91245.23
 94.0 34264.0 296.48   0.012131   6.22 295.92 369.15  90981.93
 94.0 34294.0 295.20   0.014124   5.07 243.88 383.31  90971.26
 95.0 34325.0 294.84   0.014900   4.45 211.53 389.17  90960.96
 95.0 34356.0 295.43   0.015255   4.62 205.36 392.30  90739.98
 95.0 34384.0 294.32   0.014400   3.92 208.86 382.47  91035.22
 95.0 34415.0 292.77   0.012928   4.71 184.93 369.32  91238.69
 95.0 34445.0 290.78   0.010739   4.97 189.32 341.29  91384.34
 95.0 34476.0 290.05   0.010447   5.30 171.81 339.09  91466.70
 95.0 34506.0 288.82   0.009847   5.83 151.64 342.93  91617.23
 95.0 34537.0 289.33   0.009204   5.14 202.82 329.90  91572.38
 95.0 34568.0 292.80   0.009293   5.74 264.54 332.20  91325.60
 95.0 34598.0 294.85   0.011524   6.17 256.38 364.64  91104.87
 95.0 34629.0 294.18   0.012479   4.85 269.79 361.37  90913.02
 95.0 34659.0 294.18   0.014471   3.56 206.21 383.92  90866.16
 96.0 34690.0 294.03   0.014693   4.14 172.87 391.30  90584.13
 96.0 34721.0 294.75   0.014768   5.27 186.35 389.74  90637.50
 96.0 34749.0 294.23   0.014565   4.09 202.36 382.07  90977.79
 96.0 34780.0 293.21   0.013541   4.80 186.09 374.02  91068.29
 96.0 34810.0 290.79   0.011467   4.99 161.38 353.97  91380.48
 96.0 34841.0 287.97   0.008958   4.72 182.10 319.19  91553.19
 96.0 34871.0 289.12   0.009845   5.35 189.07 327.24  91463.73
 96.0 34902.0 289.18   0.009016   5.57 216.30 320.89  91587.20
 96.0 34933.0 292.49   0.009409   5.91 274.16 328.55  91407.99
 96.0 34963.0 293.53   0.010242   6.12 282.01 340.85  91280.45
 96.0 34994.0 294.63   0.012419   5.67 250.63 369.26  90954.91
 96.0 35024.0 294.36   0.014694   3.98 191.86 388.85  90840.03
 97.0 35055.0 294.34   0.014410   4.09 209.85 385.86  90926.47
 97.0 35086.0 294.21   0.014022   4.61 222.10 379.05  91145.38
 97.0 35114.0 294.73   0.014341   4.73 236.46 378.88  91018.35
 97.0 35145.0 292.99   0.013434   4.82 175.27 373.08  91182.96
 97.0 35175.0 291.19   0.011868   5.20 154.49 359.43  91435.98
 97.0 35206.0 289.65   0.009802   4.33 193.29 323.66  91593.05
 97.0 35236.0 289.42   0.010037   5.08 167.91 337.63  91672.78
 97.0 35267.0 289.42   0.009025   5.48 203.35 326.42  91681.38
 97.0 35298.0 292.87   0.009603   5.96 268.99 333.26  91396.62
 97.0 35328.0 294.94   0.010994   5.89 286.96 351.40  91166.91
 97.0 35359.0 295.76   0.012914   5.63 280.30 372.37  91033.33
 97.0 35389.0 295.48   0.014682   4.41 224.42 390.21  90983.95
 98.0 35420.0 294.57   0.014980   4.34 177.42 395.70  90934.54
 98.0 35451.0 294.94   0.014794   4.37 208.43 389.65  90995.99
 98.0 35479.0 294.56   0.014512   4.38 205.29 385.29  91101.90
 98.0 35510.0 293.70   0.014163   4.83 169.12 383.93  91232.95
 98.0 35540.0 291.77   0.012501   5.51 145.41 370.32  91362.93
 98.0 35571.0 289.72   0.010478   5.14 175.12 337.05  91587.33
 98.0 35601.0 289.76   0.010394   4.95 170.67 338.72  91676.88
 98.0 35632.0 289.56   0.009944   5.96 182.33 344.13  91875.13
 98.0 35663.0 291.61   0.010385   5.89 235.44 341.65  91553.68
 98.0 35693.0 295.19   0.009993   6.34 310.32 341.75  91277.03
 98.0 35724.0 296.64   0.011696   6.05 296.24 367.85  91036.98
 98.0 35754.0 295.00   0.014776   5.04 235.26 385.82  91029.67
 99.0 35785.0 295.46   0.015669   4.02 217.37 391.98  90989.44
 99.0 35816.0 295.56   0.015953   4.14 202.01 394.93  90935.92
 99.0 35844.0 295.05   0.015429   3.68 198.04 390.31  90993.30
 99.0 35875.0 293.28   0.013200   4.59 201.39 367.38  91306.94
 99.0 35905.0 291.37   0.011523   5.21 179.38 352.20  91470.73
 99.0 35936.0 289.30   0.009584   5.60 176.46 329.37  91595.26
 99.0 35966.0 288.72   0.009322   5.56 164.96 337.26  91612.51
 99.0 35997.0 289.37   0.009321   5.32 200.86 329.82  91536.23
 99.0 36028.0 292.06   0.009962   5.70 223.41 344.83  91372.48
 99.0 36058.0 294.40   0.010668   6.05 280.52 350.09  91247.97
 99.0 36089.0 295.75   0.012485   5.55 280.49 368.71  90895.10
 99.0 36119.0 295.20   0.013977   4.51 233.40 383.71  90681.41
100.0 36150.0 294.97   0.014620   4.18 186.52 391.96  90666.93
100.0 36181.0 294.94   0.014688   3.84 195.53 389.71  90758.82
100.0 36209.0 294.76   0.014566   3.56 197.26 386.75  90850.90
100.0 36240.0 293.21   0.013165   4.79 189.34 372.84  91073.95
100.0 36270.0 290.91   0.011412   5.80 161.97 358.25  91365.80
100.0 36301.0 288.62   0.009539   6.17 175.99 333.28  91623.00
100.0 36331.0 286.98   0.008335   5.44 167.47 323.79  91680.38
100.0 36362.0 289.68   0.009375   5.50 206.63 331.27  91520.65
100.0 36393.0 291.75   0.009501   5.71 252.69 332.52  91395.88
100.0 36423.0 294.70   0.009648   6.46 306.15 340.27  91111.80
100.0 36454.0 296.34   0.011617   5.39 280.01 367.75  90832.59
100.0 36484.0 294.81   0.014437   3.76 214.98 384.38  90790.36
