  1.0    15.0 290.69   0.011295   3.92 211.61 356.84  87997.33
  1.0    46.0 290.75   0.011516   4.86 206.81 360.62  87952.80
  1.0    74.0 290.44   0.011533   4.98 213.19 355.39  88012.20
  1.0   105.0 289.20   0.010985   5.74 171.51 350.86  88201.57
  1.0   135.0 287.54   0.010027   5.83 154.29 339.70  88306.16
  1.0   166.0 284.95   0.008266   5.45 127.57 329.82  88447.01
  1.0   196.0 284.86   0.007922   6.13 180.56 306.33  88511.77
  1.0   227.0 285.52   0.008102   6.36 185.89 313.02  88415.45
  1.0   258.0 288.06   0.007463   6.60 265.60 301.12  88287.77
  1.0   288.0 290.50   0.009213   6.44 268.36 326.85  88018.69
  1.0   319.0 289.86   0.010600   5.58 238.86 344.38  87972.98
  1.0   349.0 289.78   0.011358   4.59 184.54 361.93  87963.05
  2.0   380.0 290.56   0.011685   4.99 191.55 362.05  87830.52
  2.0   411.0 290.66   0.011719   4.34 218.21 359.21  87961.53
  2.0   439.0 290.94   0.011931   4.24 230.66 356.61  87989.86
  2.0   470.0 289.64   0.011583   5.22 160.38 359.00  88039.72
  2.0   500.0 286.38   0.009213   5.81 142.59 334.10  88241.72
  2.0   531.0 285.18   0.008298   5.66 167.20 315.57  88425.38
  2.0   561.0 283.96   0.007766   6.01 145.54 316.49  88466.22
  2.0   592.0 285.41   0.008357   6.08 184.49 316.20  88447.46
  2.0   623.0 287.75   0.008377   6.08 248.99 308.75  88120.15
  2.0   653.0 291.37   0.007323   6.41 313.35 310.79  87948.88
  2.0   684.0 291.24   0.010428   5.00 248.53 347.99  87861.80
  2.0   714.0 289.81   0.011266   4.74 178.48 360.13  87798.76
  3.0   745.0 290.03   0.011189   5.43 192.15 355.94  87772.96
  3.0   776.0 289.26   0.011260   4.37 161.27 362.51  87860.09
  3.0   804.0 289.66   0.010680   5.09 239.22 337.91  88017.97
  3.0   835.0 289.12   0.010762   5.11 199.76 341.38  88007.06
  3.0   865.0 287.48   0.009614   5.34 187.93 324.26  88214.46
  3.0   896.0 284.96   0.008461   6.29 144.35 318.02  88482.11
  3.0   926.0 284.28   0.007911   5.54 155.79 310.89  88418.74
  3.0   957.0 285.33   0.007592   5.59 224.12 294.31  88373.67
  3.0   988.0 287.90   0.007372   6.62 263.49 299.87  88245.22
  3.0  1018.0 290.80   0.008076   6.75 274.79 318.85  88033.53
  3.0  1049.0 290.97   0.009644   5.61 263.34 336.59  87898.95
  3.0  1079.0 289.73   0.011315   4.67 188.03 358.26  87901.54
  4.0  1110.0 289.65   0.011342   4.61 184.72 361.06  87824.91
  4.0  1141.0 290.43   0.011606   4.08 206.66 358.20  87894.12
  4.0  1169.0 290.30   0.011042   4.57 241.89 343.15  87927.12
  4.0  1200.0 288.52   0.010884   5.45 161.97 351.08  88126.48
  4.0  1230.0 286.29   0.008796   5.81 190.11 313.44  88345.98
  4.0  1261.0 284.12   0.007593   5.92 176.74 306.40  88547.73
  4.0  1291.0 283.97   0.007531   5.80 173.21 303.09  88475.84
  4.0  1322.0 284.88   0.007041   6.16 224.76 293.87  88423.16
  4.0  1353.0 287.20   0.006979   6.86 257.12 301.11  88235.96
  4.0  1383.0 289.36   0.007139   6.48 311.90 299.25  88091.16
  4.0  1414.0 290.04   0.010144   5.53 277.47 331.07  87996.74
  4.0  1444.0 289.85   0.011316   3.76 192.98 357.05  87929.90
  5.0  1475.0 289.61   0.011051   4.96 168.13 357.92  87851.09
  5.0  1506.0 289.76   0.011383   4.63 164.91 359.86  87798.57
  5.0  1534.0 289.81   0.010876   5.43 231.07 341.93  88081.46
  5.0  1565.0 288.57   0.010687   5.65 170.75 349.26  88166.36
  5.0  1595.0 287.11   0.009627   5.37 161.34 333.19  88307.28
  5.0  1626.0 284.73   0.007736   5.53 188.76 299.83  88395.23
  5.0  1656.0 283.91   0.007448   6.17 155.66 307.20  88544.35
  5.0  1687.0 284.19   0.006788   6.31 221.26 286.74  88568.08
  5.0  1718.0 288.84   0.007219   6.53 297.66 292.34  88253.92
  5.0  1748.0 290.52   0.008867   6.50 271.36 327.32  88019.23
  5.0  1779.0 289.85   0.010917   5.12 206.39 352.54  87951.73
  5.0  1809.0 290.09   0.011351   4.53 215.81 354.54  87947.63
  6.0  1840.0 290.79   0.011488   5.39 220.76 357.17  87952.32
  6.0  1871.0 291.19   0.011925   3.68 212.03 358.66  87866.16
  6.0  1899.0 290.73   0.011825   4.43 209.78 354.63  87904.87
  6.0  1930.0 288.67   0.010969   5.61 160.63 349.48  88143.02
  6.0  1960.0 286.98   0.009418   5.93 180.30 325.83  88352.11
  6.0  1991.0 284.88   0.008110   6.37 156.18 312.52  88480.48
  6.0  2021.0 283.53   0.007261   5.78 159.07 306.94  88393.97
  6.0  2052.0 284.75   0.007409   6.14 199.86 299.66  88430.88
  6.0  2083.0 287.62   0.008242   6.40 221.74 313.70  88272.70
  6.0  2113.0 290.51   0.008501   5.92 274.26 321.27  87943.62
  6.0  2144.0 289.90   0.010912   4.85 204.72 351.87  87872.84
  6.0  2174.0 289.47   0.011181   3.99 188.38 356.52  87822.29
  7.0  2205.0 290.02   0.011276   5.48 190.73 355.74  87704.67
  7.0  2236.0 289.97   0.011163   3.70 173.87 357.69  87833.52
  7.0  2264.0 289.98   0.011726   3.91 173.66 362.40  87930.77
  7.0  2295.0 288.11   0.010564   5.96 138.84 352.25  88179.67
  7.0  2325.0 286.09   0.008952   5.80 168.90 322.62  88237.75
  7.0  2356.0 284.25   0.008029   5.89 146.43 316.40  88355.40
  7.0  2386.0 283.98   0.007442   5.63 180.59 302.14  88357.96
  7.0  2417.0 285.05   0.007670   5.51 208.96 298.61  88346.06
  7.0  2448.0 287.59   0.007321   6.57 262.88 298.18  88183.45
  7.0  2478.0 289.05   0.007632   6.65 289.39 306.76  88123.38
  7.0  2509.0 290.44   0.009287   5.75 260.63 333.41  88036.36
  7.0  2539.0 289.41   0.011127   4.30 196.69 355.54  87902.80
  8.0  2570.0 289.82   0.011110   4.33 215.71 353.70  87891.30
  8.0  2601.0 290.01   0.011454   4.80 202.54 358.11  87971.06
  8.0  2629.0 290.07   0.011357   4.92 233.02 346.51  87975.64
  8.0  2660.0 288.24   0.010834   5.79 125.07 357.16  88134.17
  8.0  2690.0 286.76   0.009408   5.63 148.49 333.81  88217.05
  8.0  2721.0 283.65   0.007091   5.70 198.50 289.61  88406.93
  8.0  2751.0 284.25   0.007936   6.32 151.44 313.36  88478.72
  8.0  2782.0 284.99   0.007796   5.71 205.52 301.39  88425.83
  8.0  2813.0 287.51   0.008270   6.28 255.24 305.55  88167.23
  8.0  2843.0 289.29   0.009379   6.29 248.72 328.22  88102.03
  8.0  2874.0 290.34   0.010144   5.35 250.41 341.12  87965.71
  8.0  2904.0 289.78   0.011534   4.40 188.20 360.36  88025.23
  9.0  2935.0 290.07   0.011551   5.26 180.08 362.47  87844.12
  9.0  2966.0 290.37   0.011381   4.53 222.09 354.42  88008.81
  9.0  2994.0 290.09   0.011901   4.24 185.94 360.88  88004.12
  9.0  3025.0 289.12   0.010898   5.10 201.91 341.27  88126.70
  9.0  3055.0 286.46   0.009193   5.86 164.17 328.46  88366.01
  9.0  3086.0 284.10   0.007610   5.36 161.09 307.55  88392.67
  9.0  3116.0 283.51   0.007375   5.50 167.70 303.04  88473.72
  9.0  3147.0 284.07   0.007245   6.17 203.38 294.55  88392.04
  9.0  3178.0 287.27   0.008079   6.16 253.88 303.96  88185.64
  9.0  3208.0 289.74   0.007761   6.88 290.60 310.34  88001.23
  9.0  3239.0 290.57   0.009960   5.46 250.06 339.88  87838.84
  9.0  3269.0 289.81   0.010871   5.48 207.39 354.31  87708.72
 10.0  3300.0 289.63   0.010973   5.71 172.24 358.93  87745.25
 10.0  3331.0 290.06   0.011467   3.52 183.07 359.56  87831.20
 10.0  3359.0 289.63   0.011052   4.90 235.20 345.41  87973.78
 10.0  3390.0 288.55   0.010596   5.85 179.49 343.97  88134.86
 10.0  3420.0 285.39   0.008484   6.27 161.42 321.55  88325.95
 10.0  3451.0 283.87   0.007281   5.66 185.32 293.78  88421.72
 10.0  3481.0 283.47   0.006856   5.42 197.91 286.48  88417.20
 10.0  3512.0 285.46   0.007046   6.19 229.77 292.11  88434.58
 10.0  3543.0 288.44   0.006835   6.51 283.72 299.31  88203.76
 10.0  3573.0 290.73   0.006849   6.49 332.97 301.63  88006.11
 10.0  3604.0 291.34   0.009838   5.63 264.81 339.76  87849.58
 10.0  3634.0 289.99   0.010972   6.01 193.64 355.43  87726.81
 11.0  3665.0 289.44   0.011021   3.76 192.39 353.50  87899.55
 11.0  3696.0 290.68   0.011344   4.27 228.58 349.93  87877.40
 11.0  3724.0 290.27   0.011287   5.10 219.64 350.21  88048.57
 11.0  3755.0 288.93   0.011199   5.58 152.76 355.41  88114.63
 11.0  3785.0 286.66   0.009185   5.78 165.54 328.69  88257.48
 11.0  3816.0 284.70   0.007501   5.13 190.50 297.04  88335.07
 11.0  3846.0 283.77   0.006784   5.89 190.45 290.30  88422.61
 11.0  3877.0 285.74   0.007230   6.33 225.47 294.71  88421.71
 11.0  3908.0 289.22   0.006204   7.06 310.23 288.07  88206.95
 11.0  3938.0 290.33   0.008358   6.86 287.66 317.37  88062.45
 11.0  3969.0 290.91   0.009934   5.97 282.02 333.96  87930.57
 11.0  3999.0 289.87   0.011610   4.09 169.83 364.23  87834.58
 12.0  4030.0 289.85   0.011145   5.62 177.29 358.19  87811.16
 12.0  4061.0 291.22   0.011675   4.44 230.74 355.90  87802.95
 12.0  4089.0 290.77   0.011560   5.11 242.48 345.89  87918.50
 12.0  4120.0 287.80   0.010180   5.78 156.22 343.19  88130.49
 12.0  4150.0 285.71   0.008730   5.85 161.04 320.19  88346.62
 12.0  4181.0 283.66   0.007271   5.66 184.71 295.01  88378.54
 12.0  4211.0 283.86   0.007289   5.76 185.00 294.32  88457.41
 12.0  4242.0 284.62   0.007423   6.17 203.48 297.42  88378.95
 12.0  4273.0 287.82   0.007560   6.47 257.58 302.12  88241.88
 12.0  4303.0 291.39   0.007471   6.64 310.40 312.30  88048.16
 12.0  4334.0 290.96   0.009849   5.38 271.76 335.09  87921.68
 12.0  4364.0 289.73   0.011344   4.09 194.30 359.24  87966.71
 13.0  4395.0 289.65   0.011521   4.05 175.45 359.67  88000.58
 13.0  4426.0 290.38   0.011757   4.18 206.29 358.42  87903.02
 13.0  4454.0 290.31   0.011499   4.83 227.79 351.72  87954.77
 13.0  4485.0 288.99   0.010987   5.45 181.69 347.56  88167.73
 13.0  4515.0 287.74   0.010050   5.66 171.26 335.36  88233.10
 13.0  4546.0 285.20   0.008393   6.07 160.06 316.16  88446.97
 13.0  4576.0 284.53   0.007615   5.77 191.02 299.40  88428.86
 13.0  4607.0 285.48   0.007200   6.13 227.75 292.88  88419.77
 13.0  4638.0 288.79   0.006607   6.75 287.42 291.61  88208.15
 13.0  4668.0 289.87   0.008622   6.78 254.50 326.34  88120.03
 13.0  4699.0 290.18   0.010880   5.22 242.24 347.20  87934.41
 13.0  4729.0 290.21   0.011758   4.18 201.51 359.80  87861.12
 14.0  4760.0 290.33   0.011420   5.86 192.60 359.74  87846.96
 14.0  4791.0 290.38   0.011671   4.34 209.48 357.38  87920.82
 14.0  4819.0 289.85   0.011143   5.03 234.82 345.37  88026.03
 14.0  4850.0 288.66   0.010853   5.74 167.44 348.09  88163.77
 14.0  4880.0 286.63   0.009171   5.62 191.56 320.95  88254.09
 14.0  4911.0 284.51   0.007757   6.04 172.02 306.21  88387.03
 14.0  4941.0 284.26   0.007355   6.02 180.94 301.06  88501.02
 14.0  4972.0 285.87   0.007395   5.94 220.41 295.34  88336.70
 14.0  5003.0 288.33   0.007661   6.36 262.59 306.83  88143.27
 14.0  5033.0 288.48   0.008856   6.26 223.42 327.47  88098.33
 14.0  5064.0 289.72   0.010464   5.44 243.40 340.35  87869.02
 14.0  5094.0 289.61   0.011249   4.47 185.61 358.62  87857.02
 15.0  5125.0 289.32   0.010832   5.70 177.52 356.05  87800.73
 15.0  5156.0 290.04   0.011443   3.56 193.36 358.88  87986.45
 15.0  5184.0 290.27   0.011215   5.11 249.37 342.56  87978.19
 15.0  5215.0 289.33   0.011266   5.24 177.08 353.11  88046.27
 15.0  5245.0 287.40   0.009510   5.47 184.06 325.64  88209.17
 15.0  5276.0 284.83   0.008069   6.18 167.64 307.91  88428.08
 15.0  5306.0 284.35   0.007685   6.02 173.71 303.99  88440.46
 15.0  5337.0 285.42   0.007351   6.24 216.35 297.02  88351.52
 15.0  5368.0 288.33   0.007251   6.65 264.39 306.38  88226.62
 15.0  5398.0 290.91   0.008029   6.63 289.78 317.30  88012.59
 15.0  5429.0 290.18   0.010323   5.81 242.37 339.88  87917.98
 15.0  5459.0 289.46   0.011605   4.11 147.95 366.29  87914.97
 16.0  5490.0 289.96   0.011090   5.10 192.43 356.10  87810.59
 16.0  5521.0 290.02   0.011698   4.10 182.74 361.21  87826.54
 16.0  5549.0 289.91   0.011112   5.37 220.00 346.81  88036.77
 16.0  5580.0 288.88   0.011013   5.59 142.72 357.13  88191.57
 16.0  5610.0 286.56   0.009207   5.80 155.76 329.40  88298.92
 16.0  5641.0 285.13   0.007982   5.63 188.26 303.01  88362.92
 16.0  5671.0 283.44   0.007104   6.16 182.63 294.08  88482.37
 16.0  5702.0 285.85   0.007690   5.80 218.66 299.29  88375.73
 16.0  5733.0 288.70   0.007427   6.44 264.56 304.28  88229.58
 16.0  5763.0 289.59   0.009036   6.35 256.03 323.83  88086.30
 16.0  5794.0 289.39   0.010400   5.04 221.48 342.04  88020.91
 16.0  5824.0 289.90   0.011666   3.62 185.25 360.99  87875.10
 17.0  5855.0 290.12   0.011261   4.86 179.39 358.14  87843.17
 17.0  5886.0 291.03   0.011276   3.76 240.11 349.56  87862.26
 17.0  5914.0 290.63   0.011519   5.00 243.42 348.87  88020.56
 17.0  5945.0 289.21   0.011116   5.69 176.54 351.05  88129.89
 17.0  5975.0 286.48   0.009362   6.04 134.25 341.74  88316.33
 17.0  6006.0 284.95   0.008183   5.28 164.15 314.03  88283.90
 17.0  6036.0 283.38   0.006764   5.93 204.26 285.53  88417.60
 17.0  6067.0 285.06   0.007633   6.64 189.05 308.83  88478.15
 17.0  6098.0 287.15   0.007792   6.60 255.75 299.85  88286.20
 17.0  6128.0 289.87   0.008876   6.72 274.80 323.56  88023.91
 17.0  6159.0 290.28   0.010375   5.51 253.96 338.25  87900.11
 17.0  6189.0 289.63   0.011255   4.77 177.28 359.84  87758.26
 18.0  6220.0 290.10   0.010839   5.35 210.07 353.22  87883.82
 18.0  6251.0 290.47   0.011827   4.51 202.00 358.70  87837.23
 18.0  6279.0 290.64   0.011469   4.29 229.84 349.07  87919.18
 18.0  6310.0 289.24   0.011100   5.52 177.18 350.24  88040.02
 18.0  6340.0 287.52   0.009919   5.85 161.79 333.88  88205.74
 18.0  6371.0 285.63   0.008426   5.67 184.41 306.58  88353.52
 18.0  6401.0 284.66   0.007238   5.70 204.57 290.20  88247.41
 18.0  6432.0 285.85   0.007531   6.09 223.44 299.20  88228.32
 18.0  6463.0 287.30   0.007000   6.65 265.43 296.01  88219.62
 18.0  6493.0 288.61   0.008488   6.62 246.80 316.51  88130.61
 18.0  6524.0 290.61   0.009624   5.86 267.12 335.11  87953.21
 18.0  6554.0 290.04   0.010919   4.25 204.36 351.50  87925.27
 19.0  6585.0 290.35   0.010820   4.97 241.73 349.44  87862.42
 19.0  6616.0 290.96   0.011231   4.23 202.50 360.07  87802.96
 19.0  6644.0 290.22   0.010816   4.65 236.50 340.32  88026.66
 19.0  6675.0 289.04   0.010969   5.39 166.92 351.02  88121.80
 19.0  6705.0 286.23   0.008833   5.87 182.73 317.42  88269.78
 19.0  6736.0 285.21   0.008227   5.72 161.35 313.76  88467.19
 19.0  6766.0 284.58   0.007635   5.87 182.29 304.09  88505.16
 19.0  6797.0 285.16   0.006847   6.34 218.32 293.68  88505.32
 19.0  6828.0 288.37   0.007189   6.62 258.04 303.76  88313.49
 19.0  6858.0 291.02   0.008533   6.35 262.05 329.55  88076.24
 19.0  6889.0 289.90   0.010842   5.35 244.96 342.58  88084.62
 19.0  6919.0 290.25   0.011572   4.25 209.97 357.38  87912.41
 20.0  6950.0 290.68   0.011209   4.78 223.03 353.30  87916.38
 20.0  6981.0 291.11   0.012075   4.21 221.32 358.86  87990.59
 20.0  7009.0 290.95   0.011834   4.71 217.16 355.25  87969.92
 20.0  7040.0 289.03   0.011200   5.71 157.70 354.69  88215.70
 20.0  7070.0 287.04   0.009073   5.24 201.82 316.72  88224.13
 20.0  7101.0 284.98   0.007742   5.70 184.43 303.27  88350.28
 20.0  7131.0 284.60   0.007968   5.94 161.59 312.91  88405.43
 20.0  7162.0 285.49   0.007944   5.99 191.58 307.66  88357.40
 20.0  7193.0 286.99   0.007911   6.92 220.57 314.86  88310.48
 20.0  7223.0 288.68   0.008637   6.54 247.10 321.02  88080.70
 20.0  7254.0 288.97   0.009728   5.67 227.18 335.01  88037.41
 20.0  7284.0 290.10   0.011099   4.40 236.85 348.64  87839.83
 21.0  7315.0 290.65   0.011627   3.25 219.59 355.76  87811.12
 21.0  7346.0 290.13   0.011271   4.02 208.42 354.19  87840.65
 21.0  7374.0 290.11   0.011204   4.46 237.58 346.75  87906.95
 21.0  7405.0 288.52   0.010944   5.66 138.54 356.94  88055.38
 21.0  7435.0 286.78   0.009133   5.05 180.40 323.71  88215.70
 21.0  7466.0 284.40   0.007900   5.91 155.59 312.64  88409.53
 21.0  7496.0 284.16   0.007348   5.76 180.07 300.34  88386.88
 21.0  7527.0 285.76   0.006881   6.19 242.77 288.18  88251.10
 21.0  7558.0 288.50   0.006493   6.88 299.95 292.78  88238.18
 21.0  7588.0 289.63   0.008823   6.02 274.73 319.41  88016.36
 21.0  7619.0 289.58   0.009984   5.34 262.32 332.14  87889.03
 21.0  7649.0 289.96   0.010938   5.32 209.92 350.91  87779.12
 22.0  7680.0 290.27   0.011033   6.09 212.67 353.38  87766.99
 22.0  7711.0 290.29   0.011072   5.55 214.31 353.01  87762.03
 22.0  7739.0 289.58   0.011407   4.56 176.75 356.10  88008.84
 22.0  7770.0 288.36   0.010181   5.59 206.50 332.90  88188.73
 22.0  7800.0 286.71   0.009330   5.91 173.40 324.63  88255.79
 22.0  7831.0 284.31   0.007782   6.55 152.05 310.12  88495.09
 22.0  7861.0 283.61   0.007291   6.03 155.93 308.07  88487.98
 22.0  7892.0 284.87   0.007415   6.30 192.94 305.16  88488.27
 22.0  7923.0 288.20   0.007508   6.65 262.00 304.30  88238.83
 22.0  7953.0 289.78   0.008863   6.40 251.09 330.41  87992.08
 22.0  7984.0 289.48   0.010970   5.17 224.39 348.37  87975.73
 22.0  8014.0 289.81   0.011514   4.74 201.94 357.84  87901.52
 23.0  8045.0 290.22   0.011649   3.89 190.02 360.93  87824.10
 23.0  8076.0 289.51   0.010968   5.20 174.38 358.14  87880.17
 23.0  8104.0 290.50   0.011725   4.40 212.86 354.27  88081.06
 23.0  8135.0 289.12   0.011054   5.26 171.51 352.34  88153.65
 23.0  8165.0 286.74   0.009242   6.02 177.19 324.46  88340.72
 23.0  8196.0 283.89   0.007405   5.93 179.75 298.74  88403.08
 23.0  8226.0 282.95   0.007005   6.18 142.05 309.68  88536.08
 23.0  8257.0 284.29   0.006956   6.15 216.99 288.07  88431.74
 23.0  8288.0 287.53   0.008143   6.69 228.77 311.91  88380.36
 23.0  8318.0 289.73   0.008456   6.60 279.60 314.81  88101.23
 23.0  8349.0 290.63   0.009608   5.78 263.52 335.01  87914.30
 23.0  8379.0 290.17   0.010881   5.36 213.67 354.96  87830.11
 24.0  8410.0 289.77   0.010769   6.21 161.80 359.79  87853.77
 24.0  8441.0 290.12   0.011039   4.69 174.91 359.05  87876.23
 24.0  8469.0 290.16   0.011309   5.09 217.51 351.87  88039.95
 24.0  8500.0 288.21   0.010529   5.81 149.36 349.78  88166.33
 24.0  8530.0 286.77   0.009330   5.90 166.75 327.86  88275.77
 24.0  8561.0 284.14   0.007565   5.95 175.26 300.04  88374.77
 24.0  8591.0 283.54   0.007230   6.27 161.06 307.04  88475.84
 24.0  8622.0 285.55   0.007644   5.87 214.77 301.21  88303.49
 24.0  8653.0 288.44   0.007307   6.58 276.46 298.27  88220.09
 24.0  8683.0 291.21   0.007458   6.85 309.10 307.85  88096.74
 24.0  8714.0 289.99   0.010640   5.29 205.72 353.81  87929.69
 24.0  8744.0 290.61   0.011521   4.06 220.41 358.39  87844.68
 25.0  8775.0 290.51   0.011190   6.24 201.11 357.89  87764.19
 25.0  8806.0 290.82   0.011178   5.64 232.97 350.31  87923.15
 25.0  8834.0 289.86   0.011358   5.41 204.34 355.24  88030.08
 25.0  8865.0 288.83   0.010940   5.85 160.68 351.68  88166.77
 25.0  8895.0 286.79   0.009379   6.06 168.04 329.70  88360.65
 25.0  8926.0 285.94   0.008682   5.32 173.00 314.65  88342.45
 25.0  8956.0 284.69   0.007791   5.84 164.99 309.18  88473.84
 25.0  8987.0 286.63   0.007334   6.29 242.60 293.90  88329.03
 25.0  9018.0 288.84   0.007071   6.82 278.60 300.57  88208.19
 25.0  9048.0 290.34   0.008770   6.73 264.96 327.30  88080.25
 25.0  9079.0 290.76   0.010024   5.63 276.20 337.32  87891.95
 25.0  9109.0 289.84   0.011207   4.64 201.10 354.55  87812.64
 26.0  9140.0 290.05   0.011191   6.07 189.39 357.46  87739.81
 26.0  9171.0 290.07   0.011651   4.27 201.67 359.58  87981.91
 26.0  9199.0 289.92   0.011273   5.04 204.14 352.87  88053.00
 26.0  9230.0 288.83   0.010900   5.52 170.93 349.06  88111.33
 26.0  9260.0 286.90   0.009579   5.84 151.57 332.31  88304.85
 26.0  9291.0 284.40   0.007786   5.84 163.55 310.60  88461.47
 26.0  9321.0 283.86   0.007610   6.01 160.70 308.55  88537.44
 26.0  9352.0 284.26   0.007137   6.31 202.51 296.51  88541.99
 26.0  9383.0 287.12   0.007719   6.79 235.02 307.94  88339.23
 26.0  9413.0 289.72   0.009220   6.25 261.63 331.00  88037.16
 26.0  9444.0 289.57   0.010482   5.05 231.76 340.42  87969.96
 26.0  9474.0 289.72   0.011459   4.39 198.13 358.05  87962.27
 27.0  9505.0 289.70   0.010649   6.15 204.34 351.08  87827.89
 27.0  9536.0 290.03   0.011481   4.41 225.63 353.16  88080.88
 27.0  9564.0 289.85   0.011154   4.52 212.82 349.59  87957.71
 27.0  9595.0 289.20   0.011283   5.51 151.92 357.98  88149.85
 27.0  9625.0 286.11   0.008854   5.92 170.64 319.42  88260.04
 27.0  9656.0 285.13   0.008290   5.93 159.15 319.41  88450.72
 27.0  9686.0 283.67   0.007389   6.49 167.39 303.82  88580.76
 27.0  9717.0 284.73   0.007505   5.86 192.96 302.46  88450.70
 27.0  9748.0 287.85   0.007752   6.72 253.18 307.42  88208.17
 27.0  9778.0 290.30   0.008504   6.90 267.18 324.45  88060.49
 27.0  9809.0 289.46   0.010463   5.86 193.11 349.36  88031.72
 27.0  9839.0 290.36   0.011573   4.74 235.54 352.89  87851.93
 28.0  9870.0 290.07   0.011694   4.13 176.68 362.84  87925.15
 28.0  9901.0 290.29   0.011773   4.47 179.83 362.93  87857.32
 28.0  9929.0 290.45   0.011755   4.36 196.86 359.65  88067.57
 28.0  9960.0 287.90   0.010323   5.70 153.98 348.41  88185.22
 28.0  9990.0 285.70   0.008596   5.79 160.32 323.93  88358.09
 28.0 10021.0 284.93   0.008269   5.82 151.17 319.35  88403.40
 28.0 10051.0 284.06   0.007459   6.33 179.91 301.83  88441.17
 28.0 10082.0 284.91   0.007309   5.85 209.00 302.90  88290.62
 28.0 10113.0 288.09   0.007855   6.37 263.18 302.59  88061.91
 28.0 10143.0 290.15   0.008486   6.37 277.83 319.99  87901.35
 28.0 10174.0 289.88   0.010728   4.66 213.89 348.11  87866.04
 28.0 10204.0 289.67   0.011127   5.01 198.93 354.44  87724.62
 29.0 10235.0 289.25   0.010952   5.25 166.38 358.65  87807.29
 29.0 10266.0 289.86   0.011083   5.23 180.44 357.44  87732.53
 29.0 10294.0 289.69   0.011187   4.53 203.13 350.85  87871.41
 29.0 10325.0 288.88   0.010905   5.74 156.47 354.13  87982.26
 29.0 10355.0 286.32   0.008945   6.07 175.99 318.98  88255.45
 29.0 10386.0 283.96   0.007611   6.32 161.34 306.13  88436.26
 29.0 10416.0 283.85   0.007768   6.20 138.31 314.17  88426.74
 29.0 10447.0 284.86   0.007721   5.71 198.95 303.46  88262.03
 29.0 10478.0 287.52   0.007543   6.29 269.23 291.78  88128.52
 29.0 10508.0 291.33   0.007426   6.40 307.97 311.95  87886.77
 29.0 10539.0 291.10   0.009346   5.60 255.30 337.59  87871.84
 29.0 10569.0 289.73   0.011097   4.38 194.73 354.46  87793.22
 30.0 10600.0 289.57   0.011132   3.80 200.51 355.10  87860.49
 30.0 10631.0 289.81   0.011380   3.73 186.20 358.80  87814.90
 30.0 10659.0 290.01   0.011195   4.73 239.92 345.70  87899.88
 30.0 10690.0 288.87   0.011025   5.69 165.46 352.88  88072.84
 30.0 10720.0 286.57   0.009312   5.87 158.29 331.42  88350.04
 30.0 10751.0 284.65   0.008132   5.87 154.34 316.40  88492.55
 30.0 10781.0 283.73   0.007391   6.06 167.67 306.00  88555.79
 30.0 10812.0 284.54   0.007084   6.23 215.85 293.21  88527.57
 30.0 10843.0 287.71   0.006866   6.87 288.73 291.71  88241.32
 30.0 10873.0 291.20   0.007732   6.60 311.56 311.65  88007.39
 30.0 10904.0 290.44   0.011550   4.56 219.04 356.72  87823.03
 30.0 10934.0 289.95   0.011527   4.28 189.76 359.89  87908.34
 31.0 10965.0 290.44   0.011732   5.23 172.41 365.58  87855.51
 31.0 10996.0 290.40   0.011762   4.51 180.08 363.73  87905.94
 31.0 11024.0 289.83   0.011630   4.07 165.55 361.42  87955.20
 31.0 11055.0 288.21   0.010481   5.76 164.46 344.69  88208.30
 31.0 11085.0 286.36   0.009235   6.13 155.66 330.37  88379.41
 31.0 11116.0 284.36   0.007769   5.36 163.77 310.42  88433.46
 31.0 11146.0 283.86   0.007593   5.57 143.56 318.80  88393.21
 31.0 11177.0 285.21   0.007998   6.06 187.14 310.68  88375.78
 31.0 11208.0 287.87   0.007211   6.60 283.64 291.75  88244.03
 31.0 11238.0 291.07   0.008343   6.69 301.37 316.95  87860.01
 31.0 11269.0 290.47   0.010207   5.14 281.39 334.04  87872.40
 31.0 11299.0 289.84   0.011546   4.04 191.66 358.93  87843.36
 32.0 11330.0 289.83   0.011347   4.32 189.10 359.30  87833.18
 32.0 11361.0 289.60   0.011072   4.73 165.57 359.59  87843.13
 32.0 11389.0 289.92   0.011439   3.85 187.02 357.80  87853.59
 32.0 11420.0 288.46   0.010883   5.36 145.06 355.27  88067.81
 32.0 11450.0 286.35   0.008944   5.66 174.46 322.14  88186.64
 32.0 11481.0 283.88   0.007704   5.99 154.38 310.41  88397.65
 32.0 11511.0 282.62   0.007117   5.80 136.04 312.40  88387.98
 32.0 11542.0 284.16   0.007550   6.00 186.32 305.63  88389.29
 32.0 11573.0 286.14   0.007529   5.65 245.43 297.56  88201.33
 32.0 11603.0 289.30   0.008457   6.46 274.69 316.10  87996.76
 32.0 11634.0 291.12   0.010190   4.91 270.00 337.26  87833.31
 32.0 11664.0 289.49   0.011154   4.46 173.92 357.48  87810.16
 33.0 11695.0 289.43   0.011074   5.62 175.39 358.47  87760.62
 33.0 11726.0 289.31   0.010696   6.00 176.79 353.75  87750.07
 33.0 11754.0 289.33   0.010990   5.01 204.70 347.51  88001.79
 33.0 11785.0 288.68   0.010524   5.38 172.93 343.75  88164.59
 33.0 11815.0 286.58   0.009152   5.78 176.62 322.79  88309.76
 33.0 11846.0 283.90   0.007697   5.81 159.88 314.28  88450.54
 33.0 11876.0 283.93   0.007634   6.20 153.48 310.57  88556.03
 33.0 11907.0 284.38   0.007454   6.05 187.67 303.25  88422.57
 33.0 11938.0 286.50   0.007755   6.59 239.94 301.50  88312.64
 33.0 11968.0 290.34   0.007627   6.54 305.27 310.82  88058.39
 33.0 11999.0 290.85   0.010430   4.51 223.53 351.02  87767.55
 33.0 12029.0 289.53   0.011248   4.14 183.51 356.22  87923.55
 34.0 12060.0 289.43   0.011530   4.23 153.30 365.25  87841.76
 34.0 12091.0 290.15   0.011324   5.67 204.75 354.99  87768.97
 34.0 12119.0 290.66   0.011370   4.24 247.10 346.16  87885.94
 34.0 12150.0 288.82   0.010956   5.45 170.23 349.26  88123.60
 34.0 12180.0 286.69   0.009275   5.58 144.21 339.04  88338.23
 34.0 12211.0 285.34   0.008210   5.37 180.05 308.33  88368.45
 34.0 12241.0 284.50   0.007903   5.75 164.70 310.07  88304.87
 34.0 12272.0 284.97   0.007572   5.78 219.02 296.71  88407.12
 34.0 12303.0 288.06   0.007021   6.49 288.40 294.87  88183.80
 34.0 12333.0 290.87   0.007982   6.76 292.16 317.13  87999.52
 34.0 12364.0 291.66   0.008806   6.12 278.94 331.83  87918.32
 34.0 12394.0 290.35   0.011111   4.85 202.04 358.40  87814.80
 35.0 12425.0 289.92   0.011382   4.10 187.97 360.63  87840.35
 35.0 12456.0 290.12   0.011308   3.81 208.76 353.10  87831.54
 35.0 12484.0 289.87   0.011542   4.56 202.03 356.77  87904.14
 35.0 12515.0 288.39   0.010572   5.63 153.86 349.87  88174.30
 35.0 12545.0 286.12   0.008803   5.76 174.65 321.44  88299.47
 35.0 12576.0 284.48   0.008070   5.57 154.77 314.92  88404.18
 35.0 12606.0 282.60   0.006782   6.29 164.01 294.70  88498.07
 35.0 12637.0 285.04   0.007724   5.63 199.01 306.25  88365.77
 35.0 12668.0 287.59   0.008400   6.25 234.16 312.37  88175.07
 35.0 12698.0 289.06   0.009055   6.63 235.73 327.81  88031.45
 35.0 12729.0 290.51   0.009851   5.26 284.36 330.01  87871.62
 35.0 12759.0 290.14   0.011376   4.55 212.31 355.98  87775.34
 36.0 12790.0 289.76   0.010906   6.60 181.00 356.29  87684.70
 36.0 12821.0 289.82   0.011100   5.32 184.58 356.69  87754.11
 36.0 12849.0 289.89   0.011106   5.12 233.34 344.49  87912.09
 36.0 12880.0 288.55   0.010968   5.56 131.89 357.94  88107.83
 36.0 12910.0 286.05   0.008751   5.55 182.04 317.36  88261.16
 36.0 12941.0 285.00   0.008082   5.17 157.92 312.43  88290.06
 36.0 12971.0 283.89   0.007412   5.95 169.90 301.86  88494.93
 36.0 13002.0 285.73   0.007328   6.10 234.89 293.93  88310.38
 36.0 13033.0 288.14   0.006733   7.00 287.28 292.25  88285.71
 36.0 13063.0 289.88   0.008054   6.80 295.07 312.78  88060.83
 36.0 13094.0 290.13   0.010050   5.34 228.93 341.38  87920.58
 36.0 13124.0 289.40   0.010989   4.29 181.10 355.44  87903.16
 37.0 13155.0 290.10   0.011056   4.83 197.56 353.87  87901.30
 37.0 13186.0 290.25   0.011297   3.65 196.88 358.36  87882.29
 37.0 13214.0 289.93   0.011397   4.71 184.43 356.48  88013.01
 37.0 13245.0 288.03   0.010830   5.83 109.24 361.21  88175.12
 37.0 13275.0 286.07   0.009054   6.01 143.61 335.20  88237.62
 37.0 13306.0 283.70   0.007249   6.02 175.50 301.55  88485.39
 37.0 13336.0 283.43   0.007519   6.33 140.67 315.62  88575.91
 37.0 13367.0 284.46   0.007548   5.80 204.20 298.38  88420.58
 37.0 13398.0 286.93   0.008106   6.26 242.03 308.16  88265.34
 37.0 13428.0 289.69   0.008226   6.74 268.82 318.31  88146.91
 37.0 13459.0 290.59   0.010345   5.84 247.01 340.97  87842.28
 37.0 13489.0 289.82   0.011210   5.04 200.03 358.37  87871.43
 38.0 13520.0 289.77   0.011529   4.25 181.90 359.49  87861.86
 38.0 13551.0 289.83   0.011346   4.55 191.58 357.76  87930.43
 38.0 13579.0 290.08   0.011615   4.09 212.66 354.75  87913.62
 38.0 13610.0 288.41   0.010802   5.34 140.10 354.12  88088.44
 38.0 13640.0 285.67   0.008650   5.23 172.57 316.68  88282.12
 38.0 13671.0 284.60   0.007400   5.27 193.99 296.57  88312.27
 38.0 13701.0 284.14   0.007401   5.81 183.34 302.50  88395.46
 38.0 13732.0 284.78   0.007064   5.91 218.11 291.99  88402.17
 38.0 13763.0 287.74   0.007184   6.76 271.08 298.74  88167.93
 38.0 13793.0 289.09   0.008684   6.32 271.65 317.81  88105.32
 38.0 13824.0 290.17   0.008907   5.99 281.98 323.18  88044.41
 38.0 13854.0 290.65   0.010123   4.64 212.73 352.85  87786.25
 39.0 13885.0 289.20   0.010820   5.41 149.52 360.27  87785.30
 39.0 13916.0 289.79   0.010930   3.73 191.52 354.29  87873.10
 39.0 13944.0 289.28   0.011061   4.96 175.17 359.39  88042.91
 39.0 13975.0 288.04   0.010265   5.69 160.85 348.63  88206.42
 39.0 14005.0 286.84   0.009505   6.13 160.35 332.05  88314.91
 39.0 14036.0 284.88   0.008001   5.63 166.71 313.46  88477.57
 39.0 14066.0 283.95   0.007653   5.89 160.92 308.38  88506.77
 39.0 14097.0 285.12   0.008049   5.87 192.41 309.33  88376.09
 39.0 14128.0 286.96   0.007562   6.48 263.33 296.85  88281.06
 39.0 14158.0 289.87   0.009010   6.56 261.82 324.58  87987.18
 39.0 14189.0 290.19   0.010446   5.44 221.42 350.11  87985.90
 39.0 14219.0 289.79   0.011107   4.90 225.37 355.14  87980.81
 40.0 14250.0 290.26   0.011645   4.06 181.02 364.41  87837.16
 40.0 14281.0 291.06   0.011554   6.03 207.91 359.71  87753.88
 40.0 14309.0 291.05   0.011842   4.73 234.75 353.74  87985.41
 40.0 14340.0 289.87   0.011667   5.32 161.11 361.36  88121.04
 40.0 14370.0 286.49   0.009010   5.77 172.60 326.71  88359.95
 40.0 14401.0 284.54   0.008072   5.54 158.04 313.89  88436.92
 40.0 14431.0 284.06   0.007760   5.99 169.85 307.18  88402.55
 40.0 14462.0 285.12   0.007779   5.94 210.18 299.79  88390.15
 40.0 14493.0 287.44   0.007913   6.75 255.02 304.16  88331.88
 40.0 14523.0 291.05   0.007598   6.73 311.63 311.12  88015.00
 40.0 14554.0 290.56   0.010828   5.11 229.32 352.46  87900.84
 40.0 14584.0 289.72   0.011209   3.94 192.02 355.86  87958.71
 41.0 14615.0 289.92   0.011639   3.34 171.31 363.84  87813.59
 41.0 14646.0 290.76   0.011296   4.84 205.73 354.77  87755.79
 41.0 14674.0 290.31   0.011815   4.23 198.43 357.21  87933.57
 41.0 14705.0 288.98   0.011406   5.43 133.76 361.63  88089.49
 41.0 14735.0 285.80   0.008767   5.79 161.48 323.59  88313.74
 41.0 14766.0 284.72   0.008038   5.32 161.78 311.84  88336.54
 41.0 14796.0 284.58   0.007923   5.39 160.22 311.67  88383.06
 41.0 14827.0 284.79   0.007230   5.63 223.22 291.60  88402.05
 41.0 14858.0 287.85   0.006864   6.71 290.86 289.93  88211.58
 41.0 14888.0 289.57   0.008510   6.64 266.04 320.14  87973.52
 41.0 14919.0 289.00   0.009919   5.64 256.21 329.01  87960.52
 41.0 14949.0 290.93   0.010287   5.15 268.74 340.91  87964.17
 42.0 14980.0 290.53   0.010811   4.53 245.72 346.14  87862.34
 42.0 15011.0 291.27   0.010935   4.61 248.60 346.01  87747.46
 42.0 15039.0 289.90   0.011162   5.20 213.28 347.29  87977.16
 42.0 15070.0 288.54   0.010531   5.87 173.78 345.81  88150.30
 42.0 15100.0 286.76   0.008840   5.42 194.39 315.87  88157.80
 42.0 15131.0 284.65   0.007683   6.05 143.12 319.29  88437.77
 42.0 15161.0 284.21   0.007022   6.21 177.73 300.24  88446.11
 42.0 15192.0 285.77   0.006999   6.57 217.90 298.78  88326.57
 42.0 15223.0 287.71   0.006843   6.71 261.92 303.11  88296.77
 42.0 15253.0 290.15   0.007908   6.61 276.73 314.48  88081.41
 42.0 15284.0 291.13   0.010281   4.83 251.38 345.41  87873.48
 42.0 15314.0 290.28   0.011100   4.42 181.35 358.27  87814.21
 43.0 15345.0 290.71   0.010904   4.90 207.77 357.88  87795.56
 43.0 15376.0 290.81   0.011314   4.57 187.32 363.00  87907.90
 43.0 15404.0 290.93   0.011278   4.76 225.53 352.65  87954.66
 43.0 15435.0 289.78   0.011072   5.87 188.92 350.05  88092.14
 43.0 15465.0 287.27   0.009590   6.32 146.97 336.02  88271.52
 43.0 15496.0 285.32   0.008125   6.66 165.36 315.81  88382.13
 43.0 15526.0 284.59   0.007684   6.29 158.67 311.56  88322.50
 43.0 15557.0 285.59   0.007427   6.19 198.94 303.17  88304.05
 43.0 15588.0 288.56   0.007533   6.92 275.67 300.07  88237.97
 43.0 15618.0 290.25   0.007506   7.12 284.83 312.33  88084.50
 43.0 15649.0 291.56   0.009866   5.52 269.94 342.87  87852.53
 43.0 15679.0 289.55   0.011194   4.28 168.66 361.55  87860.62
 44.0 15710.0 290.29   0.010917   6.42 206.92 354.80  87683.03
 44.0 15741.0 290.92   0.011124   4.67 242.08 350.53  87892.66
 44.0 15769.0 290.58   0.011233   4.80 235.95 347.84  87880.38
 44.0 15800.0 288.56   0.010829   5.78 141.02 354.51  88145.25
 44.0 15830.0 286.50   0.009182   6.09 158.25 325.99  88233.57
 44.0 15861.0 284.78   0.008010   5.47 168.71 309.43  88382.80
 44.0 15891.0 284.05   0.007295   5.90 179.04 299.10  88435.93
 44.0 15922.0 285.22   0.006537   6.34 243.20 285.11  88369.45
 44.0 15953.0 288.84   0.007055   6.38 283.86 298.33  88084.84
 44.0 15983.0 288.87   0.008558   6.75 270.61 315.36  88047.30
 44.0 16014.0 289.68   0.010250   5.67 231.38 338.93  87941.91
 44.0 16044.0 289.49   0.010972   4.48 187.76 356.22  87836.48
 45.0 16075.0 289.74   0.011365   4.40 178.23 359.90  87794.46
 45.0 16106.0 290.03   0.011163   4.77 222.77 350.25  87899.56
 45.0 16134.0 289.27   0.011268   4.62 165.94 359.93  87974.54
 45.0 16165.0 287.42   0.009806   5.65 159.98 340.44  88230.10
 45.0 16195.0 286.43   0.009037   5.77 178.82 323.12  88256.38
 45.0 16226.0 285.34   0.007960   4.89 196.03 298.52  88297.78
 45.0 16256.0 283.91   0.007073   5.71 203.76 288.40  88337.59
 45.0 16287.0 285.21   0.006911   6.22 234.91 287.80  88391.75
 45.0 16318.0 287.67   0.007904   6.50 234.71 310.82  88177.57
 45.0 16348.0 289.34   0.008345   6.30 282.66 310.90  87981.27
 45.0 16379.0 289.56   0.009979   5.44 211.10 342.58  87963.19
 45.0 16409.0 289.58   0.011301   4.55 166.49 363.12  87796.61
 46.0 16440.0 289.91   0.011194   6.13 176.38 361.48  87709.76
 46.0 16471.0 290.60   0.011003   5.48 225.72 348.89  87884.95
 46.0 16499.0 290.99   0.011579   4.39 237.74 351.80  87851.76
 46.0 16530.0 289.44   0.011127   5.44 181.26 351.79  88051.43
 46.0 16560.0 286.76   0.009322   5.98 159.91 331.67  88284.12
 46.0 16591.0 285.82   0.008345   4.99 196.16 303.50  88257.30
 46.0 16621.0 284.53   0.007835   6.06 165.58 308.81  88413.02
 46.0 16652.0 284.13   0.007451   5.92 194.47 301.30  88413.40
 46.0 16683.0 286.56   0.008561   6.17 206.43 316.63  88278.00
 46.0 16713.0 289.56   0.009357   6.44 260.33 324.46  88024.66
 46.0 16744.0 290.68   0.009705   5.72 280.46 331.23  87957.55
 46.0 16774.0 289.61   0.011123   4.56 211.07 353.87  87937.45
 47.0 16805.0 289.59   0.011006   5.36 182.68 358.57  87870.00
 47.0 16836.0 290.33   0.011243   4.44 205.07 354.95  87857.24
 47.0 16864.0 290.63   0.011264   4.79 242.34 347.21  87977.54
 47.0 16895.0 289.09   0.010913   5.12 180.31 347.58  88094.23
 47.0 16925.0 287.81   0.010250   5.51 154.92 340.32  88212.27
 47.0 16956.0 284.35   0.007634   5.58 186.23 299.47  88344.91
 47.0 16986.0 284.34   0.007174   5.34 193.38 293.86  88412.58
 47.0 17017.0 285.05   0.006953   5.86 226.94 291.03  88330.31
 47.0 17048.0 288.98   0.007913   6.57 261.64 310.24  88135.00
 47.0 17078.0 289.75   0.009045   6.49 245.94 329.39  88056.54
 47.0 17109.0 289.87   0.010865   4.91 227.78 346.78  87901.18
 47.0 17139.0 289.87   0.011047   4.90 232.96 348.60  87970.59
 48.0 17170.0 289.75   0.011037   5.89 186.64 355.59  87735.12
 48.0 17201.0 290.39   0.011712   4.27 200.35 361.10  87821.42
 48.0 17229.0 290.06   0.011288   4.83 229.58 348.70  88046.05
 48.0 17260.0 288.07   0.010266   5.55 168.54 343.09  88192.44
 48.0 17290.0 285.92   0.008318   5.49 181.15 318.19  88380.12
 48.0 17321.0 284.80   0.007758   5.86 165.50 307.01  88416.45
 48.0 17351.0 283.21   0.007051   6.58 155.00 305.38  88590.62
 48.0 17382.0 285.44   0.007253   5.89 206.47 300.65  88379.66
 48.0 17413.0 288.79   0.006865   6.75 294.68 292.93  88157.79
 48.0 17443.0 290.76   0.008623   6.86 285.51 320.79  88091.02
 48.0 17474.0 289.85   0.010998   5.08 206.58 354.52  87982.29
 48.0 17504.0 290.19   0.011391   4.16 230.17 352.05  87928.89
 49.0 17535.0 290.43   0.011493   4.25 240.49 352.17  87969.09
 49.0 17566.0 290.86   0.012199   3.75 191.85 364.70  87853.27
 49.0 17594.0 290.13   0.011650   4.43 168.08 361.17  88030.88
 49.0 17625.0 288.63   0.010898   6.09 145.99 356.28  88207.47
 49.0 17655.0 286.61   0.009030   6.01 177.99 326.69  88440.98
 49.0 17686.0 285.76   0.008656   5.67 164.96 320.88  88448.55
 49.0 17716.0 283.95   0.007291   6.38 179.11 298.99  88664.77
 49.0 17747.0 284.95   0.007533   6.12 206.32 301.02  88505.82
 49.0 17778.0 287.07   0.007461   6.32 244.71 300.10  88189.12
 49.0 17808.0 289.81   0.007874   6.73 273.87 314.31  88046.30
 49.0 17839.0 290.18   0.010433   5.17 234.64 347.11  87981.09
 49.0 17869.0 289.84   0.011434   4.24 205.55 357.30  87951.03
 50.0 17900.0 289.69   0.011315   4.00 178.03 360.57  87932.88
 50.0 17931.0 290.51   0.011628   4.47 238.45 351.17  87883.51
 50.0 17959.0 290.29   0.011594   4.78 213.95 355.06  87935.13
 50.0 17990.0 289.10   0.010983   5.57 189.47 346.74  88130.17
 50.0 18020.0 286.67   0.009301   5.93 172.40 327.76  88292.49
 50.0 18051.0 284.19   0.007758   6.22 154.48 309.76  88444.45
 50.0 18081.0 284.01   0.007666   5.84 149.15 315.24  88442.47
 50.0 18112.0 284.79   0.007008   6.13 224.68 286.76  88375.19
 50.0 18143.0 289.36   0.006718   6.60 301.28 291.92  88135.66
 50.0 18173.0 290.61   0.008058   6.77 299.32 314.47  88070.08
 50.0 18204.0 289.78   0.010763   5.14 238.48 343.87  88039.33
 50.0 18234.0 289.54   0.011156   4.48 179.01 359.10  87917.88
 51.0 18265.0 290.00   0.011554   4.06 185.57 361.78  87935.05
 51.0 18296.0 290.52   0.011207   4.70 238.21 351.50  87857.57
 51.0 18324.0 289.72   0.011611   4.56 179.64 361.13  87945.30
 51.0 18355.0 289.10   0.011145   5.56 162.16 352.12  88083.31
 51.0 18385.0 286.55   0.009032   5.80 187.62 319.81  88329.07
 51.0 18416.0 283.73   0.007491   5.98 166.57 303.01  88466.68
 51.0 18446.0 283.37   0.007235   5.94 164.16 300.86  88418.27
 51.0 18477.0 284.35   0.007432   6.08 178.30 310.87  88366.78
 51.0 18508.0 288.04   0.007040   6.49 288.07 292.57  88265.45
 51.0 18538.0 290.67   0.008227   6.95 285.22 316.28  88036.66
 51.0 18569.0 290.66   0.010633   4.85 240.86 350.17  87864.48
 51.0 18599.0 289.71   0.011449   4.16 177.29 361.51  87805.73
 52.0 18630.0 290.45   0.011376   4.76 200.51 358.85  87725.54
 52.0 18661.0 290.14   0.011553   4.02 187.89 359.50  87861.47
 52.0 18689.0 290.14   0.011792   4.47 196.08 356.15  87928.16
 52.0 18720.0 289.30   0.011140   5.23 186.57 348.91  87965.24
 52.0 18750.0 286.31   0.009236   6.15 158.06 328.61  88308.27
 52.0 18781.0 284.35   0.007991   5.81 143.52 316.55  88428.32
 52.0 18811.0 283.90   0.007465   5.84 188.03 300.47  88360.36
 52.0 18842.0 284.26   0.007535   6.08 186.55 304.91  88420.74
 52.0 18873.0 286.47   0.007098   6.40 269.09 291.45  88223.55
 52.0 18903.0 290.67   0.006606   6.88 334.25 296.32  88005.65
 52.0 18934.0 290.78   0.009055   5.65 279.52 331.36  87892.89
 52.0 18964.0 289.39   0.010572   5.00 228.13 344.25  87908.95
 53.0 18995.0 289.18   0.010973   3.85 179.21 357.33  87832.31
 53.0 19026.0 289.43   0.010754   4.44 237.67 343.69  87958.64
 53.0 19054.0 289.98   0.010855   4.72 241.44 341.32  87886.61
 53.0 19085.0 289.05   0.010947   5.28 185.50 345.68  88074.20
 53.0 19115.0 286.87   0.009637   6.03 151.88 333.52  88294.98
 53.0 19146.0 284.64   0.007903   5.78 167.32 309.82  88459.61
 53.0 19176.0 283.21   0.006994   6.07 175.99 293.61  88581.98
 53.0 19207.0 285.00   0.006807   6.24 216.49 294.54  88451.18
 53.0 19238.0 286.85   0.006242   7.05 273.18 289.80  88327.64
 53.0 19268.0 290.49   0.007643   6.76 309.89 309.71  88069.30
 53.0 19299.0 290.28   0.009787   5.85 259.17 332.62  88061.88
 53.0 19329.0 290.00   0.011277   4.65 213.20 352.20  87949.19
 54.0 19360.0 290.41   0.011537   4.63 201.35 360.39  87865.12
 54.0 19391.0 290.62   0.011694   4.50 224.37 355.57  88015.98
 54.0 19419.0 290.46   0.011741   4.32 215.89 354.11  88015.66
 54.0 19450.0 288.82   0.011138   5.64 144.30 357.42  88171.60
 54.0 19480.0 286.87   0.009361   6.05 175.91 326.07  88312.42
 54.0 19511.0 284.49   0.008065   5.85 134.27 324.07  88450.29
 54.0 19541.0 284.04   0.007696   5.85 148.42 313.82  88401.11
 54.0 19572.0 284.18   0.006824   6.57 231.67 286.47  88444.62
 54.0 19603.0 287.78   0.007167   6.46 273.76 300.02  88250.32
 54.0 19633.0 289.71   0.008309   6.67 281.45 313.72  88120.79
 54.0 19664.0 290.96   0.009112   5.19 300.93 323.17  87898.55
 54.0 19694.0 289.57   0.010798   4.87 181.48 354.33  87740.21
 55.0 19725.0 289.86   0.011329   4.38 198.58 358.23  87856.35
 55.0 19756.0 289.92   0.011205   3.87 184.00 357.37  87881.07
 55.0 19784.0 290.32   0.011066   4.23 239.44 343.77  87877.29
 55.0 19815.0 288.85   0.010881   5.70 157.43 351.60  88101.04
 55.0 19845.0 286.52   0.009187   5.74 164.98 326.57  88236.28
 55.0 19876.0 284.32   0.007476   6.12 182.40 299.42  88431.51
 55.0 19906.0 283.27   0.007336   5.98 146.67 311.27  88411.05
 55.0 19937.0 285.37   0.007506   5.97 220.70 297.97  88365.18
 55.0 19968.0 288.73   0.006867   6.96 283.39 294.18  88202.28
 55.0 19998.0 290.12   0.009179   6.56 261.84 326.27  88053.11
 55.0 20029.0 289.63   0.009939   5.52 264.22 330.84  87928.09
 55.0 20059.0 289.54   0.011191   4.70 177.23 358.66  87777.66
 56.0 20090.0 290.31   0.011162   6.01 214.80 354.95  87723.94
 56.0 20121.0 289.72   0.011131   6.13 173.12 357.87  87736.01
 56.0 20149.0 289.82   0.010684   4.64 224.30 342.78  87974.02
 56.0 20180.0 288.97   0.010692   5.55 186.37 342.54  88100.80
 56.0 20210.0 287.19   0.009572   5.81 181.01 324.41  88162.90
 56.0 20241.0 284.42   0.007853   5.63 161.65 311.69  88375.52
 56.0 20271.0 284.16   0.007579   5.65 172.79 303.17  88365.07
 56.0 20302.0 283.71   0.006960   6.04 193.64 295.84  88311.91
 56.0 20333.0 288.43   0.007220   7.11 286.37 295.42  88144.38
 56.0 20363.0 290.21   0.008135   6.24 278.16 317.74  87976.07
 56.0 20394.0 290.10   0.010595   5.59 248.25 340.18  87973.08
 56.0 20424.0 289.17   0.011125   4.17 172.20 360.44  87889.45
 57.0 20455.0 289.59   0.010826   4.51 180.35 354.37  87809.96
 57.0 20486.0 290.11   0.011283   3.87 197.36 356.70  87845.61
 57.0 20514.0 290.15   0.011497   4.51 229.00 350.76  87927.40
 57.0 20545.0 288.30   0.010836   5.73 144.65 355.05  88073.49
 57.0 20575.0 286.11   0.008994   5.70 156.96 327.94  88269.56
 57.0 20606.0 284.06   0.007665   6.26 163.85 308.82  88436.69
 57.0 20636.0 283.12   0.007127   5.87 156.77 304.66  88531.54
 57.0 20667.0 285.28   0.007239   5.75 228.58 287.38  88344.20
 57.0 20698.0 287.14   0.007887   6.51 243.48 306.44  88200.07
 57.0 20728.0 290.05   0.007591   6.66 304.43 307.34  88032.95
 57.0 20759.0 290.77   0.009616   5.62 273.22 334.14  87961.50
 57.0 20789.0 289.86   0.011229   3.93 205.83 354.04  87840.22
 58.0 20820.0 289.65   0.011309   3.99 165.37 361.39  87845.34
 58.0 20851.0 290.20   0.011283   4.85 188.92 357.76  87884.25
 58.0 20879.0 290.17   0.011392   4.47 235.18 347.63  87943.37
 58.0 20910.0 288.69   0.010941   5.47 149.90 353.01  88061.03
 58.0 20940.0 286.65   0.009277   5.49 166.39 326.59  88260.30
 58.0 20971.0 284.19   0.007762   5.56 160.02 308.17  88366.68
 58.0 21001.0 284.21   0.007708   6.23 167.96 306.18  88493.54
 58.0 21032.0 285.05   0.007491   6.12 204.91 304.16  88500.20
 58.0 21063.0 288.14   0.007937   6.38 259.69 307.28  88136.33
 58.0 21093.0 289.72   0.008404   6.61 270.18 320.86  88023.91
 58.0 21124.0 290.14   0.010294   5.46 255.59 338.64  87963.66
 58.0 21154.0 290.21   0.010928   5.22 235.95 348.67  87897.04
 59.0 21185.0 290.11   0.011457   4.84 185.99 361.37  87820.02
 59.0 21216.0 290.79   0.011544   5.06 226.11 356.06  87849.14
 59.0 21244.0 290.07   0.011687   4.34 178.74 359.70  87928.71
 59.0 21275.0 289.13   0.011585   5.30 123.30 363.88  88130.53
 59.0 21305.0 287.27   0.009756   5.74 167.79 332.16  88244.95
 59.0 21336.0 284.09   0.007668   6.13 170.90 302.36  88490.08
 59.0 21366.0 283.53   0.007049   5.83 182.78 293.93  88482.07
 59.0 21397.0 285.28   0.006978   5.99 238.10 287.91  88305.07
 59.0 21428.0 288.96   0.006994   6.36 277.62 300.99  88114.12
 59.0 21458.0 290.53   0.007475   5.79 309.86 305.86  87987.24
 59.0 21489.0 290.75   0.009405   5.93 259.74 334.72  87932.88
 59.0 21519.0 290.24   0.010842   5.15 204.15 354.07  87854.43
 60.0 21550.0 290.16   0.010856   4.32 191.35 354.20  87870.84
 60.0 21581.0 289.82   0.011045   4.56 173.83 359.04  87882.59
 60.0 21609.0 290.03   0.011196   4.59 210.86 351.43  88046.91
 60.0 21640.0 288.97   0.011180   5.66 138.43 361.25  88149.77
 60.0 21670.0 287.01   0.009448   6.11 176.67 328.44  88266.05
 60.0 21701.0 285.00   0.008107   5.76 163.64 312.00  88382.41
 60.0 21731.0 284.07   0.007523   6.16 148.86 311.03  88488.78
 60.0 21762.0 284.75   0.007908   6.21 174.58 313.92  88496.12
 60.0 21793.0 286.76   0.007658   6.68 254.86 299.02  88245.18
 60.0 21823.0 289.58   0.008052   6.68 292.13 309.34  88037.68
 60.0 21854.0 290.44   0.010010   5.87 255.98 335.81  87983.30
 60.0 21884.0 290.11   0.011376   4.23 216.63 354.02  87837.20
 61.0 21915.0 290.17   0.011659   3.85 179.17 363.55  87910.43
 61.0 21946.0 289.94   0.011205   4.93 169.59 359.56  87890.77
 61.0 21974.0 290.45   0.011156   4.95 252.63 341.27  88001.21
 61.0 22005.0 289.40   0.010900   4.98 194.93 345.08  88005.27
 61.0 22035.0 287.34   0.009736   5.81 158.45 336.57  88298.66
 61.0 22066.0 286.51   0.008593   5.41 176.90 317.16  88411.29
 61.0 22096.0 284.93   0.007479   5.99 189.39 298.76  88380.06
 61.0 22127.0 285.79   0.007160   6.19 236.98 290.82  88379.59
 61.0 22158.0 287.50   0.007025   6.76 258.37 302.42  88290.44
 61.0 22188.0 288.39   0.008895   6.47 234.52 322.23  88153.91
 61.0 22219.0 290.06   0.010623   5.54 239.99 343.93  88028.74
 61.0 22249.0 290.37   0.011067   5.59 230.66 350.60  87946.89
 62.0 22280.0 289.75   0.011433   4.59 179.29 357.86  87843.02
 62.0 22311.0 290.61   0.011766   3.99 191.66 360.81  87931.08
 62.0 22339.0 290.40   0.011755   4.76 205.21 357.65  87948.49
 62.0 22370.0 288.28   0.010927   6.05 118.57 361.27  88226.42
 62.0 22400.0 286.67   0.009295   6.04 166.21 327.74  88232.05
 62.0 22431.0 284.32   0.007999   5.42 140.50 317.99  88383.75
 62.0 22461.0 284.23   0.007556   5.67 164.12 310.11  88490.02
 62.0 22492.0 285.24   0.008036   5.94 181.98 309.22  88417.14
 62.0 22523.0 286.55   0.007730   6.33 238.45 303.50  88281.87
 62.0 22553.0 289.18   0.008330   6.51 283.52 308.38  88058.61
 62.0 22584.0 290.48   0.009395   5.83 274.73 332.11  87875.66
 62.0 22614.0 290.02   0.011290   4.49 201.95 357.23  87866.09
 63.0 22645.0 290.29   0.011208   4.87 199.86 354.21  87780.25
 63.0 22676.0 290.41   0.011277   4.25 208.61 356.22  87849.87
 63.0 22704.0 290.32   0.011331   3.96 216.98 350.47  87865.21
 63.0 22735.0 287.44   0.009877   5.50 166.97 337.95  88135.09
 63.0 22765.0 286.42   0.009236   5.78 160.12 325.86  88326.09
 63.0 22796.0 284.96   0.008407   6.13 136.13 325.41  88358.98
 63.0 22826.0 284.00   0.007625   5.56 160.22 308.40  88341.37
 63.0 22857.0 285.10   0.007659   5.83 214.00 300.50  88308.43
 63.0 22888.0 287.76   0.007150   6.84 280.57 294.45  88230.78
 63.0 22918.0 290.04   0.008129   6.68 275.36 315.33  87969.27
 63.0 22949.0 289.75   0.010776   5.17 237.88 343.60  87990.65
 63.0 22979.0 289.37   0.011109   4.40 186.65 357.85  87851.70
 64.0 23010.0 289.88   0.011099   3.81 211.23 353.72  87854.66
 64.0 23041.0 289.76   0.011186   4.61 181.78 356.72  87847.27
 64.0 23069.0 289.57   0.010918   4.65 226.04 341.94  87862.44
 64.0 23100.0 288.13   0.010726   5.84 126.19 358.09  88073.70
 64.0 23130.0 286.82   0.009059   5.05 197.11 313.90  88182.43
 64.0 23161.0 284.46   0.007834   5.57 160.14 310.02  88341.83
 64.0 23191.0 284.31   0.007486   5.31 177.17 299.68  88360.59
 64.0 23222.0 285.28   0.007394   5.86 207.24 298.04  88341.10
 64.0 23253.0 288.34   0.006286   6.81 302.58 287.12  88240.97
 64.0 23283.0 290.32   0.008048   6.38 281.97 317.21  87951.06
 64.0 23314.0 289.37   0.010478   5.27 228.38 341.33  87923.27
 64.0 23344.0 289.74   0.011417   4.15 187.43 357.05  87907.39
 65.0 23375.0 290.02   0.011022   4.77 213.23 352.46  87833.35
 65.0 23406.0 289.97   0.011360   3.42 187.28 361.08  87916.35
 65.0 23434.0 290.35   0.011828   3.93 185.69 361.24  87876.86
 65.0 23465.0 288.94   0.011338   5.32 134.20 361.92  88157.43
 65.0 23495.0 286.61   0.009366   5.77 150.66 336.36  88234.82
 65.0 23526.0 284.49   0.007881   5.86 166.92 308.95  88401.49
 65.0 23556.0 283.65   0.007344   5.71 170.77 300.55  88427.34
 65.0 23587.0 284.45   0.007360   5.96 205.23 295.97  88465.33
 65.0 23618.0 287.64   0.007105   6.50 286.59 292.13  88194.91
 65.0 23648.0 289.61   0.008399   6.42 250.22 323.84  88106.77
 65.0 23679.0 289.72   0.010004   5.68 264.02 331.13  88121.21
 65.0 23709.0 289.90   0.011280   5.17 193.85 356.51  87760.38
 66.0 23740.0 290.31   0.011586   4.57 196.54 358.33  87888.36
 66.0 23771.0 289.98   0.011501   4.36 189.42 360.99  87895.88
 66.0 23799.0 289.96   0.011404   4.61 209.27 351.58  88005.52
 66.0 23830.0 288.99   0.011044   5.57 158.42 347.99  88196.34
 66.0 23860.0 287.34   0.009744   5.82 169.33 332.59  88319.83
 66.0 23891.0 284.85   0.007911   6.08 186.11 302.71  88483.38
 66.0 23921.0 284.02   0.007680   6.16 158.79 310.60  88592.23
 66.0 23952.0 284.81   0.007367   6.12 205.95 297.00  88499.40
 66.0 23983.0 287.74   0.007627   6.46 284.74 293.40  88153.42
 66.0 24013.0 290.48   0.008528   6.81 277.68 321.76  88093.27
 66.0 24044.0 290.20   0.010134   5.51 259.17 338.71  87974.86
 66.0 24074.0 290.56   0.011709   3.83 215.38 357.48  87887.01
 67.0 24105.0 289.55   0.011379   4.66 145.01 363.01  87881.13
 67.0 24136.0 290.55   0.011567   3.82 204.13 356.37  87898.60
 67.0 24164.0 290.35   0.011575   4.46 219.32 351.94  88050.12
 67.0 24195.0 288.86   0.010337   4.98 212.88 333.11  88168.30
 67.0 24225.0 285.87   0.008658   5.99 181.33 316.89  88341.90
 67.0 24256.0 283.74   0.007346   6.28 166.41 302.25  88565.97
 67.0 24286.0 284.12   0.007319   5.97 164.76 305.76  88490.76
 67.0 24317.0 284.79   0.006964   5.86 218.95 291.52  88332.91
 67.0 24348.0 287.49   0.006932   6.79 264.99 297.72  88279.28
 67.0 24378.0 288.95   0.009346   6.11 241.44 327.00  88070.46
 67.0 24409.0 290.22   0.009811   5.63 262.36 332.22  87963.97
 67.0 24439.0 290.03   0.010794   4.48 196.30 355.48  87772.17
 68.0 24470.0 289.86   0.010984   4.76 188.38 359.54  87790.40
 68.0 24501.0 290.66   0.011475   3.69 203.00 359.95  87820.17
 68.0 24529.0 290.56   0.011600   4.06 196.43 358.85  87903.50
 68.0 24560.0 288.95   0.010946   5.54 168.57 352.83  88089.67
 68.0 24590.0 286.75   0.009208   5.70 168.83 324.97  88228.55
 68.0 24621.0 285.68   0.008431   5.44 179.62 309.24  88299.02
 68.0 24651.0 283.82   0.007575   6.08 157.46 311.14  88419.64
 68.0 24682.0 284.50   0.007660   6.56 182.81 307.79  88395.01
 68.0 24713.0 287.37   0.008007   6.49 249.43 306.55  88215.55
 68.0 24743.0 290.87   0.008515   6.35 304.62 315.68  87854.70
 68.0 24774.0 290.11   0.010413   5.07 224.27 345.35  87910.72
 68.0 24804.0 290.03   0.011330   4.31 209.31 358.28  87807.64
 69.0 24835.0 290.00   0.011258   6.19 168.88 360.49  87704.73
 69.0 24866.0 290.07   0.010887   6.57 184.70 354.69  87839.78
 69.0 24894.0 289.67   0.011295   4.73 184.53 354.68  88020.13
 69.0 24925.0 288.62   0.010976   5.33 141.75 355.88  88113.93
 69.0 24955.0 286.63   0.009430   5.98 144.00 337.32  88342.80
 69.0 24986.0 284.43   0.007929   6.09 153.49 315.77  88493.93
 69.0 25016.0 283.52   0.007304   6.20 164.65 303.31  88549.59
 69.0 25047.0 285.24   0.006956   5.52 248.46 284.32  88342.23
 69.0 25078.0 286.51   0.007600   6.44 246.09 303.92  88301.51
 69.0 25108.0 289.36   0.007760   6.46 279.37 313.89  88071.97
 69.0 25139.0 290.16   0.009840   5.46 267.36 331.70  87974.45
 69.0 25169.0 290.22   0.011100   4.53 199.11 354.68  87831.43
 70.0 25200.0 290.38   0.011255   5.21 202.35 356.60  87842.77
 70.0 25231.0 290.49   0.011202   4.24 221.48 352.19  87930.29
 70.0 25259.0 289.82   0.011500   4.17 193.90 357.73  87965.38
 70.0 25290.0 289.25   0.011198   5.49 176.20 350.05  88107.08
 70.0 25320.0 286.96   0.009453   5.95 180.61 322.14  88346.47
 70.0 25351.0 284.88   0.008036   5.55 166.44 310.52  88414.38
 70.0 25381.0 283.50   0.007422   5.91 144.23 314.79  88536.77
 70.0 25412.0 285.21   0.007491   5.88 216.78 299.36  88319.30
 70.0 25443.0 287.93   0.007720   6.44 249.82 308.00  88202.70
 70.0 25473.0 288.35   0.009410   6.62 210.59 334.42  88176.05
 70.0 25504.0 288.92   0.010245   5.92 228.92 339.36  88050.79
 70.0 25534.0 290.05   0.011483   4.61 199.02 356.88  87781.54
 71.0 25565.0 289.62   0.011205   5.57 171.81 361.80  87754.45
 71.0 25596.0 289.71   0.011100   4.58 208.36 353.15  87982.80
 71.0 25624.0 289.70   0.011275   4.29 194.06 352.26  87994.84
 71.0 25655.0 288.72   0.011263   5.60 122.13 363.90  88122.65
 71.0 25685.0 287.13   0.009662   5.69 168.52 331.22  88252.29
 71.0 25716.0 284.78   0.008150   6.32 161.61 313.82  88434.00
 71.0 25746.0 284.16   0.007807   5.92 155.26 312.64  88508.80
 71.0 25777.0 285.13   0.007450   5.94 220.98 292.64  88373.78
 71.0 25808.0 287.01   0.007159   6.62 269.30 292.09  88263.19
 71.0 25838.0 289.88   0.008651   6.46 274.80 318.77  87956.01
 71.0 25869.0 289.80   0.010116   5.24 255.58 337.26  87896.28
 71.0 25899.0 289.16   0.010896   4.38 171.13 359.25  87894.08
 72.0 25930.0 289.35   0.010888   5.47 170.25 357.23  87733.63
 72.0 25961.0 289.78   0.011238   4.24 195.70 353.90  87914.89
 72.0 25989.0 290.05   0.011201   4.50 231.92 344.60  87950.48
 72.0 26020.0 288.62   0.010810   5.58 148.13 353.59  88115.30
 72.0 26050.0 286.64   0.009191   5.76 177.30 322.15  88267.02
 72.0 26081.0 283.84   0.007415   5.97 179.47 299.51  88470.74
 72.0 26111.0 284.06   0.007331   5.36 186.89 295.63  88358.48
 72.0 26142.0 285.07   0.007684   6.18 187.55 308.41  88413.91
 72.0 26173.0 286.71   0.007602   6.16 253.11 299.87  88196.37
 72.0 26203.0 288.99   0.007901   6.68 279.00 310.00  88084.72
 72.0 26234.0 290.19   0.009609   5.87 271.83 330.05  87955.17
 72.0 26264.0 289.99   0.010800   4.45 246.27 342.87  87936.02
 73.0 26295.0 289.58   0.011392   3.81 169.32 361.99  87858.73
 73.0 26326.0 290.02   0.011412   4.11 193.21 358.99  87874.75
 73.0 26354.0 289.80   0.011777   4.20 181.98 362.08  88024.17
 73.0 26385.0 288.30   0.010533   5.84 154.61 348.97  88245.05
 73.0 26415.0 287.05   0.009589   5.92 170.54 331.45  88368.90
 73.0 26446.0 284.74   0.007826   5.49 195.01 300.44  88371.61
 73.0 26476.0 283.58   0.006976   5.60 194.70 287.38  88484.66
 73.0 26507.0 284.12   0.007078   6.46 206.85 296.45  88552.24
 73.0 26538.0 287.99   0.006770   6.73 297.97 288.71  88210.12
 73.0 26568.0 290.58   0.008349   6.69 269.25 325.48  88059.67
 73.0 26599.0 289.70   0.010585   5.39 215.02 347.22  88091.10
 73.0 26629.0 289.86   0.011600   4.22 168.76 362.67  88005.30
 74.0 26660.0 290.14   0.011231   4.57 224.54 351.08  88093.57
 74.0 26691.0 290.09   0.011275   4.63 227.30 350.63  88012.97
 74.0 26719.0 291.20   0.011651   4.68 259.63 347.41  87977.86
 74.0 26750.0 289.11   0.011044   5.35 169.92 350.61  88233.89
 74.0 26780.0 286.49   0.008746   6.22 196.85 315.03  88392.21
 74.0 26811.0 283.42   0.007084   6.19 160.26 304.19  88522.15
 74.0 26841.0 284.74   0.007505   5.99 171.90 306.54  88543.69
 74.0 26872.0 285.37   0.006279   6.04 247.69 282.11  88315.20
 74.0 26903.0 288.81   0.006127   6.97 293.66 294.40  88352.65
 74.0 26933.0 290.82   0.008567   6.51 272.46 327.37  88098.98
 74.0 26964.0 291.32   0.009942   5.43 268.94 335.20  87998.66
 74.0 26994.0 290.11   0.011712   4.05 183.63 362.69  88052.05
 75.0 27025.0 290.41   0.011609   4.00 201.60 358.74  88020.34
 75.0 27056.0 290.78   0.011321   4.13 196.91 356.65  87881.34
 75.0 27084.0 290.70   0.011724   4.93 234.48 348.90  87973.38
 75.0 27115.0 288.50   0.010652   5.97 157.28 350.88  88123.51
 75.0 27145.0 287.34   0.009912   5.97 146.73 341.21  88220.84
 75.0 27176.0 284.75   0.008074   6.06 144.85 318.18  88379.18
 75.0 27206.0 284.23   0.007861   5.84 145.62 316.56  88336.66
 75.0 27237.0 284.64   0.007719   6.07 186.90 305.72  88391.77
 75.0 27268.0 286.10   0.007614   6.50 231.31 301.78  88211.78
 75.0 27298.0 288.96   0.008422   6.69 268.20 313.34  88056.56
 75.0 27329.0 289.53   0.010076   4.93 214.75 347.53  87880.80
 75.0 27359.0 289.65   0.010936   5.14 201.05 351.82  87737.17
 76.0 27390.0 289.77   0.011196   5.30 179.38 358.23  87734.10
 76.0 27421.0 290.56   0.011226   4.59 226.34 352.11  87745.13
 76.0 27449.0 290.24   0.011150   4.70 244.06 341.91  87939.16
 76.0 27480.0 288.95   0.011150   5.58 153.05 353.21  87981.24
 76.0 27510.0 287.00   0.009818   6.05 145.82 339.47  88216.76
 76.0 27541.0 284.52   0.008084   6.01 157.61 314.61  88451.93
 76.0 27571.0 283.23   0.007328   5.72 151.54 306.64  88500.98
 76.0 27602.0 285.18   0.007484   5.62 221.41 292.52  88394.39
 76.0 27633.0 287.54   0.007628   6.39 260.44 300.03  88198.91
 76.0 27663.0 289.08   0.008770   6.56 245.70 326.10  88031.09
 76.0 27694.0 290.37   0.009994   5.38 266.99 335.60  87876.51
 76.0 27724.0 289.94   0.011244   4.44 202.88 355.72  87871.18
 77.0 27755.0 290.25   0.011392   4.33 202.09 356.93  87900.75
 77.0 27786.0 290.59   0.011443   5.51 205.01 355.59  87850.74
 77.0 27814.0 289.82   0.011536   5.05 169.81 360.65  88041.49
 77.0 27845.0 288.76   0.010824   5.25 162.64 350.69  88130.25
 77.0 27875.0 286.26   0.008828   5.21 186.77 317.21  88283.14
 77.0 27906.0 284.42   0.007743   5.73 165.01 309.28  88429.84
 77.0 27936.0 282.83   0.006829   6.35 166.68 296.24  88557.12
 77.0 27967.0 286.09   0.007755   5.66 232.67 297.21  88320.00
 77.0 27998.0 287.76   0.008099   6.46 243.72 308.07  88228.05
 77.0 28028.0 288.89   0.009446   6.32 242.56 326.49  88060.93
 77.0 28059.0 289.24   0.010334   5.43 220.84 341.86  87966.72
 77.0 28089.0 289.81   0.011076   4.43 214.33 353.09  87838.80
 78.0 28120.0 289.90   0.011193   5.64 185.81 359.80  87758.38
 78.0 28151.0 290.68   0.011639   4.28 241.80 351.92  87929.16
 78.0 28179.0 290.48   0.011787   3.80 204.47 357.36  87926.17
 78.0 28210.0 289.08   0.010937   5.38 181.04 350.34  88066.09
 78.0 28240.0 286.36   0.009052   5.64 169.59 320.74  88342.22
 78.0 28271.0 284.33   0.007752   6.05 169.99 309.93  88441.91
 78.0 28301.0 284.74   0.006912   5.42 212.66 285.92  88300.05
 78.0 28332.0 285.73   0.006955   6.35 235.03 291.64  88292.20
 78.0 28363.0 288.20   0.007383   6.88 256.62 304.55  88257.89
 78.0 28393.0 289.21   0.008607   6.39 267.02 318.40  88007.19
 78.0 28424.0 291.11   0.009665   5.25 258.26 339.48  87911.23
 78.0 28454.0 290.22   0.010778   4.42 233.61 350.55  87874.52
 79.0 28485.0 290.17   0.011165   5.82 185.77 359.59  87777.89
 79.0 28516.0 290.06   0.011174   4.49 191.58 358.57  87932.82
 79.0 28544.0 289.82   0.010985   5.08 230.42 343.19  88028.38
 79.0 28575.0 289.52   0.011322   5.45 160.98 355.87  88069.12
 79.0 28605.0 287.06   0.009662   6.13 153.77 336.83  88333.43
 79.0 28636.0 285.14   0.008543   6.48 151.49 319.61  88573.16
 79.0 28666.0 284.23   0.007843   6.28 150.47 316.29  88526.84
 79.0 28697.0 284.76   0.007949   6.35 175.82 317.30  88503.75
 79.0 28728.0 287.10   0.008408   6.33 229.96 309.51  88178.64
 79.0 28758.0 289.30   0.009078   6.65 260.91 320.01  88014.02
 79.0 28789.0 290.76   0.009744   6.08 271.07 335.35  87992.46
 79.0 28819.0 290.11   0.011181   5.05 241.82 348.18  87906.96
 80.0 28850.0 290.19   0.011407   5.68 194.39 360.59  87805.86
 80.0 28881.0 290.33   0.011690   4.87 171.93 363.26  87866.45
 80.0 28909.0 290.33   0.011306   4.56 227.13 350.53  87956.40
 80.0 28940.0 288.81   0.010529   5.28 185.77 341.03  88114.52
 80.0 28970.0 287.17   0.009639   5.63 159.94 333.42  88261.56
 80.0 29001.0 284.90   0.007624   5.73 202.35 295.34  88377.96
 80.0 29031.0 284.31   0.007768   6.06 162.62 310.67  88403.28
 80.0 29062.0 284.93   0.007195   6.52 196.55 304.72  88419.98
 80.0 29093.0 288.24   0.007656   6.59 251.37 313.51  88182.34
 80.0 29123.0 289.14   0.009000   6.70 261.82 319.31  88007.29
 80.0 29154.0 289.69   0.009949   5.74 251.44 335.38  87950.34
 80.0 29184.0 289.95   0.011050   4.78 221.73 349.74  87898.37
 81.0 29215.0 290.15   0.011400   4.34 187.66 359.46  87793.59
 81.0 29246.0 290.86   0.011334   5.81 213.71 355.84  87695.14
 81.0 29274.0 290.44   0.011500   4.65 224.28 348.70  87954.17
 81.0 29305.0 289.14   0.011306   5.68 152.47 354.66  88025.91
 81.0 29335.0 286.80   0.009240   5.63 166.71 326.27  88172.27
 81.0 29366.0 284.48   0.007775   5.94 164.02 310.74  88345.59
 81.0 29396.0 284.00   0.007469   6.21 168.45 304.26  88430.71
 81.0 29427.0 283.78   0.007160   6.08 166.76 305.99  88473.55
 81.0 29458.0 286.67   0.007298   6.17 247.61 299.10  88172.83
 81.0 29488.0 290.27   0.008443   6.21 281.08 320.37  87910.70
 81.0 29519.0 290.27   0.010296   4.86 227.38 343.28  87857.90
 81.0 29549.0 288.74   0.011003   4.40 148.09 362.69  87948.40
 82.0 29580.0 289.38   0.011110   4.00 168.72 357.75  87817.33
 82.0 29611.0 289.89   0.011170   4.79 226.37 350.62  87952.72
 82.0 29639.0 289.71   0.011041   4.65 225.84 346.97  87904.03
 82.0 29670.0 288.41   0.010947   5.44 137.11 356.60  88076.34
 82.0 29700.0 287.14   0.009526   5.67 173.77 326.25  88249.79
 82.0 29731.0 285.19   0.008172   5.97 172.49 311.39  88353.59
 82.0 29761.0 284.47   0.007643   5.96 183.03 299.76  88501.02
 82.0 29792.0 285.50   0.007082   5.82 245.37 284.84  88394.49
 82.0 29823.0 287.90   0.006843   7.11 274.09 295.47  88297.59
 82.0 29853.0 290.54   0.007978   6.71 302.75 313.32  88032.80
 82.0 29884.0 291.17   0.009763   6.16 302.93 330.88  87944.80
 82.0 29914.0 290.07   0.011270   4.86 190.80 357.78  87890.14
 83.0 29945.0 290.13   0.011372   5.57 181.10 360.82  87823.45
 83.0 29976.0 291.01   0.011667   5.26 227.46 355.92  87876.64
 83.0 30004.0 290.00   0.011358   5.09 217.00 353.22  88013.49
 83.0 30035.0 288.88   0.011186   5.68 132.21 360.23  88189.47
 83.0 30065.0 286.43   0.009296   6.00 135.17 335.92  88396.59
 83.0 30096.0 284.48   0.007776   5.78 170.99 305.38  88482.74
 83.0 30126.0 284.14   0.007525   5.71 180.63 298.09  88462.74
 83.0 30157.0 285.09   0.007659   6.18 198.59 301.14  88369.87
 83.0 30188.0 287.55   0.007024   6.48 279.06 291.38  88243.05
 83.0 30218.0 288.89   0.008586   6.64 233.48 326.52  88131.63
 83.0 30249.0 289.42   0.010226   5.59 248.43 334.70  87929.58
 83.0 30279.0 289.80   0.011175   4.50 213.05 353.13  87823.62
 84.0 30310.0 289.74   0.011346   4.66 167.06 361.95  87827.20
 84.0 30341.0 290.40   0.011531   4.53 200.59 357.15  87821.56
 84.0 30369.0 290.05   0.011851   4.47 177.82 362.24  87896.62
 84.0 30400.0 288.71   0.010469   5.49 207.81 335.24  88013.40
 84.0 30430.0 286.66   0.009000   6.01 187.30 317.52  88214.70
 84.0 30461.0 284.67   0.007795   5.56 174.92 303.64  88321.07
 84.0 30491.0 284.02   0.007468   5.94 180.43 302.45  88410.90
 84.0 30522.0 284.84   0.006780   6.15 251.59 279.49  88340.88
 84.0 30553.0 288.56   0.006416   6.66 299.35 288.80  88137.62
 84.0 30583.0 289.63   0.007326   6.71 286.41 309.92  88039.25
 84.0 30614.0 291.58   0.008539   5.69 287.50 327.64  87968.09
 84.0 30644.0 289.48   0.010890   4.32 195.26 354.79  87919.59
 85.0 30675.0 290.08   0.010980   5.23 204.50 354.31  87708.68
 85.0 30706.0 289.67   0.010955   4.51 192.47 353.83  87932.18
 85.0 30734.0 289.48   0.010902   4.83 243.24 341.27  88008.04
 85.0 30765.0 288.43   0.010726   5.77 145.30 352.90  88114.21
 85.0 30795.0 286.67   0.009371   6.10 163.00 329.77  88349.09
 85.0 30826.0 284.09   0.007637   5.65 169.23 303.49  88394.42
 85.0 30856.0 283.61   0.007564   6.17 151.21 312.00  88475.02
 85.0 30887.0 284.32   0.007524   6.13 195.41 302.96  88465.80
 85.0 30918.0 287.01   0.007749   6.47 254.75 302.05  88221.17
 85.0 30948.0 290.58   0.007844   6.96 297.47 311.95  87967.40
 85.0 30979.0 290.58   0.009850   6.04 276.37 335.18  87945.32
 85.0 31009.0 289.74   0.011523   4.78 176.34 363.42  87784.20
 86.0 31040.0 289.44   0.011029   4.55 170.29 357.36  87967.11
 86.0 31071.0 290.36   0.011612   4.22 222.33 354.08  87930.72
 86.0 31099.0 289.89   0.010907   4.52 220.16 344.15  87975.27
 86.0 31130.0 289.24   0.011265   4.96 179.34 350.74  88043.66
 86.0 31160.0 286.62   0.009507   5.89 148.73 333.86  88222.88
 86.0 31191.0 283.99   0.007461   5.52 184.88 299.78  88373.80
 86.0 31221.0 283.50   0.007183   5.78 185.31 296.14  88499.45
 86.0 31252.0 286.46   0.007098   5.84 263.50 283.56  88304.45
 86.0 31283.0 287.22   0.007358   7.23 231.46 313.40  88370.81
 86.0 31313.0 288.80   0.009597   6.33 238.83 330.80  88143.70
 86.0 31344.0 290.47   0.010691   5.53 275.52 338.60  88019.88
 86.0 31374.0 290.21   0.011529   4.56 220.73 355.65  87967.49
 87.0 31405.0 290.95   0.012294   4.19 207.03 364.99  87963.98
 87.0 31436.0 291.43   0.012736   3.91 206.76 365.98  87944.55
 87.0 31464.0 291.02   0.011907   4.53 229.44 353.16  87989.55
 87.0 31495.0 289.02   0.011115   5.79 160.46 354.81  88148.29
 87.0 31525.0 286.47   0.009255   6.04 157.53 328.41  88319.33
 87.0 31556.0 283.71   0.007548   6.19 155.80 307.04  88453.84
 87.0 31586.0 283.38   0.007197   5.80 171.35 302.97  88351.48
 87.0 31617.0 284.28   0.007669   6.01 164.89 312.31  88340.62
 87.0 31648.0 285.62   0.007518   6.45 227.71 300.09  88287.69
 87.0 31678.0 288.78   0.008960   5.82 267.26 320.45  87893.62
 87.0 31709.0 290.33   0.009991   5.70 250.33 340.18  87873.16
 87.0 31739.0 288.91   0.011122   4.16 144.74 362.72  87778.59
 88.0 31770.0 289.11   0.011044   4.43 164.80 358.89  87749.45
 88.0 31801.0 290.10   0.011208   4.51 197.63 355.31  87779.62
 88.0 31829.0 289.76   0.011394   4.83 198.26 354.56  87883.29
 88.0 31860.0 288.04   0.010436   5.65 150.16 345.69  88025.71
 88.0 31890.0 285.61   0.008613   5.89 165.42 319.93  88205.68
 88.0 31921.0 283.06   0.007150   6.06 159.94 305.30  88460.74
 88.0 31951.0 283.50   0.007278   5.75 179.74 298.28  88448.69
 88.0 31982.0 284.10   0.006774   5.78 233.56 283.00  88355.21
 88.0 32013.0 288.37   0.006469   6.45 294.48 288.82  88095.77
 88.0 32043.0 289.16   0.007959   6.23 276.27 311.06  88048.22
 88.0 32074.0 290.10   0.008715   5.71 293.09 318.17  87996.65
 88.0 32104.0 290.51   0.010058   5.70 251.06 340.85  87707.35
 89.0 32135.0 289.61   0.011167   3.21 184.20 355.97  87863.80
 89.0 32166.0 290.16   0.011097   3.60 218.89 353.02  87947.09
 89.0 32194.0 289.85   0.011086   4.93 228.16 347.65  88016.19
 89.0 32225.0 288.47   0.010418   5.48 182.81 340.16  88039.21
 89.0 32255.0 285.98   0.008536   5.75 199.35 308.66  88338.18
 89.0 32286.0 285.08   0.008043   5.60 182.65 306.23  88307.84
 89.0 32316.0 284.31   0.007248   6.08 174.40 302.05  88434.70
 89.0 32347.0 286.05   0.006444   6.73 243.70 285.54  88419.20
 89.0 32378.0 288.04   0.006193   6.61 293.78 287.34  88234.28
 89.0 32408.0 289.36   0.009198   6.37 243.72 330.93  88094.16
 89.0 32439.0 289.96   0.010924   5.09 223.23 348.19  87955.83
 89.0 32469.0 290.21   0.011384   4.86 193.09 360.11  87974.23
 90.0 32500.0 290.23   0.011508   5.16 152.27 366.48  87869.36
 90.0 32531.0 291.51   0.011092   4.72 291.36 342.71  88025.99
 90.0 32559.0 291.03   0.011396   4.98 247.41 348.72  87977.26
 90.0 32590.0 288.93   0.010692   5.67 186.72 347.39  88198.78
 90.0 32620.0 286.88   0.009108   5.76 179.60 323.06  88273.26
 90.0 32651.0 286.09   0.008253   5.86 186.69 308.56  88335.39
 90.0 32681.0 285.30   0.008059   6.27 165.34 314.42  88359.05
 90.0 32712.0 285.38   0.007731   6.55 197.32 306.19  88427.41
 90.0 32743.0 287.90   0.007958   6.74 249.49 308.12  88222.20
 90.0 32773.0 290.39   0.008688   6.45 278.51 321.88  87991.80
 90.0 32804.0 290.28   0.011249   4.82 208.62 354.73  87843.01
 90.0 32834.0 289.87   0.011536   3.81 188.49 360.50  87810.91
 91.0 32865.0 290.60   0.011071   5.62 190.61 356.89  87715.70
 91.0 32896.0 290.77   0.011691   3.81 186.92 361.42  87840.59
 91.0 32924.0 290.08   0.011279   4.93 226.51 348.49  87940.57
 91.0 32955.0 288.83   0.010817   5.56 162.30 352.28  88098.91
 91.0 32985.0 285.58   0.008438   5.97 171.64 318.61  88232.34
 91.0 33016.0 284.86   0.008085   5.98 165.69 313.72  88395.45
 91.0 33046.0 284.18   0.007578   6.26 170.17 306.25  88404.97
 91.0 33077.0 284.34   0.006737   6.67 217.46 286.86  88479.03
 91.0 33108.0 288.00   0.006121   6.83 294.18 287.70  88310.50
 91.0 33138.0 290.52   0.007558   6.82 298.76 309.29  88091.26
 91.0 33169.0 290.25   0.010544   5.65 234.11 351.08  87961.13
 91.0 33199.0 289.83   0.011481   3.62 184.68 359.85  87826.90
 92.0 33230.0 290.19   0.011479   3.81 195.09 360.08  87890.38
 92.0 33261.0 290.38   0.011548   4.41 219.94 353.15  87905.47
 92.0 33289.0 290.52   0.011601   4.05 198.33 357.94  87854.89
 92.0 33320.0 288.10   0.010664   6.01 122.02 356.90  88169.52
 92.0 33350.0 286.83   0.009348   5.84 171.39 331.39  88231.87
 92.0 33381.0 284.36   0.007409   5.38 182.19 301.47  88304.80
 92.0 33411.0 283.58   0.007403   5.80 148.91 309.33  88361.38
 92.0 33442.0 284.19   0.007713   6.03 157.00 317.36  88422.56
 92.0 33473.0 286.52   0.007438   6.34 266.19 290.54  88290.88
 92.0 33503.0 290.21   0.007857   6.40 289.39 313.52  87933.38
 92.0 33534.0 290.39   0.009084   6.24 269.36 328.04  87919.87
 92.0 33564.0 289.74   0.011350   4.08 180.85 359.10  87833.94
 93.0 33595.0 290.12   0.011038   5.04 220.34 352.24  87810.01
 93.0 33626.0 290.04   0.011524   4.54 174.67 359.53  87888.32
 93.0 33654.0 289.43   0.011475   4.79 164.08 361.17  88021.95
 93.0 33685.0 288.31   0.010850   5.85 122.17 357.46  88148.37
 93.0 33715.0 286.71   0.009299   5.81 179.79 324.68  88327.27
 93.0 33746.0 284.04   0.007721   6.19 158.68 310.17  88485.33
 93.0 33776.0 283.11   0.007138   6.13 160.51 303.29  88563.83
 93.0 33807.0 285.01   0.007787   5.93 208.36 303.83  88421.69
 93.0 33838.0 287.18   0.007346   6.47 285.05 288.38  88151.11
 93.0 33868.0 289.97   0.008367   6.53 264.60 320.37  87996.03
 93.0 33899.0 289.80   0.010637   5.05 243.79 340.00  87891.84
 93.0 33929.0 289.69   0.011595   3.91 168.90 363.47  87870.47
 94.0 33960.0 289.83   0.011067   5.75 189.83 355.34  87820.29
 94.0 33991.0 290.39   0.011264   4.94 227.99 350.86  87882.34
 94.0 34019.0 289.97   0.011582   4.11 200.97 355.79  87944.11
 94.0 34050.0 288.34   0.010529   5.51 177.72 342.43  88181.95
 94.0 34080.0 286.38   0.008980   5.90 180.76 323.08  88294.67
 94.0 34111.0 284.58   0.007866   5.77 184.71 301.85  88378.69
 94.0 34141.0 282.75   0.006854   6.30 165.14 298.56  88590.55
 94.0 34172.0 284.03   0.007223   6.12 175.92 305.97  88397.35
 94.0 34203.0 286.99   0.006993   6.19 262.72 295.12  88316.97
 94.0 34233.0 290.34   0.007427   6.73 309.65 309.67  88016.66
 94.0 34264.0 290.64   0.010280   4.49 250.94 342.76  87933.83
 94.0 34294.0 290.02   0.010983   4.32 213.20 350.34  87835.69
 95.0 34325.0 289.71   0.011273   4.18 188.10 358.59  87835.93
 95.0 34356.0 290.11   0.011316   3.52 201.05 354.33  87831.66
 95.0 34384.0 290.14   0.011620   4.12 199.80 358.58  87847.92
 95.0 34415.0 288.48   0.010760   5.63 147.52 354.80  88186.84
 95.0 34445.0 287.20   0.009694   5.58 166.74 332.03  88249.09
 95.0 34476.0 284.11   0.007415   5.63 188.45 298.08  88411.58
 95.0 34506.0 284.19   0.007489   5.52 175.61 301.03  88423.65
 95.0 34537.0 284.91   0.007297   6.08 218.37 291.65  88408.81
 95.0 34568.0 286.81   0.006831   7.07 259.21 294.21  88371.23
 95.0 34598.0 289.27   0.008336   5.87 262.79 322.03  88061.30
 95.0 34629.0 289.30   0.010390   5.28 239.61 337.72  87899.46
 95.0 34659.0 289.36   0.011011   5.33 177.17 357.54  87781.39
 96.0 34690.0 290.32   0.011155   3.98 212.35 353.84  87852.44
 96.0 34721.0 289.87   0.011474   3.48 178.48 362.88  87872.51
 96.0 34749.0 289.26   0.011275   4.54 160.31 362.29  87856.98
 96.0 34780.0 288.40   0.010568   5.38 171.87 343.87  88125.00
 96.0 34810.0 286.16   0.009128   6.01 162.07 327.09  88380.91
 96.0 34841.0 284.21   0.007783   6.11 154.99 314.18  88477.16
 96.0 34871.0 283.14   0.007107   6.18 169.93 300.40  88637.90
 96.0 34902.0 284.94   0.007750   5.98 199.18 303.72  88319.02
 96.0 34933.0 287.05   0.007406   6.55 255.92 300.40  88342.44
 96.0 34963.0 289.29   0.008448   6.85 259.53 319.42  88102.44
 96.0 34994.0 290.38   0.009894   5.50 286.52 331.69  87944.28
 96.0 35024.0 290.05   0.010929   4.41 250.26 346.32  87936.09
 97.0 35055.0 290.47   0.011572   4.56 203.35 359.28  87886.45
 97.0 35086.0 290.11   0.011168   4.86 201.90 355.25  87870.02
 97.0 35114.0 290.20   0.011217   4.72 249.30 346.43  87916.88
 97.0 35145.0 288.39   0.010780   5.74 144.58 351.89  88155.27
 97.0 35175.0 285.66   0.008635   6.20 170.31 320.71  88441.47
 97.0 35206.0 284.27   0.007655   5.86 175.20 304.65  88472.54
 97.0 35236.0 284.16   0.007189   5.94 187.80 297.42  88393.49
 97.0 35267.0 285.87   0.006084   6.48 269.03 277.71  88395.03
 97.0 35298.0 288.43   0.006380   7.11 295.28 290.49  88243.18
 97.0 35328.0 290.55   0.007675   6.91 284.59 316.70  88064.29
 97.0 35359.0 289.58   0.010677   5.05 203.28 349.54  87879.77
 97.0 35389.0 290.01   0.011125   4.57 226.08 350.09  87808.84
 98.0 35420.0 290.03   0.011247   4.73 193.60 357.46  87781.43
 98.0 35451.0 290.21   0.011487   3.31 202.18 357.14  87935.19
 98.0 35479.0 290.09   0.011482   4.16 207.67 353.91  87972.01
 98.0 35510.0 288.85   0.011281   5.56 127.12 362.77  88107.16
 98.0 35540.0 286.71   0.009593   6.06 149.59 335.93  88298.00
 98.0 35571.0 285.14   0.008411   5.87 151.55 319.99  88407.52
 98.0 35601.0 284.51   0.008062   6.41 148.46 315.59  88484.88
 98.0 35632.0 284.08   0.007422   6.46 197.22 298.10  88536.90
 98.0 35663.0 286.62   0.008212   6.30 245.99 303.20  88289.27
 98.0 35693.0 289.55   0.008909   6.39 257.00 324.23  88003.08
 98.0 35724.0 290.14   0.010689   5.14 245.85 343.36  87923.22
 98.0 35754.0 289.34   0.011158   4.93 173.22 357.95  87846.56
 99.0 35785.0 290.20   0.011503   4.13 199.31 358.72  87930.12
 99.0 35816.0 290.23   0.011530   3.95 206.13 358.45  87915.92
 99.0 35844.0 290.58   0.011892   4.14 217.48 356.91  87956.30
 99.0 35875.0 289.61   0.011529   5.41 168.88 356.32  88074.83
 99.0 35905.0 287.68   0.009900   5.52 185.28 327.36  88238.15
 99.0 35936.0 284.39   0.007962   6.04 145.18 315.31  88428.27
 99.0 35966.0 283.69   0.007479   5.90 166.54 303.56  88449.94
 99.0 35997.0 284.70   0.007971   5.84 173.71 316.51  88380.97
 99.0 36028.0 286.64   0.008046   6.27 243.20 304.34  88194.86
 99.0 36058.0 288.97   0.009074   6.24 250.42 324.36  87999.11
 99.0 36089.0 289.30   0.010479   5.46 199.82 349.92  88039.54
 99.0 36119.0 289.73   0.011175   4.46 222.44 350.44  87879.01
100.0 36150.0 289.68   0.011184   4.62 177.94 359.06  87777.66
100.0 36181.0 290.30   0.011314   4.62 230.88 352.90  87757.66
100.0 36209.0 290.25   0.011566   3.51 202.47 354.54  87926.09
100.0 36240.0 288.56   0.010800   5.16 170.00 349.23  88050.09
100.0 36270.0 286.63   0.009349   5.46 158.42 327.37  88131.80
100.0 36301.0 284.51   0.007908   5.50 177.14 307.02  88264.79
100.0 36331.0 283.83   0.007256   5.07 184.60 297.48  88327.09
100.0 36362.0 284.23   0.007251   6.14 203.93 294.42  88417.69
100.0 36393.0 287.79   0.007202   6.42 278.63 293.50  88119.08
100.0 36423.0 290.55   0.007448   6.32 299.31 312.08  87972.38
100.0 36454.0 290.44   0.009580   5.28 259.56 331.72  87835.27
100.0 36484.0 289.26   0.010844   5.92 165.17 358.62  87711.57
