  1.0    15.0 292.74   0.011309   1.25 239.43 356.56  87354.58
  1.0    46.0 293.40   0.011686   1.42 248.31 361.67  87351.08
  1.0    74.0 293.63   0.011211   1.44 261.22 354.42  87315.38
  1.0   105.0 293.44   0.011068   1.49 241.82 354.55  87353.27
  1.0   135.0 292.49   0.010305   1.56 232.79 345.19  87432.28
  1.0   166.0 291.62   0.007244   1.56 254.97 319.12  87557.58
  1.0   196.0 291.77   0.006374   1.80 265.33 315.93  87615.59
  1.0   227.0 293.28   0.006258   1.94 284.42 320.03  87534.38
  1.0   258.0 294.98   0.008029   2.18 286.63 339.63  87422.06
  1.0   288.0 295.31   0.009399   1.88 268.43 353.82  87309.17
  1.0   319.0 293.88   0.011999   1.34 206.23 374.95  87310.99
  1.0   349.0 292.76   0.012324   1.18 198.79 369.67  87410.23
  2.0   380.0 292.36   0.012042   1.15 220.58 362.22  87427.59
  2.0   411.0 293.37   0.011276   1.48 259.82 356.00  87312.80
  2.0   439.0 293.12   0.012013   1.42 236.62 360.78  87399.91
  2.0   470.0 293.45   0.011302   1.54 240.79 356.88  87343.38
  2.0   500.0 292.35   0.009222   1.60 251.54 334.54  87438.59
  2.0   531.0 291.79   0.007073   1.73 259.25 317.96  87486.05
  2.0   561.0 291.92   0.005882   1.71 266.88 313.31  87577.31
  2.0   592.0 293.30   0.005829   2.02 290.29 316.61  87513.59
  2.0   623.0 295.17   0.007657   2.12 289.71 338.45  87402.69
  2.0   653.0 295.39   0.009193   1.77 269.74 353.71  87322.68
  2.0   684.0 293.42   0.011971   1.38 197.47 373.41  87308.83
  2.0   714.0 292.20   0.012310   1.23 190.25 370.48  87423.84
  3.0   745.0 292.57   0.012033   1.16 227.38 362.03  87428.63
  3.0   776.0 292.69   0.011566   1.36 246.23 355.77  87386.35
  3.0   804.0 293.59   0.011443   1.49 256.03 355.30  87311.35
  3.0   835.0 292.68   0.012212   1.45 213.25 363.72  87432.34
  3.0   865.0 291.50   0.010468   1.75 227.04 342.70  87509.75
  3.0   896.0 291.04   0.007660   1.62 252.02 318.66  87571.91
  3.0   926.0 291.28   0.005651   1.72 271.06 307.37  87618.77
  3.0   957.0 293.46   0.006359   1.89 285.44 322.81  87527.30
  3.0   988.0 295.27   0.007146   2.06 298.62 333.93  87434.31
  3.0  1018.0 295.81   0.008669   1.97 276.40 352.94  87335.00
  3.0  1049.0 294.34   0.011287   1.58 222.45 369.23  87353.63
  3.0  1079.0 292.67   0.011977   1.20 208.66 366.37  87366.67
  4.0  1110.0 292.52   0.011849   1.17 227.70 360.96  87393.59
  4.0  1141.0 293.77   0.011519   1.42 258.27 359.60  87302.73
  4.0  1169.0 293.81   0.011219   1.52 264.53 354.08  87372.59
  4.0  1200.0 293.41   0.011078   1.55 233.23 355.98  87289.70
  4.0  1230.0 292.06   0.009744   1.56 239.36 338.95  87502.38
  4.0  1261.0 291.54   0.006770   1.68 260.31 314.53  87483.59
  4.0  1291.0 291.68   0.005576   1.71 269.97 309.41  87561.98
  4.0  1322.0 293.49   0.006511   1.91 283.01 323.67  87470.61
  4.0  1353.0 295.45   0.007230   1.88 293.16 338.06  87388.56
  4.0  1383.0 295.83   0.009264   1.91 268.16 358.61  87292.62
  4.0  1414.0 294.00   0.011855   1.33 210.93 371.55  87317.73
  4.0  1444.0 292.62   0.012170   1.22 209.01 368.71  87412.48
  5.0  1475.0 292.53   0.012207   1.18 224.88 363.16  87437.57
  5.0  1506.0 293.41   0.011330   1.32 264.79 354.80  87270.02
  5.0  1534.0 293.88   0.011589   1.38 253.59 359.28  87266.23
  5.0  1565.0 293.48   0.011346   1.42 235.25 358.27  87326.84
  5.0  1595.0 291.97   0.010120   1.64 238.61 340.84  87517.46
  5.0  1626.0 291.08   0.006867   1.79 261.81 312.29  87534.56
  5.0  1656.0 291.67   0.006166   1.71 263.51 315.17  87567.73
  5.0  1687.0 293.35   0.006087   1.91 287.59 319.66  87519.51
  5.0  1718.0 294.96   0.006796   1.97 301.70 329.90  87411.33
  5.0  1748.0 295.54   0.009019   2.05 275.56 353.60  87324.16
  5.0  1779.0 293.99   0.011024   1.47 219.04 367.70  87324.73
  5.0  1809.0 292.77   0.011808   1.22 210.52 364.57  87439.20
  6.0  1840.0 292.60   0.012059   1.20 217.21 363.72  87337.00
  6.0  1871.0 292.97   0.011473   1.32 252.16 354.98  87260.59
  6.0  1899.0 293.36   0.011850   1.45 238.72 362.46  87310.80
  6.0  1930.0 292.83   0.011220   1.52 248.27 350.15  87372.48
  6.0  1960.0 292.22   0.009468   1.58 246.68 336.82  87438.23
  6.0  1991.0 291.23   0.006762   1.69 260.27 313.23  87542.34
  6.0  2021.0 291.36   0.005937   1.83 267.40 310.41  87602.81
  6.0  2052.0 293.16   0.006042   1.86 283.38 319.94  87489.92
  6.0  2083.0 295.14   0.007002   2.10 297.31 334.35  87453.38
  6.0  2113.0 295.66   0.009718   1.96 263.44 360.79  87316.75
  6.0  2144.0 293.58   0.011930   1.33 198.35 373.64  87310.08
  6.0  2174.0 292.77   0.011884   1.20 205.97 365.38  87386.20
  7.0  2205.0 292.32   0.012388   1.23 211.98 366.14  87454.80
  7.0  2236.0 293.01   0.011058   1.54 266.84 350.22  87318.84
  7.0  2264.0 293.64   0.012012   1.27 247.31 361.23  87302.05
  7.0  2295.0 293.16   0.011300   1.62 250.16 350.61  87406.48
  7.0  2325.0 292.74   0.009245   1.67 254.03 334.68  87492.77
  7.0  2356.0 292.43   0.007044   1.53 257.39 321.39  87460.70
  7.0  2386.0 292.26   0.006237   1.90 265.27 316.77  87526.23
  7.0  2417.0 293.92   0.006845   2.08 282.63 327.46  87522.43
  7.0  2448.0 295.31   0.008690   1.82 267.77 351.31  87404.00
  7.0  2478.0 295.40   0.009795   2.12 258.66 359.33  87367.32
  7.0  2509.0 293.67   0.011415   1.51 224.33 365.98  87378.55
  7.0  2539.0 292.82   0.012829   1.17 192.22 373.87  87425.68
  8.0  2570.0 292.66   0.013061   1.20 202.79 372.36  87456.47
  8.0  2601.0 293.35   0.011779   1.45 262.09 356.15  87390.39
  8.0  2629.0 293.52   0.012104   1.57 240.04 363.72  87347.45
  8.0  2660.0 293.03   0.012017   1.42 226.83 360.70  87366.68
  8.0  2690.0 291.70   0.010097   1.53 241.10 337.18  87453.22
  8.0  2721.0 291.20   0.007293   1.72 257.88 316.55  87542.03
  8.0  2751.0 291.39   0.005960   1.73 266.58 311.45  87580.57
  8.0  2782.0 293.17   0.005829   1.91 289.26 315.79  87511.05
  8.0  2813.0 295.27   0.006906   1.91 298.19 333.01  87357.47
  8.0  2843.0 295.49   0.009412   1.88 268.45 356.93  87316.30
  8.0  2874.0 295.06   0.010488   1.54 244.23 363.48  87262.45
  8.0  2904.0 292.66   0.012328   1.24 183.36 374.68  87420.46
  9.0  2935.0 292.87   0.012067   1.29 228.16 363.83  87361.04
  9.0  2966.0 292.97   0.010915   1.33 269.91 347.90  87343.88
  9.0  2994.0 294.44   0.010504   1.63 276.32 351.96  87227.45
  9.0  3025.0 293.24   0.012238   1.37 212.72 367.06  87394.27
  9.0  3055.0 291.85   0.009674   1.61 246.86 334.48  87530.52
  9.0  3086.0 291.65   0.006935   1.85 262.06 314.99  87546.42
  9.0  3116.0 291.74   0.006428   1.73 260.22 316.10  87487.53
  9.0  3147.0 293.12   0.006062   1.79 285.62 319.10  87533.23
  9.0  3178.0 295.13   0.007002   1.97 299.20 332.79  87362.41
  9.0  3208.0 295.33   0.009837   1.74 254.14 362.44  87322.28
  9.0  3239.0 294.06   0.011276   1.43 216.66 369.15  87288.91
  9.0  3269.0 292.88   0.012231   1.15 199.44 369.11  87363.09
 10.0  3300.0 292.45   0.011934   1.22 221.74 362.40  87372.40
 10.0  3331.0 293.33   0.010898   1.34 274.12 349.95  87354.48
 10.0  3359.0 294.26   0.010543   1.60 270.90 352.79  87249.96
 10.0  3390.0 293.05   0.011891   1.39 224.63 360.70  87370.88
 10.0  3420.0 292.03   0.010013   1.70 240.51 339.27  87501.12
 10.0  3451.0 291.73   0.007151   1.80 258.96 318.17  87529.85
 10.0  3481.0 291.06   0.005457   1.82 269.99 305.59  87650.74
 10.0  3512.0 292.95   0.005807   2.03 289.95 315.38  87579.26
 10.0  3543.0 295.09   0.007172   1.97 293.39 334.69  87405.32
 10.0  3573.0 295.78   0.008503   2.06 287.83 348.46  87297.88
 10.0  3604.0 294.97   0.010854   1.49 229.26 369.30  87247.31
 10.0  3634.0 293.34   0.011417   1.33 219.76 363.95  87361.48
 11.0  3665.0 292.95   0.011782   1.33 217.66 365.26  87343.48
 11.0  3696.0 293.43   0.011213   1.37 254.45 357.64  87299.77
 11.0  3724.0 294.38   0.010116   1.58 278.29 349.00  87245.53
 11.0  3755.0 293.68   0.010991   1.64 241.44 355.97  87373.42
 11.0  3785.0 292.41   0.009689   1.71 239.19 340.40  87543.42
 11.0  3816.0 292.07   0.006976   1.73 257.26 319.37  87481.62
 11.0  3846.0 291.22   0.005172   1.77 271.47 304.25  87614.88
 11.0  3877.0 293.53   0.006164   1.75 283.05 322.45  87525.33
 11.0  3908.0 295.40   0.006609   2.10 303.16 330.75  87426.06
 11.0  3938.0 296.06   0.008610   1.91 279.03 353.40  87299.85
 11.0  3969.0 293.87   0.011369   1.52 210.60 369.62  87334.14
 11.0  3999.0 292.61   0.012194   1.20 201.46 369.61  87426.66
 12.0  4030.0 292.62   0.011856   1.26 230.98 358.51  87408.92
 12.0  4061.0 293.39   0.011551   1.35 259.00 356.40  87379.23
 12.0  4089.0 294.03   0.010729   1.64 268.09 352.58  87315.23
 12.0  4120.0 293.78   0.010906   1.49 246.09 354.28  87358.71
 12.0  4150.0 292.77   0.009625   1.54 243.95 340.96  87436.73
 12.0  4181.0 291.59   0.007164   1.73 254.44 319.20  87588.95
 12.0  4211.0 291.96   0.005798   1.71 266.76 312.71  87576.02
 12.0  4242.0 293.47   0.005627   1.81 289.64 317.13  87482.86
 12.0  4273.0 295.40   0.007327   2.00 293.57 338.19  87377.25
 12.0  4303.0 295.59   0.009016   1.84 268.58 355.32  87346.20
 12.0  4334.0 294.75   0.011232   1.43 225.60 371.54  87322.27
 12.0  4364.0 292.83   0.012496   1.14 192.79 372.39  87441.84
 13.0  4395.0 292.56   0.012167   1.14 226.25 362.33  87445.93
 13.0  4426.0 293.45   0.011235   1.23 260.56 354.88  87285.12
 13.0  4454.0 293.50   0.011840   1.57 251.53 359.70  87363.55
 13.0  4485.0 293.49   0.011247   1.51 239.06 356.32  87332.17
 13.0  4515.0 292.34   0.009578   1.61 243.62 337.69  87477.40
 13.0  4546.0 291.71   0.007508   1.67 251.97 321.99  87495.14
 13.0  4576.0 291.53   0.005962   1.72 265.31 312.13  87568.20
 13.0  4607.0 293.20   0.005744   1.88 286.62 316.90  87560.94
 13.0  4638.0 295.15   0.006954   2.11 294.73 334.64  87448.02
 13.0  4668.0 295.57   0.009274   1.82 271.77 354.90  87291.77
 13.0  4699.0 294.73   0.011215   1.62 223.25 371.33  87258.11
 13.0  4729.0 292.79   0.012253   1.24 192.98 373.03  87413.70
 14.0  4760.0 292.66   0.011943   1.26 219.58 363.81  87425.91
 14.0  4791.0 293.89   0.011662   1.59 254.05 361.48  87317.84
 14.0  4819.0 293.87   0.012034   1.37 237.48 365.70  87370.59
 14.0  4850.0 293.98   0.010643   1.72 256.80 352.00  87347.29
 14.0  4880.0 292.56   0.010163   1.70 231.65 345.24  87410.74
 14.0  4911.0 290.47   0.006721   1.68 255.12 310.88  87608.68
 14.0  4941.0 290.98   0.005737   1.73 260.42 309.31  87578.63
 14.0  4972.0 292.84   0.006175   1.96 276.93 320.26  87466.82
 14.0  5003.0 294.56   0.006768   1.92 289.67 331.02  87382.03
 14.0  5033.0 295.10   0.008937   1.71 263.15 354.24  87319.67
 14.0  5064.0 294.55   0.010749   1.47 226.16 365.56  87289.16
 14.0  5094.0 292.99   0.011908   1.20 203.11 369.42  87372.64
 15.0  5125.0 292.47   0.011995   1.22 222.40 363.27  87379.05
 15.0  5156.0 292.81   0.011405   1.41 251.40 355.07  87360.97
 15.0  5184.0 293.34   0.011101   1.41 257.90 353.47  87294.27
 15.0  5215.0 292.91   0.010969   1.52 239.90 352.01  87314.75
 15.0  5245.0 291.80   0.009856   1.55 234.87 339.33  87482.16
 15.0  5276.0 291.13   0.006876   1.72 256.41 314.69  87475.50
 15.0  5306.0 291.15   0.005807   1.62 261.00 311.49  87515.35
 15.0  5337.0 292.58   0.005559   1.94 287.95 312.80  87552.42
 15.0  5368.0 294.73   0.007062   1.82 288.30 333.42  87352.18
 15.0  5398.0 295.37   0.008776   1.86 274.00 352.87  87290.92
 15.0  5429.0 294.23   0.010140   1.49 242.28 358.89  87253.98
 15.0  5459.0 292.53   0.011777   1.28 198.05 368.12  87344.38
 16.0  5490.0 292.33   0.011533   1.25 228.76 358.26  87406.11
 16.0  5521.0 293.06   0.010405   1.54 263.26 349.83  87259.86
 16.0  5549.0 293.08   0.011570   1.31 246.46 355.33  87273.93
 16.0  5580.0 293.09   0.010489   1.61 252.38 347.76  87335.06
 16.0  5610.0 292.08   0.009932   1.66 233.92 341.70  87514.76
 16.0  5641.0 291.16   0.006600   1.74 259.58 312.70  87526.08
 16.0  5671.0 291.23   0.005646   1.74 266.88 308.15  87465.69
 16.0  5702.0 292.95   0.005767   1.77 286.08 316.71  87513.52
 16.0  5733.0 294.98   0.007093   2.02 294.62 334.23  87344.30
 16.0  5763.0 295.07   0.009183   1.57 260.29 355.73  87283.12
 16.0  5794.0 294.24   0.011161   1.44 226.13 367.62  87321.83
 16.0  5824.0 292.38   0.011861   1.26 197.31 366.35  87339.75
 17.0  5855.0 292.51   0.011727   1.23 231.26 357.81  87332.62
 17.0  5886.0 293.32   0.011598   1.23 253.36 356.75  87255.07
 17.0  5914.0 293.98   0.010494   1.55 278.40 347.50  87230.24
 17.0  5945.0 293.35   0.011333   1.50 233.59 357.84  87352.82
 17.0  5975.0 292.34   0.009003   1.68 256.82 331.62  87489.52
 17.0  6006.0 291.60   0.006932   1.61 250.99 318.78  87500.97
 17.0  6036.0 291.51   0.005429   1.75 268.52 308.26  87495.27
 17.0  6067.0 293.31   0.006117   1.86 283.89 321.25  87495.52
 17.0  6098.0 294.99   0.007325   2.17 291.99 336.40  87382.88
 17.0  6128.0 294.88   0.009763   1.74 249.43 360.67  87322.62
 17.0  6159.0 294.45   0.010865   1.50 237.19 365.29  87271.05
 17.0  6189.0 292.67   0.012346   1.24 187.79 372.18  87366.52
 18.0  6220.0 292.59   0.011378   1.26 236.17 355.91  87410.35
 18.0  6251.0 293.52   0.011312   1.28 267.78 352.69  87269.94
 18.0  6279.0 293.55   0.011951   1.46 239.84 361.89  87315.60
 18.0  6310.0 293.02   0.011697   1.47 236.43 356.32  87392.43
 18.0  6340.0 291.88   0.010244   1.57 228.00 343.19  87524.44
 18.0  6371.0 291.62   0.006999   1.63 257.90 316.79  87485.59
 18.0  6401.0 291.14   0.005431   1.60 269.06 306.38  87549.67
 18.0  6432.0 292.91   0.005946   1.95 284.80 317.23  87533.00
 18.0  6463.0 294.89   0.008607   1.84 267.86 348.81  87381.14
 18.0  6493.0 294.95   0.010096   1.94 252.52 361.04  87302.48
 18.0  6524.0 293.81   0.011282   1.38 219.35 366.75  87255.19
 18.0  6554.0 292.30   0.012252   1.11 198.43 366.02  87371.31
 19.0  6585.0 292.30   0.012320   1.22 219.32 364.61  87409.34
 19.0  6616.0 292.59   0.011971   1.26 246.67 358.05  87383.36
 19.0  6644.0 293.30   0.010980   1.65 255.60 352.65  87303.45
 19.0  6675.0 292.32   0.011901   1.36 219.80 358.11  87405.45
 19.0  6705.0 291.33   0.009919   1.49 240.10 334.45  87480.84
 19.0  6736.0 291.03   0.007330   1.72 252.71 317.20  87566.58
 19.0  6766.0 291.20   0.005795   1.72 265.54 309.77  87601.23
 19.0  6797.0 293.27   0.006206   1.78 281.90 321.69  87486.90
 19.0  6828.0 294.85   0.007146   1.99 292.45 333.85  87460.22
 19.0  6858.0 295.61   0.009136   1.82 265.18 358.36  87327.23
 19.0  6889.0 293.50   0.012026   1.23 202.97 371.37  87299.88
 19.0  6919.0 292.77   0.011923   1.12 212.45 365.04  87344.19
 20.0  6950.0 292.37   0.012551   1.13 205.72 367.98  87434.09
 20.0  6981.0 293.09   0.011209   1.49 266.01 351.97  87338.38
 20.0  7009.0 293.19   0.011801   1.39 235.82 361.93  87300.28
 20.0  7040.0 293.21   0.011411   1.30 234.53 357.43  87343.58
 20.0  7070.0 292.23   0.009684   1.53 240.85 338.80  87435.09
 20.0  7101.0 291.32   0.007519   1.78 249.65 320.94  87562.45
 20.0  7131.0 291.36   0.005949   1.70 263.83 311.70  87576.10
 20.0  7162.0 292.78   0.005640   1.90 287.91 313.77  87500.80
 20.0  7193.0 295.10   0.006665   1.88 295.27 332.38  87402.28
 20.0  7223.0 295.36   0.009527   1.77 258.01 358.69  87307.00
 20.0  7254.0 294.29   0.011039   1.35 233.28 364.00  87254.76
 20.0  7284.0 292.82   0.011845   1.31 200.78 367.35  87405.45
 21.0  7315.0 292.96   0.011550   1.26 221.97 364.13  87438.22
 21.0  7346.0 293.71   0.011288   1.41 257.86 357.38  87310.39
 21.0  7374.0 293.64   0.011393   1.48 260.32 355.75  87332.28
 21.0  7405.0 293.96   0.010336   1.69 263.13 349.23  87314.58
 21.0  7435.0 293.12   0.009711   1.59 238.99 344.21  87447.55
 21.0  7466.0 291.62   0.006819   1.62 257.52 315.98  87472.24
 21.0  7496.0 291.21   0.005336   1.71 269.44 305.46  87570.08
 21.0  7527.0 293.29   0.005555   1.90 288.16 315.98  87456.70
 21.0  7558.0 294.63   0.007092   2.04 291.36 333.00  87420.39
 21.0  7588.0 295.31   0.009175   1.91 263.87 355.09  87390.68
 21.0  7619.0 294.25   0.011146   1.50 216.69 370.79  87264.25
 21.0  7649.0 292.46   0.012356   1.14 192.32 369.42  87421.89
 22.0  7680.0 292.74   0.011677   1.20 245.35 354.64  87435.34
 22.0  7711.0 293.41   0.011737   1.40 251.73 359.71  87348.11
 22.0  7739.0 293.56   0.011314   1.47 262.27 354.61  87308.10
 22.0  7770.0 293.79   0.010533   1.66 254.25 349.97  87358.61
 22.0  7800.0 292.56   0.010190   1.62 228.79 346.66  87465.96
 22.0  7831.0 291.31   0.006896   1.61 256.85 316.34  87571.02
 22.0  7861.0 291.66   0.005849   1.72 266.98 311.41  87536.42
 22.0  7892.0 293.07   0.005696   1.86 285.64 316.36  87511.52
 22.0  7923.0 295.09   0.007063   2.01 295.85 334.16  87443.90
 22.0  7953.0 295.41   0.009417   1.81 259.77 357.16  87337.52
 22.0  7984.0 294.30   0.011721   1.41 208.89 373.29  87283.63
 22.0  8014.0 292.65   0.012389   1.24 200.60 370.95  87371.13
 23.0  8045.0 292.60   0.011452   1.36 242.50 354.70  87383.02
 23.0  8076.0 293.39   0.011756   1.41 241.49 361.38  87261.06
 23.0  8104.0 293.71   0.011169   1.41 260.22 354.59  87307.83
 23.0  8135.0 292.84   0.011986   1.42 217.25 362.40  87397.27
 23.0  8165.0 291.84   0.009982   1.59 240.05 338.95  87543.87
 23.0  8196.0 290.98   0.007338   1.77 251.54 317.75  87588.38
 23.0  8226.0 291.10   0.005960   1.82 266.18 309.64  87593.44
 23.0  8257.0 293.19   0.006240   1.94 281.93 321.28  87465.94
 23.0  8288.0 294.96   0.007571   1.90 283.87 338.96  87402.70
 23.0  8318.0 295.29   0.008898   1.80 269.47 352.00  87362.29
 23.0  8349.0 294.60   0.011175   1.41 230.26 368.16  87281.02
 23.0  8379.0 292.67   0.012571   1.15 193.74 370.91  87395.86
 24.0  8410.0 292.69   0.011924   1.14 229.62 359.86  87429.75
 24.0  8441.0 293.44   0.011467   1.42 258.85 355.15  87352.29
 24.0  8469.0 293.79   0.011035   1.50 258.24 355.32  87270.64
 24.0  8500.0 292.74   0.011861   1.43 225.52 358.60  87437.16
 24.0  8530.0 292.24   0.009846   1.68 245.66 338.48  87506.84
 24.0  8561.0 291.19   0.007020   1.87 257.87 314.65  87552.47
 24.0  8591.0 292.17   0.006372   1.66 261.59 318.74  87483.06
 24.0  8622.0 293.30   0.006675   1.81 274.52 325.23  87515.59
 24.0  8653.0 294.80   0.007737   1.78 280.73 339.74  87407.56
 24.0  8683.0 295.07   0.009815   1.67 256.86 357.91  87338.09
 24.0  8714.0 293.52   0.011549   1.43 208.50 369.38  87279.55
 24.0  8744.0 292.10   0.012838   1.24 175.83 376.01  87459.83
 25.0  8775.0 292.28   0.012041   1.13 230.15 358.91  87493.02
 25.0  8806.0 292.89   0.011931   1.34 248.40 358.78  87388.31
 25.0  8834.0 293.78   0.010885   1.67 269.79 351.13  87264.99
 25.0  8865.0 292.57   0.011941   1.47 216.61 360.56  87426.38
 25.0  8895.0 292.23   0.010004   1.57 242.73 339.87  87496.82
 25.0  8926.0 291.63   0.007136   1.68 256.09 318.68  87542.55
 25.0  8956.0 291.69   0.005899   1.82 265.93 312.03  87553.30
 25.0  8987.0 293.19   0.006156   1.82 281.54 320.31  87471.93
 25.0  9018.0 295.20   0.007779   1.86 284.05 341.60  87355.45
 25.0  9048.0 295.26   0.009215   1.98 260.62 356.91  87329.16
 25.0  9079.0 293.58   0.011601   1.28 213.92 367.86  87328.86
 25.0  9109.0 292.45   0.012327   1.17 194.89 369.45  87436.84
 26.0  9140.0 292.31   0.012012   1.19 223.23 360.97  87419.61
 26.0  9171.0 293.00   0.011198   1.33 260.11 353.26  87297.16
 26.0  9199.0 293.95   0.011368   1.50 254.55 357.98  87244.11
 26.0  9230.0 292.95   0.011924   1.46 223.04 359.69  87327.38
 26.0  9260.0 291.31   0.009978   1.57 240.03 335.88  87559.18
 26.0  9291.0 291.17   0.007281   1.70 252.50 318.20  87580.36
 26.0  9321.0 291.07   0.005610   1.76 267.07 307.11  87630.57
 26.0  9352.0 293.03   0.005829   1.95 285.86 316.97  87495.04
 26.0  9383.0 294.95   0.006979   1.97 293.03 332.45  87421.38
 26.0  9413.0 295.15   0.009947   1.83 255.68 361.68  87341.02
 26.0  9444.0 293.86   0.011320   1.51 219.03 368.97  87355.02
 26.0  9474.0 292.77   0.012104   1.23 206.09 367.01  87394.55
 27.0  9505.0 292.19   0.012041   1.21 210.76 363.63  87351.83
 27.0  9536.0 292.73   0.012317   1.21 219.14 366.98  87359.74
 27.0  9564.0 292.75   0.011943   1.39 251.04 354.11  87335.38
 27.0  9595.0 292.68   0.011275   1.35 244.14 349.93  87327.05
 27.0  9625.0 292.34   0.009828   1.54 238.61 341.64  87494.66
 27.0  9656.0 291.36   0.007180   1.69 254.56 317.62  87560.14
 27.0  9686.0 291.66   0.005574   1.66 266.61 309.68  87542.58
 27.0  9717.0 293.11   0.005784   1.94 285.91 317.24  87518.27
 27.0  9748.0 295.25   0.008291   1.91 276.65 347.78  87390.66
 27.0  9778.0 295.32   0.010110   1.74 253.92 362.01  87307.13
 27.0  9809.0 293.39   0.012241   1.31 195.24 374.11  87329.42
 27.0  9839.0 292.12   0.012650   1.20 186.64 371.69  87424.65
 28.0  9870.0 292.33   0.012064   1.08 228.21 359.41  87460.81
 28.0  9901.0 293.38   0.011393   1.29 260.24 354.86  87372.27
 28.0  9929.0 293.76   0.011576   1.64 241.50 362.34  87286.19
 28.0  9960.0 292.45   0.011891   1.49 227.84 355.72  87396.44
 28.0  9990.0 291.85   0.010132   1.53 241.33 338.64  87505.92
 28.0 10021.0 291.45   0.007697   1.71 252.58 321.28  87552.32
 28.0 10051.0 291.52   0.005995   1.86 265.94 311.59  87544.02
 28.0 10082.0 293.43   0.006172   1.84 282.91 321.92  87505.65
 28.0 10113.0 295.01   0.006721   2.13 297.84 330.72  87438.79
 28.0 10143.0 295.68   0.008511   1.93 273.81 353.26  87323.75
 28.0 10174.0 294.81   0.010337   1.47 238.95 363.63  87240.03
 28.0 10204.0 293.22   0.011723   1.26 214.25 365.63  87336.38
 29.0 10235.0 292.27   0.012183   1.28 207.65 366.38  87420.23
 29.0 10266.0 293.57   0.010323   1.46 276.10 349.28  87286.84
 29.0 10294.0 294.26   0.011109   1.49 254.87 358.56  87258.77
 29.0 10325.0 293.43   0.011511   1.59 235.30 358.21  87405.68
 29.0 10355.0 292.24   0.009601   1.61 240.86 338.28  87495.35
 29.0 10386.0 291.88   0.006814   1.78 260.11 316.79  87501.70
 29.0 10416.0 291.84   0.005895   1.75 264.98 313.48  87550.45
 29.0 10447.0 293.18   0.006165   1.90 280.81 320.67  87471.78
 29.0 10478.0 295.09   0.007310   1.92 290.27 336.63  87392.82
 29.0 10508.0 295.16   0.009922   1.72 251.06 360.60  87318.66
 29.0 10539.0 293.48   0.011762   1.39 206.28 370.30  87359.72
 29.0 10569.0 292.31   0.012437   1.19 196.14 369.21  87386.71
 30.0 10600.0 292.00   0.012175   1.23 208.16 364.88  87405.63
 30.0 10631.0 292.58   0.011750   1.43 238.91 359.86  87337.60
 30.0 10659.0 292.88   0.011903   1.36 244.94 357.07  87355.03
 30.0 10690.0 293.03   0.011262   1.52 239.26 353.87  87361.70
 30.0 10720.0 292.33   0.010058   1.65 237.98 342.86  87518.79
 30.0 10751.0 291.41   0.007449   1.67 250.63 321.04  87585.19
 30.0 10781.0 291.58   0.005547   1.64 266.52 309.80  87598.27
 30.0 10812.0 293.13   0.006225   1.97 280.63 321.44  87523.20
 30.0 10843.0 295.03   0.007478   1.89 286.82 337.74  87437.68
 30.0 10873.0 295.07   0.009787   2.01 252.37 360.23  87342.72
 30.0 10904.0 294.12   0.010883   1.34 227.34 364.69  87290.92
 30.0 10934.0 292.51   0.012501   1.27 187.74 372.78  87396.82
 31.0 10965.0 292.47   0.011938   1.21 227.94 358.98  87425.52
 31.0 10996.0 293.40   0.012000   1.23 252.03 359.61  87332.46
 31.0 11024.0 293.80   0.010584   1.53 278.18 347.46  87341.91
 31.0 11055.0 293.94   0.010750   1.53 243.74 355.83  87307.92
 31.0 11085.0 292.70   0.009804   1.68 240.22 342.02  87507.28
 31.0 11116.0 291.58   0.007272   1.63 250.65 320.88  87551.11
 31.0 11146.0 291.20   0.005342   1.77 270.05 305.32  87588.42
 31.0 11177.0 293.45   0.006710   1.87 277.49 325.44  87477.12
 31.0 11208.0 294.66   0.008105   2.11 272.55 341.08  87449.46
 31.0 11238.0 295.02   0.009993   2.03 253.21 360.67  87386.20
 31.0 11269.0 294.20   0.011318   1.36 220.92 368.25  87309.87
 31.0 11299.0 293.16   0.012189   1.16 215.91 367.16  87372.06
 32.0 11330.0 292.74   0.012503   1.28 211.85 368.93  87412.34
 32.0 11361.0 293.17   0.012309   1.26 239.23 363.15  87408.28
 32.0 11389.0 294.40   0.010754   1.78 273.63 354.20  87242.25
 32.0 11420.0 292.31   0.012945   1.40 185.46 371.45  87467.25
 32.0 11450.0 291.55   0.010470   1.65 241.16 337.84  87513.14
 32.0 11481.0 290.97   0.007385   1.75 257.73 315.19  87579.97
 32.0 11511.0 291.31   0.005736   1.71 265.22 310.51  87556.63
 32.0 11542.0 293.05   0.005556   1.87 287.61 315.86  87519.82
 32.0 11573.0 295.20   0.006518   2.29 304.08 328.83  87450.62
 32.0 11603.0 295.41   0.008899   1.92 272.16 352.09  87353.78
 32.0 11634.0 294.98   0.010491   1.52 244.99 362.98  87296.50
 32.0 11664.0 293.82   0.011617   1.20 221.08 366.20  87315.73
 33.0 11695.0 292.93   0.011609   1.18 228.67 360.04  87370.14
 33.0 11726.0 294.34   0.009702   1.69 287.40 346.89  87213.27
 33.0 11754.0 294.12   0.011131   1.41 252.66 358.30  87297.66
 33.0 11785.0 294.50   0.010163   1.61 260.52 351.89  87274.81
 33.0 11815.0 293.29   0.008812   1.63 251.08 337.57  87460.24
 33.0 11846.0 292.16   0.006915   1.86 254.11 320.63  87546.66
 33.0 11876.0 291.60   0.005592   1.76 262.20 311.70  87640.72
 33.0 11907.0 292.95   0.005833   1.76 278.87 318.76  87514.62
 33.0 11938.0 294.83   0.007291   1.95 282.11 336.93  87474.30
 33.0 11968.0 295.36   0.008994   1.91 262.82 354.70  87360.81
 33.0 11999.0 293.86   0.010911   1.44 220.59 363.64  87275.08
 33.0 12029.0 292.89   0.012124   1.14 199.89 368.84  87356.13
 34.0 12060.0 293.17   0.011184   1.29 238.83 357.61  87369.35
 34.0 12091.0 293.19   0.011270   1.43 246.23 358.42  87354.35
 34.0 12119.0 293.73   0.011294   1.42 250.81 358.73  87347.03
 34.0 12150.0 293.35   0.011479   1.38 221.29 361.69  87367.27
 34.0 12180.0 292.04   0.009819   1.62 244.49 336.49  87477.49
 34.0 12211.0 291.43   0.007369   1.67 248.20 321.38  87532.67
 34.0 12241.0 291.19   0.005804   1.79 262.08 310.64  87612.77
 34.0 12272.0 292.43   0.005396   1.89 286.06 312.21  87558.37
 34.0 12303.0 294.96   0.007018   2.04 286.60 335.07  87434.52
 34.0 12333.0 295.79   0.008964   1.86 270.44 355.21  87270.28
 34.0 12364.0 294.16   0.011806   1.28 216.73 370.18  87303.86
 34.0 12394.0 292.95   0.011678   1.32 223.48 360.79  87351.03
 35.0 12425.0 292.78   0.012397   1.14 212.71 367.47  87380.45
 35.0 12456.0 293.13   0.011445   1.33 255.47 355.55  87354.06
 35.0 12484.0 293.77   0.011400   1.53 252.92 359.07  87317.60
 35.0 12515.0 293.26   0.011198   1.48 241.74 354.17  87342.47
 35.0 12545.0 292.54   0.009527   1.54 245.20 338.57  87477.59
 35.0 12576.0 291.29   0.007018   1.69 252.93 316.49  87553.40
 35.0 12606.0 291.84   0.006301   1.85 261.54 316.98  87571.27
 35.0 12637.0 293.27   0.006024   1.82 280.56 321.85  87554.74
 35.0 12668.0 295.09   0.007065   2.06 289.28 334.65  87408.65
 35.0 12698.0 295.48   0.009195   1.82 269.33 355.69  87324.77
 35.0 12729.0 294.36   0.011396   1.43 216.89 371.23  87343.81
 35.0 12759.0 293.04   0.012559   1.13 200.17 371.73  87398.65
 36.0 12790.0 292.87   0.012652   1.10 212.31 368.18  87380.77
 36.0 12821.0 293.14   0.011796   1.39 252.18 358.61  87384.03
 36.0 12849.0 293.82   0.011684   1.45 252.20 360.76  87290.65
 36.0 12880.0 293.33   0.011775   1.50 230.63 360.16  87392.18
 36.0 12910.0 292.45   0.009768   1.57 244.29 339.09  87483.56
 36.0 12941.0 291.59   0.006822   1.65 257.48 316.51  87527.62
 36.0 12971.0 291.53   0.005394   1.69 267.22 308.23  87603.36
 36.0 13002.0 293.33   0.006091   2.03 283.48 320.39  87499.32
 36.0 13033.0 295.25   0.007133   2.18 293.59 336.33  87431.25
 36.0 13063.0 295.20   0.010174   1.83 245.87 362.72  87270.67
 36.0 13094.0 294.16   0.011556   1.38 219.78 368.84  87324.05
 36.0 13124.0 292.65   0.012903   1.25 186.08 373.98  87381.17
 37.0 13155.0 292.51   0.012114   1.37 224.81 362.15  87462.31
 37.0 13186.0 293.22   0.011467   1.39 255.48 355.77  87362.71
 37.0 13214.0 293.44   0.011651   1.54 239.19 359.65  87410.48
 37.0 13245.0 293.63   0.011178   1.55 237.77 356.42  87328.12
 37.0 13275.0 292.25   0.009944   1.66 246.03 338.04  87470.09
 37.0 13306.0 291.42   0.007123   1.66 255.05 317.49  87549.19
 37.0 13336.0 292.34   0.006141   1.59 261.86 317.70  87499.91
 37.0 13367.0 293.53   0.005921   1.78 284.60 320.42  87482.11
 37.0 13398.0 295.43   0.007496   1.92 288.72 340.02  87365.62
 37.0 13428.0 295.78   0.009249   1.84 263.00 360.13  87339.95
 37.0 13459.0 294.25   0.011192   1.42 217.69 367.37  87324.28
 37.0 13489.0 293.54   0.011837   1.37 218.21 366.84  87359.98
 38.0 13520.0 292.84   0.012167   1.28 215.90 366.35  87391.62
 38.0 13551.0 294.24   0.010714   1.56 268.67 355.55  87259.67
 38.0 13579.0 294.05   0.011699   1.44 239.65 365.32  87333.92
 38.0 13610.0 293.51   0.011026   1.49 237.89 355.07  87360.38
 38.0 13640.0 292.52   0.010013   1.59 238.35 343.03  87472.19
 38.0 13671.0 291.84   0.007078   1.71 255.66 320.08  87587.67
 38.0 13701.0 291.80   0.005863   1.80 263.14 314.41  87631.51
 38.0 13732.0 293.19   0.005733   1.78 282.61 317.42  87490.33
 38.0 13763.0 295.28   0.006853   1.90 298.46 332.43  87420.37
 38.0 13793.0 295.51   0.009443   2.01 267.42 355.37  87374.61
 38.0 13824.0 293.80   0.011880   1.35 204.29 372.74  87371.72
 38.0 13854.0 292.87   0.012076   1.17 199.04 369.42  87433.96
 39.0 13885.0 292.70   0.012317   1.21 219.84 365.06  87440.76
 39.0 13916.0 293.55   0.011367   1.43 250.89 358.48  87392.72
 39.0 13944.0 294.21   0.011412   1.43 256.93 359.16  87335.54
 39.0 13975.0 293.52   0.011416   1.55 231.41 358.18  87414.95
 39.0 14005.0 292.98   0.009551   1.64 249.03 339.99  87460.92
 39.0 14036.0 291.80   0.006633   1.65 256.05 317.29  87605.02
 39.0 14066.0 291.88   0.005910   1.85 263.45 314.41  87596.35
 39.0 14097.0 293.74   0.006354   1.85 275.89 325.51  87525.28
 39.0 14128.0 295.45   0.007873   1.99 283.64 343.24  87403.50
 39.0 14158.0 296.04   0.009052   1.90 276.86 356.36  87358.55
 39.0 14189.0 294.66   0.011719   1.42 217.40 372.28  87289.30
 39.0 14219.0 292.66   0.012406   1.24 193.90 372.53  87444.02
 40.0 14250.0 292.91   0.011893   1.23 232.79 360.95  87396.73
 40.0 14281.0 294.12   0.011302   1.52 261.13 357.84  87309.47
 40.0 14309.0 294.03   0.012403   1.40 237.95 366.56  87332.05
 40.0 14340.0 293.99   0.011765   1.45 241.15 360.79  87366.29
 40.0 14370.0 292.29   0.010728   1.60 225.34 348.45  87516.73
 40.0 14401.0 291.56   0.007691   1.63 247.17 324.02  87588.02
 40.0 14431.0 291.44   0.005961   1.79 265.18 311.78  87618.12
 40.0 14462.0 293.48   0.005912   1.71 284.14 320.05  87522.48
 40.0 14493.0 295.45   0.007222   2.04 289.56 338.18  87445.19
 40.0 14523.0 295.20   0.010120   1.56 246.35 363.62  87372.48
 40.0 14554.0 294.61   0.011389   1.49 221.31 370.66  87354.41
 40.0 14584.0 292.98   0.012353   1.24 196.20 371.74  87402.38
 41.0 14615.0 293.42   0.011725   1.34 238.11 362.11  87416.30
 41.0 14646.0 293.56   0.011358   1.38 258.28 357.05  87341.53
 41.0 14674.0 293.95   0.011347   1.59 251.53 358.62  87370.18
 41.0 14705.0 293.80   0.010810   1.67 258.44 349.87  87383.58
 41.0 14735.0 293.04   0.009772   1.54 241.80 343.13  87479.39
 41.0 14766.0 292.09   0.007002   1.70 253.99 320.82  87520.83
 41.0 14796.0 292.06   0.005939   1.68 262.56 315.37  87624.43
 41.0 14827.0 293.27   0.005731   1.98 285.37 317.66  87508.14
 41.0 14858.0 295.53   0.007007   2.02 295.49 336.15  87443.67
 41.0 14888.0 295.77   0.009541   1.93 258.20 360.74  87384.70
 41.0 14919.0 294.50   0.011860   1.27 221.07 371.76  87325.27
 41.0 14949.0 292.32   0.012632   1.23 183.66 373.40  87464.65
 42.0 14980.0 292.79   0.012680   1.07 212.54 367.63  87478.90
 42.0 15011.0 293.51   0.010771   1.52 267.84 350.53  87354.80
 42.0 15039.0 294.07   0.012060   1.55 244.42 364.71  87337.76
 42.0 15070.0 293.23   0.011867   1.51 238.42 357.89  87435.59
 42.0 15100.0 292.55   0.009700   1.69 244.73 339.16  87535.09
 42.0 15131.0 292.03   0.007820   1.72 248.21 325.44  87559.73
 42.0 15161.0 291.42   0.005819   1.70 260.87 311.79  87626.47
 42.0 15192.0 293.25   0.006201   1.81 274.19 323.41  87557.98
 42.0 15223.0 295.34   0.007420   2.06 283.52 340.58  87454.51
 42.0 15253.0 295.32   0.009611   1.82 260.82 359.01  87338.83
 42.0 15284.0 293.83   0.011806   1.40 206.95 373.60  87346.09
 42.0 15314.0 292.19   0.012123   1.28 194.14 368.61  87462.43
 43.0 15345.0 292.16   0.011440   1.16 232.65 355.50  87453.65
 43.0 15376.0 293.26   0.011039   1.39 262.20 353.54  87315.14
 43.0 15404.0 294.08   0.011061   1.38 258.11 358.28  87239.44
 43.0 15435.0 293.71   0.010781   1.66 246.99 353.28  87275.39
 43.0 15465.0 293.01   0.009371   1.63 241.79 341.16  87473.58
 43.0 15496.0 291.59   0.007191   1.72 245.54 321.81  87537.16
 43.0 15526.0 291.02   0.005227   1.70 264.52 306.16  87592.52
 43.0 15557.0 293.29   0.006138   1.99 278.74 322.74  87496.80
 43.0 15588.0 294.95   0.007491   1.74 281.75 338.12  87340.70
 43.0 15618.0 295.38   0.009787   1.88 258.90 359.92  87319.29
 43.0 15649.0 293.99   0.011989   1.44 206.33 374.49  87343.34
 43.0 15679.0 292.99   0.011706   1.38 214.81 365.44  87382.34
 44.0 15710.0 292.86   0.012014   1.15 230.01 360.28  87385.84
 44.0 15741.0 293.67   0.010687   1.59 273.14 349.78  87338.97
 44.0 15769.0 293.69   0.012456   1.41 229.43 368.04  87327.30
 44.0 15800.0 293.04   0.011537   1.61 242.75 353.52  87396.16
 44.0 15830.0 291.97   0.009574   1.46 233.17 339.06  87509.77
 44.0 15861.0 291.34   0.007345   1.81 251.14 319.75  87566.71
 44.0 15891.0 291.84   0.005856   1.62 261.23 314.38  87540.78
 44.0 15922.0 293.23   0.006033   1.85 280.31 320.53  87506.11
 44.0 15953.0 294.97   0.007792   1.93 280.31 340.77  87419.32
 44.0 15983.0 295.46   0.009017   1.96 271.72 354.27  87346.80
 44.0 16014.0 293.67   0.012091   1.28 198.48 373.59  87344.39
 44.0 16044.0 292.73   0.012236   1.30 202.68 368.41  87407.21
 45.0 16075.0 292.54   0.012422   1.21 217.77 366.22  87444.02
 45.0 16106.0 293.82   0.011498   1.42 260.55 358.66  87245.36
 45.0 16134.0 293.67   0.012188   1.38 242.72 363.13  87288.69
 45.0 16165.0 293.18   0.011787   1.50 239.35 356.85  87378.44
 45.0 16195.0 292.50   0.009766   1.65 245.31 339.07  87460.91
 45.0 16226.0 291.52   0.006710   1.60 256.65 315.61  87531.02
 45.0 16256.0 291.96   0.006388   1.85 258.25 318.86  87584.17
 45.0 16287.0 293.27   0.006241   1.84 276.06 324.28  87564.50
 45.0 16318.0 295.29   0.006305   2.12 304.85 328.27  87475.02
 45.0 16348.0 295.28   0.009880   1.71 247.06 360.69  87327.78
 45.0 16379.0 293.98   0.012070   1.42 204.19 374.34  87345.70
 45.0 16409.0 292.58   0.012156   1.25 205.47 366.00  87394.29
 46.0 16440.0 292.67   0.011643   1.24 237.79 356.55  87383.83
 46.0 16471.0 293.73   0.011145   1.34 264.76 354.57  87291.05
 46.0 16499.0 293.90   0.011573   1.38 252.65 358.95  87258.35
 46.0 16530.0 293.39   0.011368   1.49 234.17 357.01  87361.08
 46.0 16560.0 292.27   0.010129   1.61 237.28 342.08  87499.04
 46.0 16591.0 291.72   0.007178   1.68 255.66 319.35  87524.76
 46.0 16621.0 291.66   0.006053   1.74 261.97 314.41  87612.64
 46.0 16652.0 292.94   0.005693   2.02 285.17 316.01  87591.58
 46.0 16683.0 295.36   0.006667   2.10 298.25 332.82  87412.35
 46.0 16713.0 295.87   0.009126   1.87 275.13 354.49  87294.18
 46.0 16744.0 294.93   0.010886   1.57 235.44 366.69  87303.08
 46.0 16774.0 293.09   0.012406   1.20 203.12 369.99  87413.98
 47.0 16805.0 292.96   0.012170   1.20 222.03 365.39  87412.78
 47.0 16836.0 293.32   0.012263   1.25 242.31 361.90  87376.44
 47.0 16864.0 293.90   0.011059   1.65 262.00 354.87  87265.79
 47.0 16895.0 293.05   0.011976   1.36 218.41 362.62  87433.31
 47.0 16925.0 292.32   0.009988   1.64 242.90 339.58  87492.55
 47.0 16956.0 291.34   0.007353   1.67 250.03 320.87  87593.12
 47.0 16986.0 291.36   0.005531   1.70 264.57 309.83  87605.78
 47.0 17017.0 293.32   0.006262   1.82 280.47 322.62  87509.23
 47.0 17048.0 295.58   0.007162   1.92 290.48 338.83  87419.84
 47.0 17078.0 295.64   0.009589   1.79 266.01 357.74  87344.97
 47.0 17109.0 294.74   0.011127   1.51 233.10 367.24  87293.42
 47.0 17139.0 293.23   0.012249   1.21 201.40 369.66  87348.91
 48.0 17170.0 292.63   0.012514   1.20 209.77 366.51  87447.36
 48.0 17201.0 293.82   0.010388   1.51 279.18 348.68  87249.21
 48.0 17229.0 294.01   0.011825   1.42 251.36 361.17  87285.28
 48.0 17260.0 293.87   0.011031   1.69 259.04 350.88  87361.41
 48.0 17290.0 293.53   0.009647   1.55 244.30 344.40  87427.05
 48.0 17321.0 292.52   0.006867   1.57 254.12 321.91  87528.96
 48.0 17351.0 292.06   0.005867   1.85 264.69 314.10  87594.42
 48.0 17382.0 293.97   0.006548   1.82 275.80 328.64  87544.58
 48.0 17413.0 295.80   0.007171   2.05 294.24 338.37  87442.24
 48.0 17443.0 295.39   0.009901   1.79 248.65 362.72  87340.38
 48.0 17474.0 294.74   0.011735   1.53 223.92 372.31  87328.27
 48.0 17504.0 293.11   0.012650   1.22 198.89 373.73  87415.37
 49.0 17535.0 293.43   0.011804   1.22 243.60 359.28  87440.63
 49.0 17566.0 294.32   0.011809   1.33 248.10 365.27  87306.19
 49.0 17594.0 294.68   0.011428   1.44 267.30 358.31  87343.84
 49.0 17625.0 293.95   0.011543   1.52 232.76 361.73  87398.05
 49.0 17655.0 293.13   0.009872   1.68 244.16 344.14  87540.91
 49.0 17686.0 292.51   0.007100   1.58 254.24 323.03  87544.62
 49.0 17716.0 291.91   0.005779   1.79 264.11 313.59  87658.47
 49.0 17747.0 293.89   0.006241   1.78 280.15 324.98  87500.33
 49.0 17778.0 295.49   0.008699   1.78 268.66 350.66  87364.97
 49.0 17808.0 296.06   0.009254   1.97 271.56 356.23  87365.52
 49.0 17839.0 294.44   0.011726   1.36 208.78 373.64  87318.74
 49.0 17869.0 293.02   0.012271   1.21 198.28 370.68  87421.95
 50.0 17900.0 292.77   0.012189   1.24 216.96 364.56  87435.27
 50.0 17931.0 293.74   0.011817   1.33 251.56 361.96  87376.17
 50.0 17959.0 294.15   0.011987   1.44 245.68 364.52  87288.91
 50.0 17990.0 293.38   0.011549   1.60 246.68 354.21  87362.08
 50.0 18020.0 292.56   0.010075   1.46 236.55 342.94  87496.31
 50.0 18051.0 291.95   0.007682   1.73 248.95 324.69  87520.86
 50.0 18081.0 291.66   0.005934   1.74 263.08 313.80  87620.93
 50.0 18112.0 293.87   0.006750   1.96 275.94 329.33  87472.73
 50.0 18143.0 295.40   0.007617   1.91 288.88 339.48  87389.57
 50.0 18173.0 295.74   0.009789   1.80 256.07 360.89  87363.28
 50.0 18204.0 294.46   0.011781   1.41 216.69 372.64  87324.83
 50.0 18234.0 292.51   0.012683   1.30 190.22 373.23  87467.21
 51.0 18265.0 292.93   0.012514   1.12 226.55 364.83  87477.16
 51.0 18296.0 293.56   0.011030   1.38 268.30 353.09  87386.91
 51.0 18324.0 294.90   0.010520   1.76 266.42 358.45  87245.33
 51.0 18355.0 293.44   0.012249   1.42 213.71 366.43  87380.99
 51.0 18385.0 292.18   0.010040   1.62 241.52 338.88  87546.25
 51.0 18416.0 291.68   0.007584   1.63 247.80 323.06  87588.28
 51.0 18446.0 291.47   0.006088   1.89 263.37 313.56  87623.48
 51.0 18477.0 292.96   0.005787   1.91 284.74 316.57  87636.08
 51.0 18508.0 295.50   0.006685   2.00 299.34 333.21  87426.05
 51.0 18538.0 296.25   0.008561   2.02 279.02 353.27  87365.45
 51.0 18569.0 295.00   0.011553   1.42 223.17 374.87  87338.19
 51.0 18599.0 293.04   0.012663   1.21 184.74 374.50  87439.38
 52.0 18630.0 293.27   0.012276   1.19 231.56 364.76  87369.00
 52.0 18661.0 294.02   0.011299   1.43 260.49 357.92  87299.41
 52.0 18689.0 294.57   0.011693   1.58 249.01 365.64  87330.39
 52.0 18720.0 293.96   0.011502   1.52 246.96 357.23  87401.90
 52.0 18750.0 293.09   0.010155   1.70 239.26 345.71  87520.14
 52.0 18781.0 291.98   0.007480   1.67 250.74 323.31  87530.55
 52.0 18811.0 292.32   0.005982   1.66 261.95 317.81  87560.14
 52.0 18842.0 293.62   0.005965   1.79 282.26 321.94  87527.77
 52.0 18873.0 295.67   0.007215   1.88 295.39 337.79  87467.84
 52.0 18903.0 296.02   0.009212   1.94 267.35 360.45  87349.41
 52.0 18934.0 294.61   0.011386   1.37 218.80 370.40  87329.22
 52.0 18964.0 293.16   0.012792   1.19 190.92 375.17  87418.09
 53.0 18995.0 293.39   0.011214   1.16 252.62 355.17  87371.95
 53.0 19026.0 293.93   0.012543   1.20 237.76 365.79  87267.69
 53.0 19054.0 294.05   0.011828   1.50 256.01 359.82  87360.22
 53.0 19085.0 294.15   0.011471   1.51 243.93 358.75  87367.84
 53.0 19115.0 292.70   0.009782   1.56 240.22 341.44  87530.70
 53.0 19146.0 292.50   0.007034   1.67 255.79 322.51  87509.42
 53.0 19176.0 291.91   0.005753   1.75 263.12 313.34  87583.48
 53.0 19207.0 294.12   0.006376   1.80 278.05 328.32  87534.40
 53.0 19238.0 295.85   0.006980   2.17 300.99 335.79  87436.83
 53.0 19268.0 295.38   0.010681   1.58 243.34 367.53  87306.09
 53.0 19299.0 294.31   0.011790   1.39 219.91 371.14  87377.73
 53.0 19329.0 293.28   0.012910   1.19 195.37 375.29  87443.90
 54.0 19360.0 293.10   0.012189   1.27 231.03 363.88  87427.47
 54.0 19391.0 293.95   0.011816   1.32 255.78 360.84  87337.02
 54.0 19419.0 294.36   0.011944   1.52 253.10 363.38  87314.38
 54.0 19450.0 293.67   0.011621   1.61 238.02 358.22  87387.43
 54.0 19480.0 293.54   0.009892   1.56 243.66 345.55  87498.83
 54.0 19511.0 292.16   0.006939   1.54 253.20 320.63  87534.45
 54.0 19541.0 292.31   0.006084   1.81 260.88 317.52  87523.45
 54.0 19572.0 293.84   0.006182   1.87 278.73 324.56  87522.00
 54.0 19603.0 295.88   0.007340   1.94 291.26 340.17  87440.02
 54.0 19633.0 296.05   0.008829   2.10 273.16 356.45  87369.12
 54.0 19664.0 295.86   0.010803   1.68 238.20 372.28  87291.81
 54.0 19694.0 293.24   0.012886   1.27 178.20 381.82  87418.55
 55.0 19725.0 293.18   0.012673   1.11 214.92 370.30  87414.34
 55.0 19756.0 293.38   0.011506   1.48 253.66 357.99  87362.32
 55.0 19784.0 294.22   0.011782   1.47 249.77 362.74  87315.51
 55.0 19815.0 293.84   0.011931   1.49 236.44 361.15  87395.02
 55.0 19845.0 292.98   0.009820   1.59 242.86 342.85  87515.65
 55.0 19876.0 291.98   0.006660   1.68 259.02 316.60  87562.58
 55.0 19906.0 292.28   0.005991   1.80 261.95 317.03  87569.41
 55.0 19937.0 294.07   0.006424   1.76 277.06 327.90  87535.23
 55.0 19968.0 295.83   0.007793   2.03 284.42 345.25  87384.59
 55.0 19998.0 294.96   0.011024   1.51 228.32 369.40  87392.42
 55.0 20029.0 294.37   0.012201   1.33 212.21 373.99  87344.54
 55.0 20059.0 292.61   0.012994   1.16 182.63 374.58  87472.55
 56.0 20090.0 292.83   0.012091   1.13 236.97 359.92  87447.95
 56.0 20121.0 293.88   0.012516   1.30 246.26 365.99  87387.34
 56.0 20149.0 294.29   0.011436   1.51 268.05 357.02  87313.09
 56.0 20180.0 293.95   0.011479   1.59 240.12 359.05  87390.39
 56.0 20210.0 293.00   0.009578   1.60 246.47 340.24  87489.92
 56.0 20241.0 292.71   0.007063   1.70 256.43 323.14  87528.55
 56.0 20271.0 292.39   0.005908   1.66 261.17 317.69  87624.88
 56.0 20302.0 293.73   0.007031   2.01 271.47 329.38  87609.08
 56.0 20333.0 295.79   0.007514   2.09 288.43 341.71  87449.55
 56.0 20363.0 295.38   0.010398   1.81 241.30 367.08  87404.52
 56.0 20394.0 295.32   0.011623   1.54 228.07 374.45  87359.11
 56.0 20424.0 293.45   0.012760   1.32 197.07 374.98  87366.74
