  1.0    15.0 292.78   0.011578   2.13 255.97 368.14  89045.38
  1.0    46.0 292.25   0.012001   2.24 279.94 365.80  88997.64
  1.0    74.0 291.95   0.012225   2.09 278.10 366.30  89181.42
  1.0   105.0 290.34   0.010932   2.25 251.75 351.95  89361.62
  1.0   135.0 288.93   0.009577   2.35 215.27 346.00  89543.04
  1.0   166.0 286.89   0.008276   2.38 171.14 335.05  89719.26
  1.0   196.0 287.41   0.007149   2.36 208.44 315.73  89689.77
  1.0   227.0 291.04   0.007074   2.79 262.78 317.52  89482.59
  1.0   258.0 291.62   0.008809   2.66 241.60 344.25  89303.05
  1.0   288.0 294.02   0.009237   2.63 247.41 362.42  89135.74
  1.0   319.0 294.56   0.009694   2.66 275.81 361.86  89032.09
  1.0   349.0 293.13   0.010963   2.26 244.59 368.99  89107.59
  2.0   380.0 292.43   0.011097   2.28 262.89 367.34  89176.73
  2.0   411.0 292.99   0.012023   2.19 282.03 365.05  89058.04
  2.0   439.0 291.51   0.012311   2.01 237.55 366.65  89152.73
  2.0   470.0 291.14   0.011958   2.25 248.04 360.53  89296.44
  2.0   500.0 289.49   0.009990   2.30 221.77 348.83  89450.55
  2.0   531.0 288.19   0.008953   2.17 193.00 340.47  89536.12
  2.0   561.0 286.67   0.007629   2.29 182.84 327.27  89655.85
  2.0   592.0 289.78   0.007851   2.48 208.37 337.40  89441.66
  2.0   623.0 293.59   0.006692   2.87 293.19 321.64  89255.98
  2.0   653.0 292.83   0.009179   2.81 270.39 353.51  89324.90
  2.0   684.0 294.29   0.009575   2.71 257.75 363.58  89198.81
  2.0   714.0 293.92   0.010949   2.24 257.38 370.54  89117.23
  3.0   745.0 293.33   0.012313   2.01 238.00 376.95  89074.88
  3.0   776.0 292.77   0.012816   1.96 271.84 372.42  89075.59
  3.0   804.0 291.49   0.012851   1.96 265.89 362.09  89190.36
  3.0   835.0 290.89   0.011680   2.10 239.26 360.76  89278.02
  3.0   865.0 288.76   0.009789   2.21 191.08 349.75  89458.30
  3.0   896.0 287.71   0.009121   2.27 199.22 338.02  89584.16
  3.0   926.0 286.70   0.007841   2.30 189.22 331.60  89624.08
  3.0   957.0 288.92   0.007213   2.42 233.18 321.47  89527.98
  3.0   988.0 291.49   0.008749   2.40 219.72 350.06  89312.59
  3.0  1018.0 292.98   0.009681   2.69 274.75 351.80  89169.52
  3.0  1049.0 292.94   0.010225   2.44 245.55 361.82  89148.74
  3.0  1079.0 292.35   0.011849   2.16 270.65 366.45  89058.19
  4.0  1110.0 291.99   0.012103   2.03 273.70 364.85  89082.33
  4.0  1141.0 292.61   0.012035   1.98 262.32 370.79  89090.82
  4.0  1169.0 291.74   0.011711   2.04 251.44 366.25  89187.80
  4.0  1200.0 290.31   0.010553   2.23 221.99 356.17  89280.00
  4.0  1230.0 288.88   0.008469   2.41 202.65 344.63  89506.81
  4.0  1261.0 289.42   0.008423   2.36 199.16 338.47  89528.62
  4.0  1291.0 287.34   0.007836   2.38 188.20 331.65  89635.09
  4.0  1322.0 289.38   0.007903   2.43 205.08 339.85  89627.73
  4.0  1353.0 291.88   0.008218   2.72 240.67 341.52  89380.42
  4.0  1383.0 293.97   0.008886   2.89 278.32 354.81  89229.73
  4.0  1414.0 294.74   0.009364   2.73 259.67 362.13  89133.16
  4.0  1444.0 292.95   0.011006   2.34 260.95 366.22  89179.48
  5.0  1475.0 293.31   0.012272   2.06 264.07 372.73  89025.99
  5.0  1506.0 292.94   0.011632   2.29 266.51 367.43  89205.62
  5.0  1534.0 291.83   0.012209   2.12 273.58 364.52  89201.30
  5.0  1565.0 291.05   0.010890   2.27 241.81 357.09  89338.12
  5.0  1595.0 289.16   0.009594   2.31 190.60 350.30  89473.06
  5.0  1626.0 287.68   0.008608   2.29 175.57 339.08  89534.04
  5.0  1656.0 288.08   0.007937   2.39 181.12 335.05  89529.98
  5.0  1687.0 290.05   0.007687   2.64 254.97 322.50  89440.91
  5.0  1718.0 291.71   0.009157   2.65 252.79 347.88  89322.25
  5.0  1748.0 293.19   0.009549   2.71 245.98 360.96  89177.94
  5.0  1779.0 292.68   0.010765   2.41 256.35 363.99  89194.92
  5.0  1809.0 292.48   0.010722   2.32 244.63 360.30  89171.05
  6.0  1840.0 292.72   0.011924   2.06 263.70 369.55  89083.05
  6.0  1871.0 293.30   0.011525   2.23 270.78 371.36  89136.35
  6.0  1899.0 292.38   0.011410   2.42 266.61 364.51  89237.88
  6.0  1930.0 291.78   0.011445   2.32 236.34 362.36  89212.68
  6.0  1960.0 289.98   0.010132   2.43 209.59 354.24  89430.48
  6.0  1991.0 288.32   0.008841   2.29 188.53 343.40  89593.54
  6.0  2021.0 287.57   0.007153   2.42 197.08 318.83  89557.14
  6.0  2052.0 290.85   0.007519   2.59 231.35 327.91  89288.56
  6.0  2083.0 292.83   0.007631   2.80 259.84 334.57  89153.52
  6.0  2113.0 293.20   0.008356   2.84 263.40 343.66  89241.15
  6.0  2144.0 293.02   0.010668   2.36 243.22 363.14  89117.55
  6.0  2174.0 292.47   0.011055   2.32 281.08 361.41  89160.70
  7.0  2205.0 292.44   0.011949   1.87 251.42 365.70  89102.51
  7.0  2236.0 291.17   0.012807   1.72 250.99 366.24  89194.16
  7.0  2264.0 291.20   0.012571   1.88 261.63 361.68  89182.55
  7.0  2295.0 290.78   0.010976   2.13 241.34 357.78  89340.94
  7.0  2325.0 289.34   0.010064   2.31 223.54 348.32  89462.39
  7.0  2356.0 286.98   0.008206   2.33 182.91 331.37  89653.54
  7.0  2386.0 286.15   0.007150   2.42 199.71 316.92  89769.70
  7.0  2417.0 290.03   0.007126   2.58 247.37 313.68  89409.45
  7.0  2448.0 290.73   0.008931   2.71 254.38 340.70  89512.32
  7.0  2478.0 293.42   0.009160   2.76 264.99 353.65  89261.67
  7.0  2509.0 294.22   0.009707   2.64 256.04 364.86  89187.09
  7.0  2539.0 295.13   0.010036   2.60 269.67 366.67  89104.30
  8.0  2570.0 293.26   0.011427   2.27 262.22 369.00  89071.41
  8.0  2601.0 293.84   0.011394   2.31 270.75 370.33  89100.89
  8.0  2629.0 293.46   0.011591   2.29 253.52 370.57  89191.67
  8.0  2660.0 292.33   0.011218   2.14 220.25 368.67  89293.79
  8.0  2690.0 290.81   0.009533   2.32 197.22 354.50  89396.36
  8.0  2721.0 288.97   0.008519   2.41 176.19 345.24  89644.12
  8.0  2751.0 289.19   0.008196   2.45 190.42 338.75  89659.38
  8.0  2782.0 289.40   0.007846   2.50 206.66 334.13  89591.94
  8.0  2813.0 292.44   0.008112   2.88 258.54 339.53  89353.26
  8.0  2843.0 293.83   0.009054   2.91 247.98 357.98  89263.88
  8.0  2874.0 293.73   0.009826   2.67 253.37 362.88  89157.73
  8.0  2904.0 292.93   0.011178   2.26 260.39 364.45  89031.16
  9.0  2935.0 293.53   0.011585   2.14 259.73 373.59  89085.87
  9.0  2966.0 292.41   0.011959   2.16 263.87 367.49  89157.04
  9.0  2994.0 292.17   0.011810   2.19 270.95 363.95  89216.84
  9.0  3025.0 290.72   0.011899   1.98 219.92 362.53  89268.01
  9.0  3055.0 288.92   0.009364   2.13 201.81 344.27  89360.89
  9.0  3086.0 286.93   0.007747   2.30 181.89 334.12  89617.99
  9.0  3116.0 288.29   0.007631   2.23 188.97 331.43  89562.62
  9.0  3147.0 289.63   0.008739   2.60 206.18 346.91  89582.08
  9.0  3178.0 292.01   0.008058   2.79 233.26 343.16  89371.25
  9.0  3208.0 293.50   0.008932   2.82 245.13 357.83  89241.15
  9.0  3239.0 293.67   0.009545   2.72 276.51 358.64  89157.69
  9.0  3269.0 293.33   0.010406   2.55 266.48 363.20  89140.88
 10.0  3300.0 293.59   0.011109   2.42 261.12 369.85  89131.14
 10.0  3331.0 293.12   0.011632   2.29 268.05 369.97  89178.43
 10.0  3359.0 293.47   0.011124   2.37 263.70 367.86  89205.37
 10.0  3390.0 291.93   0.011549   2.30 241.00 363.73  89345.06
 10.0  3420.0 289.44   0.008874   2.25 179.95 347.94  89470.43
 10.0  3451.0 288.42   0.008037   2.17 184.40 338.62  89481.57
 10.0  3481.0 288.14   0.006915   2.40 197.33 323.07  89595.37
 10.0  3512.0 289.71   0.007868   2.53 205.99 334.82  89500.88
 10.0  3543.0 291.15   0.006816   2.74 254.32 326.39  89428.20
 10.0  3573.0 293.09   0.009528   2.65 241.43 355.48  89200.91
 10.0  3604.0 294.23   0.009835   2.75 271.59 358.99  89167.53
 10.0  3634.0 293.17   0.011397   2.28 275.32 365.21  89116.49
 11.0  3665.0 292.48   0.012159   1.96 243.19 370.56  89090.06
 11.0  3696.0 291.50   0.011896   2.04 272.89 361.48  89357.59
 11.0  3724.0 291.64   0.012292   2.07 262.69 366.10  89236.10
 11.0  3755.0 290.84   0.011433   2.20 243.89 359.91  89334.20
 11.0  3785.0 289.31   0.009927   2.30 195.87 352.12  89550.63
 11.0  3816.0 287.88   0.008741   2.30 182.17 340.43  89580.50
 11.0  3846.0 288.53   0.008331   2.38 191.69 340.52  89627.77
 11.0  3877.0 289.61   0.008118   2.48 207.84 342.91  89525.87
 11.0  3908.0 292.47   0.008975   2.70 234.48 353.67  89287.15
 11.0  3938.0 294.73   0.008828   2.87 263.15 353.13  89127.72
 11.0  3969.0 292.97   0.010187   2.60 259.80 365.35  89224.65
 11.0  3999.0 293.99   0.010514   2.46 275.93 366.65  89185.38
 12.0  4030.0 293.09   0.011447   2.09 235.76 374.61  89174.27
 12.0  4061.0 292.84   0.012253   2.07 277.77 368.98  89189.26
 12.0  4089.0 291.81   0.012193   2.07 258.15 367.01  89165.89
 12.0  4120.0 290.94   0.011945   2.17 250.66 361.59  89351.88
 12.0  4150.0 289.71   0.010199   2.20 214.25 350.51  89398.67
 12.0  4181.0 288.85   0.009539   2.08 193.70 347.16  89410.78
 12.0  4211.0 287.16   0.007719   2.16 180.08 329.70  89562.95
 12.0  4242.0 289.09   0.007653   2.25 191.51 339.00  89482.20
 12.0  4273.0 291.57   0.007634   2.67 247.07 337.61  89448.64
 12.0  4303.0 293.98   0.009255   2.70 252.52 361.52  89097.73
 12.0  4334.0 293.90   0.009659   2.67 249.92 359.88  89141.48
 12.0  4364.0 294.80   0.009869   2.74 265.39 367.14  89057.27
 13.0  4395.0 293.16   0.011337   2.48 285.08 367.10  89117.01
 13.0  4426.0 292.92   0.011444   2.21 261.18 368.99  89079.99
 13.0  4454.0 292.85   0.012135   1.90 247.08 373.14  89077.17
 13.0  4485.0 291.24   0.011609   2.21 249.65 361.26  89285.62
 13.0  4515.0 289.65   0.010631   2.27 219.18 351.17  89363.97
 13.0  4546.0 287.80   0.008936   2.39 180.29 341.85  89624.06
 13.0  4576.0 286.85   0.007657   2.25 180.55 335.25  89692.26
 13.0  4607.0 288.84   0.007564   2.55 232.01 322.38  89525.55
 13.0  4638.0 291.48   0.008007   2.77 251.40 336.74  89371.63
 13.0  4668.0 291.81   0.009538   2.72 248.93 356.47  89227.59
 13.0  4699.0 292.13   0.009856   2.50 245.42 358.91  89144.28
 13.0  4729.0 293.48   0.009838   2.55 262.88 364.06  89035.12
 14.0  4760.0 292.19   0.011066   2.33 274.14 365.08  89085.36
 14.0  4791.0 293.02   0.011121   2.37 280.34 368.75  89101.52
 14.0  4819.0 292.16   0.012646   1.89 244.79 371.37  89050.92
 14.0  4850.0 290.06   0.011174   2.27 250.40 355.75  89348.63
 14.0  4880.0 288.84   0.010126   2.25 180.81 354.51  89424.73
 14.0  4911.0 288.26   0.009414   2.30 185.62 348.32  89507.99
 14.0  4941.0 286.80   0.007692   2.29 184.53 327.06  89610.31
 14.0  4972.0 288.45   0.008652   2.20 183.19 347.63  89499.51
 14.0  5003.0 291.13   0.008203   2.70 253.57 334.84  89358.21
 14.0  5033.0 293.16   0.009039   2.75 259.25 356.67  89188.57
 14.0  5064.0 294.03   0.009317   2.60 240.21 360.97  89132.64
 14.0  5094.0 294.06   0.010442   2.51 259.60 364.70  89148.24
 15.0  5125.0 293.83   0.011412   2.40 285.66 370.78  89158.01
 15.0  5156.0 292.49   0.011765   2.18 267.30 364.89  89265.20
 15.0  5184.0 291.97   0.012003   2.08 251.14 366.52  89244.62
 15.0  5215.0 290.86   0.011868   2.21 244.14 361.36  89329.49
 15.0  5245.0 289.73   0.009765   2.22 218.49 348.87  89484.23
 15.0  5276.0 287.19   0.008115   2.35 180.78 334.97  89694.71
 15.0  5306.0 287.53   0.008138   2.43 198.51 332.92  89640.68
 15.0  5337.0 290.73   0.007809   2.52 223.70 334.67  89408.99
 15.0  5368.0 292.55   0.008347   2.84 263.69 341.50  89379.20
 15.0  5398.0 292.50   0.009702   2.64 254.58 357.55  89204.20
 15.0  5429.0 293.68   0.009645   2.69 259.17 359.73  89123.16
 15.0  5459.0 293.05   0.011406   2.18 258.68 368.55  89117.81
 16.0  5490.0 292.73   0.011986   2.05 258.94 369.83  89095.02
 16.0  5521.0 291.59   0.012392   1.83 237.57 368.18  89141.33
 16.0  5549.0 291.18   0.012663   1.93 257.41 364.60  89227.19
 16.0  5580.0 290.52   0.011474   2.14 255.20 354.49  89399.07
 16.0  5610.0 289.83   0.010723   2.18 215.30 351.93  89490.81
 16.0  5641.0 287.22   0.008620   2.21 174.07 339.72  89617.27
 16.0  5671.0 287.33   0.008515   2.36 191.02 338.97  89649.80
 16.0  5702.0 288.95   0.009471   2.36 194.97 349.22  89535.14
 16.0  5733.0 290.10   0.008248   2.44 232.18 336.22  89428.32
 16.0  5763.0 291.44   0.009820   2.54 263.40 352.21  89325.04
 16.0  5794.0 293.82   0.010210   2.46 268.01 360.77  89127.24
 16.0  5824.0 293.01   0.011454   2.31 256.74 371.22  89113.80
 17.0  5855.0 291.69   0.012829   1.70 241.34 367.77  89154.49
 17.0  5886.0 292.26   0.012858   1.75 260.50 370.55  89138.70
 17.0  5914.0 291.29   0.012476   2.12 279.63 361.38  89292.48
 17.0  5945.0 290.74   0.010849   2.03 229.36 353.76  89403.05
 17.0  5975.0 289.06   0.010341   2.38 216.28 348.52  89480.78
 17.0  6006.0 288.13   0.009431   2.30 170.09 350.33  89575.53
 17.0  6036.0 286.95   0.007900   2.36 198.77 328.78  89629.88
 17.0  6067.0 287.36   0.008045   2.43 209.69 330.35  89687.59
 17.0  6098.0 290.93   0.008636   2.64 258.46 334.95  89434.07
 17.0  6128.0 292.15   0.009222   2.74 267.81 351.53  89328.03
 17.0  6159.0 293.93   0.008634   2.88 269.77 356.37  89232.59
 17.0  6189.0 294.12   0.010022   2.52 248.73 364.99  89093.41
 18.0  6220.0 292.89   0.011241   2.19 250.27 368.41  89146.04
 18.0  6251.0 292.29   0.012138   2.02 267.80 367.22  89170.02
 18.0  6279.0 291.50   0.012432   2.00 271.16 362.91  89145.77
 18.0  6310.0 290.45   0.011760   2.17 240.40 356.93  89362.30
 18.0  6340.0 288.54   0.009936   2.21 208.77 346.12  89483.11
 18.0  6371.0 287.40   0.008545   2.31 191.59 338.39  89660.81
 18.0  6401.0 286.87   0.007576   2.20 185.84 332.44  89625.30
 18.0  6432.0 290.31   0.009191   2.51 217.39 344.73  89440.84
 18.0  6463.0 292.47   0.007766   2.83 274.48 332.03  89306.10
 18.0  6493.0 294.01   0.009036   2.75 262.42 357.33  89173.78
 18.0  6524.0 293.59   0.009644   2.71 271.79 354.87  89171.20
 18.0  6554.0 294.10   0.010473   2.52 263.48 368.28  89152.24
 19.0  6585.0 293.13   0.011731   2.09 249.59 368.83  89203.57
 19.0  6616.0 293.24   0.012050   2.18 259.58 371.69  89057.52
 19.0  6644.0 292.12   0.012545   2.04 258.27 366.23  89184.42
 19.0  6675.0 290.77   0.011277   2.23 246.41 357.44  89381.32
 19.0  6705.0 288.99   0.008938   2.38 200.89 342.71  89538.11
 19.0  6736.0 288.43   0.008553   2.36 189.73 339.20  89578.69
 19.0  6766.0 287.71   0.007403   2.43 187.49 334.28  89727.61
 19.0  6797.0 289.20   0.007792   2.51 204.76 338.87  89538.02
 19.0  6828.0 291.97   0.007380   2.94 264.52 327.19  89468.45
 19.0  6858.0 293.47   0.008596   2.90 269.33 351.35  89191.58
 19.0  6889.0 292.94   0.010079   2.64 258.02 359.18  89169.05
 19.0  6919.0 293.37   0.010508   2.45 276.32 366.79  89134.62
 20.0  6950.0 292.52   0.011541   2.19 267.46 366.48  89086.98
 20.0  6981.0 292.07   0.012081   2.06 266.30 366.43  89130.91
 20.0  7009.0 291.36   0.012098   2.08 267.04 361.79  89200.71
 20.0  7040.0 290.58   0.010411   2.19 231.43 356.15  89355.86
 20.0  7070.0 289.43   0.009823   2.37 198.46 348.39  89428.25
 20.0  7101.0 288.33   0.007855   2.39 187.08 334.21  89524.08
 20.0  7131.0 288.29   0.007770   2.41 190.31 328.91  89585.09
 20.0  7162.0 290.29   0.007280   2.56 220.33 331.30  89419.99
 20.0  7193.0 291.85   0.008726   2.62 214.57 351.00  89359.56
 20.0  7223.0 294.51   0.008045   3.00 290.83 339.41  89157.02
 20.0  7254.0 295.79   0.009128   2.87 275.27 359.46  89047.56
 20.0  7284.0 293.67   0.010962   2.36 264.80 365.58  89185.00
 21.0  7315.0 294.25   0.011764   2.26 264.52 375.78  89070.82
 21.0  7346.0 293.29   0.012669   2.04 243.76 377.31  89059.47
 21.0  7374.0 293.07   0.011904   2.28 258.90 368.90  89199.20
 21.0  7405.0 291.86   0.011218   2.26 236.33 362.18  89358.90
 21.0  7435.0 290.33   0.009867   2.38 205.52 352.09  89420.48
 21.0  7466.0 287.74   0.008402   2.33 166.58 341.97  89617.57
 21.0  7496.0 288.41   0.007712   2.32 198.55 330.85  89539.62
 21.0  7527.0 289.19   0.007647   2.58 221.79 331.92  89515.70
 21.0  7558.0 292.41   0.007576   2.90 285.01 323.76  89283.33
 21.0  7588.0 292.80   0.009331   2.63 245.40 352.03  89207.55
 21.0  7619.0 292.95   0.009860   2.55 252.77 362.76  89150.12
 21.0  7649.0 292.18   0.011050   2.21 257.13 362.79  89137.82
 22.0  7680.0 293.00   0.011395   2.18 259.73 368.47  89066.10
 22.0  7711.0 292.99   0.011833   2.06 241.26 372.91  88944.29
 22.0  7739.0 291.76   0.011970   2.07 263.45 365.16  89224.41
 22.0  7770.0 290.31   0.010587   2.43 244.57 353.72  89426.63
 22.0  7800.0 288.63   0.008470   2.22 194.44 340.04  89447.11
 22.0  7831.0 286.63   0.007762   2.22 165.17 334.36  89614.77
 22.0  7861.0 288.25   0.007446   2.36 179.70 332.73  89567.33
 22.0  7892.0 290.85   0.007266   2.63 247.48 323.27  89427.64
 22.0  7923.0 291.50   0.008636   2.76 241.84 345.34  89328.45
 22.0  7953.0 293.72   0.008817   2.85 265.74 354.67  89223.03
 22.0  7984.0 294.14   0.009619   2.59 233.40 364.67  89144.16
 22.0  8014.0 292.51   0.011079   2.36 270.22 363.58  89182.69
 23.0  8045.0 293.70   0.011320   2.30 252.65 370.65  88947.71
 23.0  8076.0 293.89   0.011595   2.28 260.70 374.61  89020.45
 23.0  8104.0 292.46   0.011663   2.32 261.03 368.23  89162.07
 23.0  8135.0 291.19   0.012010   2.00 246.08 359.78  89284.77
 23.0  8165.0 288.58   0.009437   2.24 211.07 341.44  89507.74
 23.0  8196.0 288.98   0.009152   2.23 177.74 347.75  89486.34
 23.0  8226.0 288.38   0.006714   2.52 225.99 310.73  89590.14
 23.0  8257.0 289.66   0.007507   2.58 226.66 325.05  89529.17
 23.0  8288.0 292.11   0.007655   2.86 259.15 334.05  89382.38
 23.0  8318.0 293.06   0.009700   2.68 274.26 355.12  89168.92
 23.0  8349.0 292.23   0.010277   2.53 264.87 356.54  89243.12
 23.0  8379.0 292.58   0.011337   2.32 270.03 363.10  89174.53
 24.0  8410.0 291.92   0.012735   1.90 269.04 365.91  89152.51
 24.0  8441.0 291.34   0.013119   1.85 262.51 365.24  89039.04
 24.0  8469.0 291.74   0.012759   1.96 274.25 365.37  89175.72
 24.0  8500.0 290.36   0.011808   2.14 242.44 358.88  89378.66
 24.0  8530.0 289.80   0.010525   2.30 220.10 351.88  89449.98
 24.0  8561.0 287.61   0.008716   2.31 190.15 341.70  89635.82
 24.0  8591.0 287.30   0.008144   2.41 208.25 329.50  89651.38
 24.0  8622.0 288.20   0.007884   2.49 228.74 325.58  89579.74
 24.0  8653.0 291.21   0.009050   2.58 260.60 338.42  89306.43
 24.0  8683.0 292.08   0.009121   2.56 253.58 349.54  89314.05
 24.0  8714.0 291.64   0.010341   2.59 267.97 357.79  89356.44
 24.0  8744.0 292.52   0.010615   2.38 261.57 360.00  89123.44
 25.0  8775.0 292.47   0.011404   2.18 262.53 368.49  89105.95
 25.0  8806.0 292.95   0.011512   2.15 272.15 367.35  89130.54
 25.0  8834.0 291.82   0.011570   2.19 258.42 364.59  89202.55
 25.0  8865.0 291.80   0.011041   2.22 240.02 364.37  89257.62
 25.0  8895.0 290.00   0.009720   2.44 220.45 349.85  89449.55
 25.0  8926.0 287.99   0.007987   2.36 180.77 337.17  89534.09
 25.0  8956.0 287.84   0.007406   2.43 196.27 325.71  89636.98
 25.0  8987.0 290.43   0.007893   2.70 222.07 332.64  89439.26
 25.0  9018.0 291.39   0.008574   2.73 242.38 345.58  89367.66
 25.0  9048.0 293.77   0.008413   2.95 262.34 346.60  89197.30
 25.0  9079.0 292.85   0.010584   2.55 268.98 364.51  89239.44
 25.0  9109.0 292.88   0.010935   2.34 242.87 368.37  89153.96
 26.0  9140.0 292.62   0.011522   2.18 265.07 362.68  89123.17
 26.0  9171.0 293.81   0.010953   2.37 263.20 372.13  89188.63
 26.0  9199.0 293.17   0.011730   2.33 261.92 368.43  89155.06
 26.0  9230.0 291.32   0.010345   2.55 233.62 358.01  89419.69
 26.0  9260.0 290.12   0.009597   2.39 195.65 353.00  89428.50
 26.0  9291.0 288.78   0.008526   2.41 177.14 343.71  89595.11
 26.0  9321.0 288.23   0.007945   2.42 184.93 333.20  89638.91
 26.0  9352.0 290.07   0.007767   2.55 211.35 333.09  89446.27
 26.0  9383.0 293.04   0.007787   2.94 269.55 337.61  89281.86
 26.0  9413.0 294.19   0.008602   2.84 262.11 351.38  89131.34
 26.0  9444.0 294.91   0.009676   2.71 246.87 370.04  89080.38
 26.0  9474.0 293.64   0.010758   2.39 249.78 370.09  89162.86
 27.0  9505.0 293.78   0.010703   2.36 254.98 367.10  89120.29
 27.0  9536.0 293.72   0.011649   2.33 260.50 371.96  89076.34
 27.0  9564.0 292.83   0.012795   1.89 245.54 373.42  89099.52
 27.0  9595.0 290.49   0.011765   2.26 250.96 356.93  89338.06
 27.0  9625.0 288.82   0.010177   2.29 207.91 348.48  89476.86
 27.0  9656.0 287.50   0.008436   2.17 177.14 339.41  89509.05
 27.0  9686.0 288.33   0.008227   2.26 192.82 332.51  89460.14
 27.0  9717.0 289.07   0.008156   2.48 227.31 330.93  89567.06
 27.0  9748.0 290.30   0.009106   2.54 235.80 349.10  89473.75
 27.0  9778.0 293.28   0.009370   2.76 259.67 354.97  89194.34
 27.0  9809.0 293.73   0.009812   2.73 280.71 359.81  89170.28
 27.0  9839.0 293.03   0.011482   2.18 243.94 369.88  89050.81
 28.0  9870.0 292.34   0.012355   1.92 216.03 371.70  89072.64
 28.0  9901.0 291.25   0.012661   1.85 263.42 365.00  89145.96
 28.0  9929.0 291.91   0.012574   2.03 281.71 364.22  89156.02
 28.0  9960.0 290.71   0.011567   2.19 248.96 356.80  89336.95
 28.0  9990.0 288.99   0.009952   2.43 207.61 347.82  89552.92
 28.0 10021.0 286.80   0.008264   2.29 188.64 333.20  89622.41
 28.0 10051.0 287.47   0.008035   2.32 190.00 334.08  89633.74
 28.0 10082.0 287.74   0.007047   2.51 216.79 321.31  89643.54
 28.0 10113.0 290.64   0.009557   2.47 236.82 352.20  89304.49
 28.0 10143.0 292.45   0.009349   2.81 257.55 356.15  89236.68
 28.0 10174.0 294.47   0.009445   2.84 278.40 360.12  89145.97
 28.0 10204.0 292.79   0.010818   2.53 260.47 363.58  89146.75
 29.0 10235.0 292.82   0.010648   2.44 265.88 365.37  89211.41
 29.0 10266.0 293.35   0.011563   2.21 279.22 367.46  89116.19
 29.0 10294.0 292.41   0.011912   2.20 263.73 363.97  89127.34
 29.0 10325.0 290.76   0.010435   2.23 238.96 354.50  89351.74
 29.0 10355.0 288.87   0.008849   2.22 174.41 348.85  89487.74
 29.0 10386.0 288.14   0.008116   2.40 183.58 339.61  89640.70
 29.0 10416.0 287.44   0.007260   2.30 184.25 329.50  89609.23
 29.0 10447.0 290.76   0.008278   2.52 198.76 344.03  89372.21
 29.0 10478.0 292.22   0.008554   2.77 241.88 345.14  89281.73
 29.0 10508.0 293.15   0.009217   2.87 265.08 356.09  89284.75
 29.0 10539.0 294.37   0.009774   2.68 259.46 364.67  89151.83
 29.0 10569.0 294.55   0.009987   2.60 262.17 363.54  89106.21
 30.0 10600.0 293.43   0.011498   2.35 274.13 366.40  89203.34
 30.0 10631.0 294.12   0.011993   2.20 247.17 380.17  89078.67
 30.0 10659.0 292.79   0.011747   2.35 259.03 369.97  89231.87
 30.0 10690.0 291.54   0.010882   2.38 229.97 361.34  89317.72
 30.0 10720.0 289.83   0.008978   2.34 205.52 347.16  89463.77
 30.0 10751.0 288.71   0.008816   2.44 182.43 340.77  89586.03
 30.0 10781.0 288.68   0.007583   2.44 202.08 329.27  89518.79
 30.0 10812.0 289.23   0.007118   2.64 219.80 325.88  89576.24
 30.0 10843.0 291.82   0.007806   2.73 230.67 339.96  89389.30
 30.0 10873.0 293.54   0.009542   2.70 240.69 361.78  89114.51
 30.0 10904.0 294.03   0.009282   2.77 261.23 358.12  89136.47
 30.0 10934.0 293.58   0.009933   2.49 266.07 359.33  89129.69
 31.0 10965.0 291.99   0.012348   2.02 257.71 366.91  89121.89
 31.0 10996.0 292.79   0.011892   1.98 229.83 374.20  89102.98
 31.0 11024.0 291.73   0.012083   2.22 276.79 362.63  89213.23
 31.0 11055.0 290.82   0.010992   2.24 237.20 360.13  89289.94
 31.0 11085.0 289.41   0.010306   2.34 200.22 349.95  89421.15
 31.0 11116.0 288.52   0.009121   2.28 189.97 344.47  89474.52
 31.0 11146.0 287.67   0.008038   2.37 178.24 336.38  89559.38
 31.0 11177.0 289.06   0.007658   2.48 213.25 333.36  89568.58
 31.0 11208.0 291.02   0.008501   2.55 227.32 346.84  89419.72
 31.0 11238.0 291.87   0.008784   2.69 262.19 349.34  89344.89
 31.0 11269.0 294.94   0.008389   2.93 308.71 343.68  89185.01
 31.0 11299.0 292.57   0.011032   2.36 266.42 363.16  89180.96
 32.0 11330.0 292.86   0.011538   2.10 234.71 370.15  89030.67
 32.0 11361.0 292.45   0.012307   1.96 241.50 372.51  89104.92
 32.0 11389.0 291.04   0.012009   2.12 262.66 361.07  89313.72
 32.0 11420.0 291.03   0.011451   2.20 256.77 357.90  89355.91
 32.0 11450.0 289.69   0.009895   2.24 205.74 349.02  89410.70
 32.0 11481.0 287.62   0.008675   2.21 160.96 344.18  89571.09
 32.0 11511.0 288.03   0.007802   2.36 195.33 332.35  89607.02
 32.0 11542.0 290.63   0.008199   2.52 222.64 331.72  89413.69
 32.0 11573.0 291.56   0.008692   2.77 225.60 352.34  89422.86
 32.0 11603.0 294.22   0.008829   2.79 257.68 356.44  89171.58
 32.0 11634.0 294.92   0.009312   2.81 272.92 360.42  89062.62
 32.0 11664.0 292.94   0.010662   2.40 262.04 363.62  89117.80
 33.0 11695.0 293.40   0.011239   2.22 251.68 371.37  89154.66
 33.0 11726.0 294.15   0.011775   2.24 283.60 372.96  89074.38
 33.0 11754.0 292.91   0.012130   2.20 269.79 368.78  89141.72
 33.0 11785.0 291.55   0.011331   2.35 262.39 358.00  89303.72
 33.0 11815.0 290.56   0.010649   2.32 225.40 353.94  89353.55
 33.0 11846.0 288.08   0.008678   2.30 185.26 340.82  89530.62
 33.0 11876.0 287.03   0.007705   2.48 202.84 330.52  89681.85
 33.0 11907.0 290.19   0.007503   2.53 227.69 328.99  89482.89
 33.0 11938.0 291.72   0.008059   2.77 230.76 344.27  89445.17
 33.0 11968.0 292.76   0.009086   2.84 255.20 352.58  89265.02
 33.0 11999.0 293.37   0.009839   2.65 250.29 363.42  89166.43
 33.0 12029.0 294.02   0.010677   2.41 263.52 368.78  89136.02
 34.0 12060.0 293.13   0.011638   2.14 275.62 367.88  89084.09
 34.0 12091.0 291.95   0.012054   2.12 257.71 365.01  89148.70
 34.0 12119.0 291.01   0.012415   1.96 257.13 364.08  89169.20
 34.0 12150.0 290.56   0.011205   2.14 250.15 354.56  89328.07
 34.0 12180.0 288.65   0.009129   2.24 216.51 339.62  89455.51
 34.0 12211.0 286.94   0.007587   2.13 166.65 330.58  89514.16
 34.0 12241.0 287.33   0.006890   2.23 196.74 320.11  89538.65
 34.0 12272.0 289.31   0.008143   2.49 221.11 331.48  89489.55
 34.0 12303.0 291.39   0.007736   2.62 252.39 335.96  89413.71
 34.0 12333.0 293.01   0.009430   2.69 265.87 355.78  89155.81
 34.0 12364.0 292.97   0.010081   2.63 254.50 361.01  89122.56
 34.0 12394.0 293.34   0.010578   2.33 254.28 365.48  89148.17
 35.0 12425.0 293.03   0.011754   2.23 278.07 366.15  89114.50
 35.0 12456.0 293.90   0.011966   2.05 246.75 376.68  89024.99
 35.0 12484.0 290.67   0.012768   1.92 273.92 359.38  89258.84
 35.0 12515.0 290.52   0.011074   2.04 235.27 356.54  89266.38
 35.0 12545.0 288.61   0.009722   2.20 190.64 347.71  89505.06
 35.0 12576.0 287.68   0.008573   2.20 171.12 339.15  89570.76
 35.0 12606.0 288.10   0.007726   2.32 203.76 327.64  89474.26
 35.0 12637.0 288.60   0.008790   2.30 194.25 343.67  89581.96
 35.0 12668.0 291.36   0.008900   2.60 239.83 349.00  89346.72
 35.0 12698.0 292.88   0.009337   2.66 257.57 355.18  89246.67
 35.0 12729.0 292.47   0.010398   2.57 255.59 361.56  89291.68
 35.0 12759.0 293.68   0.010583   2.33 249.42 367.33  89135.25
 36.0 12790.0 291.93   0.013584   1.51 214.03 372.25  89066.45
 36.0 12821.0 292.00   0.012845   1.86 271.50 367.52  89230.34
 36.0 12849.0 291.53   0.012737   1.98 276.08 362.83  89260.20
 36.0 12880.0 290.03   0.011127   2.05 220.55 354.97  89411.01
 36.0 12910.0 289.10   0.009900   2.25 197.93 350.36  89491.76
 36.0 12941.0 287.26   0.008318   2.16 182.74 338.22  89538.27
 36.0 12971.0 287.42   0.008224   2.19 180.14 337.61  89561.55
 36.0 13002.0 289.73   0.007232   2.58 240.53 317.99  89433.55
 36.0 13033.0 291.10   0.008283   2.64 250.84 336.58  89358.28
 36.0 13063.0 293.35   0.009275   2.81 259.23 356.98  89199.93
 36.0 13094.0 295.22   0.007854   3.04 300.34 345.16  89163.02
 36.0 13124.0 293.05   0.011437   2.10 270.70 364.99  89061.12
 37.0 13155.0 293.10   0.011340   2.21 248.74 370.19  89109.66
 37.0 13186.0 292.47   0.012735   1.95 230.38 373.43  89060.92
 37.0 13214.0 291.64   0.012598   1.90 241.54 367.80  89111.66
 37.0 13245.0 290.73   0.011805   2.12 256.24 357.97  89231.65
 37.0 13275.0 288.55   0.009779   2.26 204.25 343.51  89507.18
 37.0 13306.0 287.58   0.008716   2.32 187.76 339.71  89572.75
 37.0 13336.0 287.30   0.007783   2.32 190.75 329.68  89632.72
 37.0 13367.0 288.74   0.007686   2.37 207.65 334.49  89605.25
 37.0 13398.0 290.83   0.008594   2.59 222.47 342.75  89429.92
 37.0 13428.0 293.38   0.009348   2.73 243.34 359.94  89270.39
 37.0 13459.0 294.25   0.008971   2.79 271.41 358.23  89215.96
 37.0 13489.0 294.25   0.010025   2.63 262.98 364.67  89179.42
 38.0 13520.0 294.87   0.010592   2.35 240.71 374.61  89118.73
 38.0 13551.0 294.09   0.011619   2.29 251.32 373.16  89098.76
 38.0 13579.0 292.71   0.011904   2.34 262.96 369.12  89166.62
 38.0 13610.0 291.44   0.010722   2.41 231.19 360.27  89289.26
 38.0 13640.0 289.40   0.009047   2.28 205.00 344.78  89511.56
 38.0 13671.0 288.74   0.009056   2.49 187.08 344.57  89572.35
 38.0 13701.0 288.47   0.007518   2.32 182.26 330.58  89500.52
 38.0 13732.0 289.87   0.007105   2.62 231.08 322.99  89541.84
 38.0 13763.0 291.20   0.009076   2.70 255.41 343.88  89321.77
 38.0 13793.0 293.66   0.009499   2.81 287.12 351.32  89104.73
 38.0 13824.0 292.73   0.010709   2.43 248.94 362.24  89088.23
 38.0 13854.0 292.17   0.011947   2.17 265.82 365.09  89114.30
 39.0 13885.0 292.02   0.012503   1.85 253.61 371.10  89077.72
 39.0 13916.0 291.68   0.012847   1.91 268.62 365.51  89110.68
 39.0 13944.0 291.00   0.012762   1.85 257.71 362.83  89116.30
 39.0 13975.0 290.57   0.011699   2.12 257.68 357.74  89284.23
 39.0 14005.0 288.45   0.009875   2.38 209.33 346.53  89505.38
 39.0 14036.0 286.97   0.008472   2.18 189.14 338.23  89615.92
 39.0 14066.0 286.87   0.008137   2.28 188.30 336.40  89671.78
 39.0 14097.0 289.33   0.008176   2.47 236.14 326.24  89480.97
 39.0 14128.0 290.31   0.009936   2.45 240.96 350.52  89383.66
 39.0 14158.0 291.42   0.009870   2.48 237.57 357.82  89369.55
 39.0 14189.0 293.33   0.010410   2.54 256.84 367.67  89184.75
 39.0 14219.0 293.79   0.010771   2.34 240.66 374.53  89094.62
 40.0 14250.0 294.05   0.010957   2.34 235.72 374.54  89056.62
 40.0 14281.0 293.54   0.011350   2.40 286.15 368.72  89134.98
 40.0 14309.0 292.38   0.011887   2.26 266.22 367.81  89152.40
 40.0 14340.0 292.09   0.011484   2.42 257.79 362.93  89361.91
 40.0 14370.0 289.17   0.010036   2.49 197.36 351.89  89577.95
 40.0 14401.0 287.04   0.008072   2.49 188.80 332.67  89671.40
 40.0 14431.0 286.73   0.007711   2.31 189.91 329.99  89670.89
 40.0 14462.0 290.96   0.007406   2.65 235.30 329.47  89423.13
 40.0 14493.0 291.75   0.007647   2.72 237.52 333.31  89347.66
 40.0 14523.0 294.00   0.008424   2.94 281.78 343.57  89165.02
 40.0 14554.0 293.84   0.009458   2.72 257.49 363.22  89209.30
 40.0 14584.0 293.34   0.011311   2.28 241.83 369.73  89123.77
 41.0 14615.0 291.89   0.013240   1.71 233.41 368.08  89061.95
 41.0 14646.0 291.55   0.013082   1.78 268.43 364.35  89153.98
 41.0 14674.0 291.16   0.012256   1.92 262.35 359.97  89219.42
 41.0 14705.0 290.46   0.010903   2.13 249.72 352.64  89329.75
 41.0 14735.0 289.63   0.010443   2.13 199.55 357.13  89432.90
 41.0 14766.0 287.91   0.009104   2.23 192.58 339.07  89518.96
 41.0 14796.0 286.87   0.008055   2.46 196.93 333.07  89658.46
 41.0 14827.0 288.19   0.007750   2.46 217.35 327.17  89554.03
 41.0 14858.0 290.44   0.007944   2.63 251.60 329.02  89410.88
 41.0 14888.0 292.80   0.009454   2.72 260.86 357.99  89263.35
 41.0 14919.0 292.67   0.009952   2.49 261.87 354.32  89121.91
 41.0 14949.0 292.97   0.011232   2.33 277.59 365.65  88990.27
 42.0 14980.0 293.28   0.010993   2.33 272.98 370.25  89137.33
 42.0 15011.0 293.12   0.011889   2.12 260.98 372.94  89142.12
 42.0 15039.0 291.00   0.012461   2.06 261.95 361.92  89214.44
 42.0 15070.0 291.20   0.012009   2.11 251.58 360.75  89249.45
 42.0 15100.0 288.45   0.009846   2.34 217.34 340.14  89533.63
 42.0 15131.0 287.58   0.008805   2.30 175.61 341.64  89611.81
 42.0 15161.0 287.92   0.008570   2.35 196.58 337.48  89580.55
 42.0 15192.0 288.29   0.008389   2.33 195.21 340.67  89488.01
 42.0 15223.0 292.26   0.008960   2.59 221.13 353.83  89328.20
 42.0 15253.0 293.12   0.010106   2.66 266.60 359.39  89268.17
 42.0 15284.0 293.64   0.011240   2.31 240.70 371.75  89105.83
 42.0 15314.0 293.11   0.011551   2.34 272.02 369.41  89133.98
 43.0 15345.0 292.40   0.012528   2.13 281.82 366.58  89197.98
 43.0 15376.0 291.36   0.012797   2.12 286.88 363.97  89230.73
 43.0 15404.0 291.61   0.012943   1.99 273.12 366.13  89230.25
 43.0 15435.0 290.66   0.011589   2.15 221.65 361.99  89450.15
 43.0 15465.0 289.07   0.009947   2.36 217.11 344.69  89514.87
 43.0 15496.0 288.17   0.009186   2.21 176.79 346.89  89468.77
 43.0 15526.0 288.00   0.008585   2.36 193.38 340.33  89678.30
 43.0 15557.0 288.98   0.008167   2.37 210.49 335.29  89503.70
 43.0 15588.0 291.10   0.008985   2.47 241.02 342.95  89379.84
 43.0 15618.0 293.41   0.009523   2.72 269.35 352.33  89152.09
 43.0 15649.0 292.75   0.010529   2.53 261.53 361.34  89256.31
 43.0 15679.0 293.00   0.011302   2.13 225.39 371.99  89145.43
 44.0 15710.0 292.67   0.011305   2.28 275.17 365.46  89208.19
 44.0 15741.0 293.03   0.012136   2.00 265.26 372.64  89058.48
 44.0 15769.0 291.65   0.012474   2.02 269.90 362.69  89159.05
 44.0 15800.0 290.55   0.011374   2.09 246.17 357.33  89297.70
 44.0 15830.0 289.36   0.009906   2.22 216.22 347.50  89449.73
 44.0 15861.0 287.97   0.008844   2.15 179.84 341.52  89523.50
 44.0 15891.0 287.98   0.007967   2.31 196.55 327.35  89403.99
 44.0 15922.0 289.55   0.008956   2.36 201.83 345.25  89378.55
 44.0 15953.0 290.96   0.008040   2.72 230.46 340.44  89487.41
 44.0 15983.0 292.25   0.009589   2.64 250.71 349.54  89253.33
 44.0 16014.0 292.96   0.010457   2.43 242.10 365.42  89066.70
 44.0 16044.0 291.99   0.011464   2.31 282.12 365.33  89102.05
 45.0 16075.0 291.78   0.011775   2.05 268.36 363.20  89068.01
 45.0 16106.0 291.10   0.012922   1.78 257.28 363.64  89078.20
 45.0 16134.0 290.98   0.012340   1.99 267.62 362.44  89220.05
 45.0 16165.0 290.47   0.011749   2.03 243.32 357.52  89280.01
 45.0 16195.0 289.10   0.010214   2.27 210.54 350.50  89442.09
 45.0 16226.0 286.86   0.008268   2.35 189.52 334.08  89621.61
 45.0 16256.0 286.59   0.007877   2.34 188.97 333.57  89683.72
 45.0 16287.0 288.74   0.008632   2.43 204.81 342.25  89442.45
 45.0 16318.0 290.96   0.008404   2.64 245.81 334.28  89337.25
 45.0 16348.0 292.85   0.009571   2.67 263.27 352.35  89300.20
 45.0 16379.0 293.95   0.009442   2.77 253.06 361.29  89256.24
 45.0 16409.0 293.41   0.012042   2.09 239.13 375.71  89120.77
 46.0 16440.0 293.47   0.012155   2.04 233.56 375.23  89026.77
 46.0 16471.0 292.37   0.012347   2.11 273.01 368.31  89160.03
 46.0 16499.0 292.19   0.012417   2.21 276.99 366.87  89249.51
 46.0 16530.0 290.64   0.011558   2.26 238.63 358.03  89432.95
 46.0 16560.0 289.15   0.009433   2.24 198.99 346.06  89549.51
 46.0 16591.0 288.17   0.009013   2.48 190.50 341.56  89616.14
 46.0 16621.0 287.19   0.008286   2.43 188.93 337.49  89704.17
 46.0 16652.0 290.45   0.008303   2.58 222.07 335.96  89428.75
 46.0 16683.0 292.13   0.008529   2.74 248.67 340.08  89264.98
 46.0 16713.0 293.09   0.009329   2.80 264.30 355.33  89213.71
 46.0 16744.0 293.66   0.009818   2.64 272.78 358.31  89138.44
 46.0 16774.0 293.79   0.010649   2.42 253.71 367.11  89050.73
 47.0 16805.0 292.94   0.012119   2.07 245.69 372.14  88978.91
 47.0 16836.0 293.29   0.013098   1.74 227.60 381.50  88928.21
 47.0 16864.0 292.26   0.012668   1.93 249.26 369.54  89060.38
 47.0 16895.0 289.98   0.011004   2.36 262.87 349.67  89363.94
 47.0 16925.0 288.24   0.009271   2.29 204.90 343.52  89508.52
 47.0 16956.0 288.47   0.009069   2.28 184.68 345.62  89481.19
 47.0 16986.0 287.42   0.007714   2.42 196.73 329.64  89691.75
 47.0 17017.0 290.12   0.007367   2.65 241.66 321.84  89453.21
 47.0 17048.0 291.97   0.009004   2.79 250.28 347.29  89301.94
 47.0 17078.0 292.53   0.009464   2.71 266.76 351.96  89305.93
 47.0 17109.0 293.42   0.010189   2.48 243.99 366.65  89137.37
 47.0 17139.0 292.61   0.011319   2.36 274.34 366.00  89148.86
 48.0 17170.0 293.18   0.011589   2.20 280.30 367.03  89223.51
 48.0 17201.0 292.57   0.012449   2.02 264.42 370.17  89179.95
 48.0 17229.0 291.43   0.012558   1.99 276.58 362.34  89181.94
 48.0 17260.0 290.89   0.012172   2.16 238.09 362.75  89379.45
 48.0 17290.0 288.76   0.009855   2.23 198.00 344.55  89522.38
 48.0 17321.0 288.08   0.009158   2.25 177.23 345.15  89585.36
 48.0 17351.0 287.10   0.008152   2.26 188.62 333.29  89625.77
 48.0 17382.0 289.46   0.009472   2.37 203.33 347.74  89446.28
 48.0 17413.0 291.16   0.009145   2.56 253.92 346.04  89419.58
 48.0 17443.0 292.62   0.009623   2.59 243.91 361.71  89276.12
 48.0 17474.0 293.83   0.010029   2.53 253.40 366.24  89166.27
 48.0 17504.0 292.58   0.011709   2.11 263.53 366.73  89185.05
 49.0 17535.0 291.81   0.012110   2.05 256.04 367.15  89190.27
 49.0 17566.0 292.48   0.012155   2.01 263.79 369.19  89097.23
 49.0 17594.0 291.30   0.012414   2.00 259.48 364.53  89276.31
 49.0 17625.0 291.34   0.011592   2.33 251.95 360.53  89319.57
 49.0 17655.0 289.39   0.009550   2.50 215.46 346.13  89541.21
 49.0 17686.0 288.02   0.008447   2.29 163.87 346.95  89633.59
 49.0 17716.0 288.38   0.007341   2.44 198.25 326.41  89553.64
 49.0 17747.0 289.75   0.007438   2.68 207.67 333.79  89580.20
 49.0 17778.0 292.85   0.008303   2.92 260.97 343.39  89324.74
 49.0 17808.0 293.68   0.009119   2.88 265.88 352.94  89150.55
 49.0 17839.0 293.54   0.010273   2.68 269.82 364.22  89106.55
 49.0 17869.0 293.10   0.010960   2.43 253.74 369.71  89029.76
 50.0 17900.0 292.91   0.012075   2.14 241.46 374.63  89049.54
 50.0 17931.0 292.18   0.012067   2.05 263.33 363.63  89136.16
 50.0 17959.0 291.14   0.012782   1.93 255.90 364.92  89130.33
 50.0 17990.0 290.47   0.011787   2.18 240.42 357.05  89276.14
 50.0 18020.0 289.02   0.010189   2.35 193.08 353.52  89491.70
 50.0 18051.0 287.63   0.008874   2.35 180.16 341.06  89570.91
 50.0 18081.0 287.46   0.008457   2.38 185.10 335.44  89535.67
 50.0 18112.0 290.02   0.008589   2.51 236.89 331.95  89425.74
 50.0 18143.0 290.60   0.009368   2.53 237.18 349.07  89336.45
 50.0 18173.0 293.67   0.008489   2.85 289.54 341.00  89197.16
 50.0 18204.0 293.19   0.010392   2.52 243.23 363.75  89185.89
 50.0 18234.0 293.84   0.010588   2.54 275.99 366.00  89203.20
 51.0 18265.0 292.70   0.011478   2.19 241.19 370.04  89158.89
 51.0 18296.0 293.00   0.012526   2.18 263.42 370.72  89082.49
 51.0 18324.0 291.41   0.012544   2.06 271.76 362.26  89249.91
 51.0 18355.0 290.26   0.012065   2.21 247.81 357.80  89379.27
 51.0 18385.0 289.93   0.010709   2.33 227.80 352.42  89401.01
 51.0 18416.0 287.30   0.008414   2.40 185.12 336.14  89592.52
 51.0 18446.0 287.06   0.008374   2.30 176.68 338.20  89581.18
 51.0 18477.0 288.59   0.008423   2.45 192.88 340.91  89513.23
 51.0 18508.0 289.90   0.009199   2.56 240.57 348.55  89503.43
 51.0 18538.0 292.59   0.009595   2.79 269.79 356.64  89297.78
 51.0 18569.0 294.51   0.009298   2.69 252.62 365.05  89141.86
 51.0 18599.0 292.70   0.011080   2.38 253.32 366.97  89281.66
 52.0 18630.0 293.68   0.011623   2.23 255.86 373.50  89164.19
 52.0 18661.0 293.22   0.012497   2.20 276.58 372.53  89132.94
 52.0 18689.0 291.81   0.012829   2.00 253.45 367.44  89182.27
 52.0 18720.0 291.00   0.012087   2.10 241.34 362.34  89328.09
 52.0 18750.0 289.14   0.010883   2.28 205.31 353.40  89476.91
 52.0 18781.0 287.85   0.009695   2.28 164.40 349.15  89534.56
 52.0 18811.0 287.82   0.008963   2.30 191.30 340.53  89581.38
 52.0 18842.0 288.00   0.008507   2.49 208.84 336.05  89648.76
 52.0 18873.0 291.47   0.008626   2.64 260.40 339.24  89336.54
 52.0 18903.0 291.88   0.010622   2.52 255.77 355.13  89246.30
 52.0 18934.0 293.22   0.009964   2.72 263.27 364.74  89202.88
 52.0 18964.0 293.65   0.011037   2.35 272.31 367.29  89163.70
 53.0 18995.0 293.27   0.011530   2.25 238.75 372.46  89161.88
 53.0 19026.0 293.54   0.012594   1.99 239.24 376.49  89064.75
 53.0 19054.0 291.84   0.012636   2.13 266.94 366.46  89191.50
 53.0 19085.0 290.18   0.011055   2.34 244.43 355.52  89436.70
 53.0 19115.0 289.30   0.010341   2.26 190.46 353.91  89482.24
 53.0 19146.0 287.71   0.008513   2.43 184.79 335.34  89625.77
 53.0 19176.0 287.99   0.007846   2.45 201.43 331.07  89639.68
 53.0 19207.0 289.57   0.008270   2.47 201.72 342.07  89551.44
 53.0 19238.0 290.90   0.008212   2.70 232.68 341.26  89469.46
 53.0 19268.0 293.07   0.008384   2.87 248.10 350.34  89274.79
 53.0 19299.0 295.00   0.009115   2.96 288.91 356.74  89130.35
 53.0 19329.0 292.99   0.011035   2.50 270.66 364.82  89215.80
 54.0 19360.0 292.73   0.011529   2.26 271.72 368.49  89117.56
 54.0 19391.0 292.88   0.012555   1.98 260.77 371.03  89048.03
 54.0 19419.0 291.56   0.012151   1.81 243.62 364.21  89207.66
 54.0 19450.0 290.33   0.010935   2.34 259.71 354.44  89385.95
 54.0 19480.0 288.82   0.009747   2.29 219.85 343.27  89427.47
 54.0 19511.0 287.01   0.008279   2.27 186.38 334.69  89617.85
 54.0 19541.0 286.74   0.007344   2.43 192.35 325.41  89701.35
 54.0 19572.0 290.60   0.007827   2.58 232.80 327.05  89348.06
 54.0 19603.0 292.93   0.009059   2.84 262.05 349.20  89205.41
 54.0 19633.0 293.35   0.009557   2.90 272.76 355.26  89193.88
 54.0 19664.0 294.55   0.009599   2.62 250.09 364.03  89124.00
 54.0 19694.0 292.62   0.011297   2.29 255.51 363.23  89189.50
 55.0 19725.0 293.87   0.011881   2.19 264.07 373.71  89124.21
 55.0 19756.0 292.61   0.012218   2.08 263.61 369.46  89188.84
 55.0 19784.0 292.36   0.011622   2.27 257.30 365.76  89185.03
 55.0 19815.0 290.79   0.011881   2.14 238.03 361.46  89246.49
 55.0 19845.0 288.75   0.009601   2.46 209.26 341.54  89502.22
 55.0 19876.0 286.56   0.007767   2.29 160.68 334.48  89640.04
 55.0 19906.0 287.35   0.007528   2.39 184.32 327.57  89623.24
 55.0 19937.0 289.57   0.007234   2.54 218.34 328.19  89472.51
 55.0 19968.0 291.74   0.008654   2.80 249.50 339.51  89376.49
 55.0 19998.0 293.66   0.008865   2.82 271.05 349.22  89225.83
 55.0 20029.0 292.93   0.010326   2.43 259.68 359.40  89088.48
 55.0 20059.0 292.59   0.011094   2.30 267.78 365.77  89119.55
 56.0 20090.0 292.77   0.011805   2.15 258.37 370.25  89140.33
 56.0 20121.0 293.58   0.011175   2.36 290.19 368.67  89124.31
 56.0 20149.0 292.37   0.012258   2.07 255.14 366.45  89129.58
 56.0 20180.0 290.42   0.011538   2.25 243.45 357.43  89346.09
 56.0 20210.0 288.73   0.009839   2.18 190.55 349.00  89524.63
 56.0 20241.0 288.02   0.008898   2.25 184.34 339.67  89598.59
 56.0 20271.0 286.87   0.008072   2.31 181.28 332.08  89702.89
 56.0 20302.0 289.29   0.007953   2.49 202.36 331.22  89498.83
 56.0 20333.0 291.98   0.008196   2.82 247.60 343.35  89416.14
 56.0 20363.0 292.97   0.009125   2.78 271.78 349.51  89249.99
 56.0 20394.0 293.39   0.009767   2.70 252.12 365.40  89255.64
 56.0 20424.0 292.59   0.011543   2.35 271.35 364.62  89162.84
 57.0 20455.0 293.44   0.011498   2.30 271.74 370.67  89135.06
 57.0 20486.0 294.02   0.011371   2.32 242.31 377.48  89106.75
 57.0 20514.0 292.99   0.012138   2.33 253.77 372.77  89105.76
 57.0 20545.0 291.24   0.010592   2.55 242.73 359.07  89387.02
 57.0 20575.0 288.90   0.008404   2.34 195.63 338.69  89501.36
 57.0 20606.0 288.71   0.008169   2.32 190.71 331.46  89478.91
 57.0 20636.0 288.38   0.008217   2.38 169.43 342.80  89498.97
 57.0 20667.0 288.94   0.006891   2.58 214.89 325.45  89571.31
 57.0 20698.0 291.79   0.007263   2.86 263.81 327.87  89316.37
 57.0 20728.0 293.12   0.008918   2.70 228.81 353.43  89160.14
 57.0 20759.0 293.64   0.010065   2.65 255.91 364.31  89207.34
 57.0 20789.0 293.87   0.010740   2.46 273.17 369.24  89062.26
 58.0 20820.0 292.94   0.011411   2.03 226.58 372.34  88972.25
 58.0 20851.0 292.44   0.011587   2.33 299.37 362.71  89136.45
 58.0 20879.0 291.76   0.012315   1.94 255.27 367.22  89126.99
 58.0 20910.0 290.19   0.011252   2.26 258.15 352.36  89312.77
 58.0 20940.0 288.38   0.009187   2.30 206.68 341.44  89540.92
 58.0 20971.0 286.67   0.008152   2.39 182.64 332.46  89687.87
 58.0 21001.0 286.10   0.007071   2.34 195.12 318.68  89697.94
 58.0 21032.0 288.42   0.006833   2.62 226.54 319.74  89552.20
 58.0 21063.0 291.62   0.007800   2.79 256.68 334.11  89308.24
 58.0 21093.0 294.24   0.009009   2.78 268.62 353.01  89131.23
 58.0 21124.0 293.22   0.010476   2.55 273.12 362.82  89162.68
 58.0 21154.0 293.70   0.010992   2.22 248.38 372.57  88980.87
 59.0 21185.0 292.02   0.011389   2.30 268.64 363.01  89155.32
 59.0 21216.0 293.42   0.012031   2.28 287.16 370.22  89026.74
 59.0 21244.0 291.45   0.012527   1.97 262.04 362.69  89165.04
 59.0 21275.0 290.70   0.011776   2.18 260.71 355.67  89346.65
 59.0 21305.0 288.84   0.009398   2.29 212.52 344.20  89545.17
 59.0 21336.0 286.99   0.008604   2.40 195.42 330.85  89696.01
 59.0 21366.0 286.79   0.007588   2.36 185.62 331.55  89683.49
 59.0 21397.0 289.00   0.007671   2.64 228.21 328.46  89602.85
 59.0 21428.0 292.30   0.007582   2.81 257.87 337.64  89365.85
 59.0 21458.0 294.35   0.008849   2.79 252.26 354.72  89158.84
 59.0 21489.0 295.20   0.009419   2.65 249.66 368.35  89060.08
 59.0 21519.0 293.60   0.011256   2.30 255.81 369.68  89024.17
 60.0 21550.0 292.73   0.012241   1.96 265.39 369.98  89071.78
 60.0 21581.0 292.56   0.012273   2.10 272.78 369.52  89193.03
 60.0 21609.0 291.74   0.012226   2.01 272.28 361.93  89177.33
 60.0 21640.0 290.84   0.012022   2.08 254.83 358.16  89242.80
 60.0 21670.0 288.64   0.009623   2.20 207.12 342.94  89450.30
 60.0 21701.0 287.28   0.008586   2.31 203.35 333.92  89560.34
 60.0 21731.0 286.05   0.007190   2.35 182.86 324.41  89672.70
 60.0 21762.0 289.31   0.008462   2.51 205.83 341.70  89571.43
 60.0 21793.0 290.95   0.009260   2.63 231.87 349.33  89346.53
 60.0 21823.0 294.36   0.008397   2.91 280.70 349.14  89115.37
 60.0 21854.0 294.48   0.009388   2.88 290.28 354.80  89098.91
 60.0 21884.0 293.25   0.010984   2.41 274.74 362.66  89137.20
 61.0 21915.0 294.04   0.011863   2.18 262.14 375.38  89064.16
 61.0 21946.0 292.40   0.012009   2.34 285.90 365.72  89167.69
 61.0 21974.0 292.05   0.012000   2.23 268.82 363.44  89192.31
 61.0 22005.0 290.88   0.010163   2.12 220.69 355.48  89347.13
 61.0 22035.0 290.02   0.010061   2.31 199.24 355.99  89418.13
 61.0 22066.0 288.02   0.008686   2.37 174.43 339.52  89599.29
 61.0 22096.0 288.15   0.007445   2.40 197.56 328.15  89561.37
 61.0 22127.0 291.15   0.007792   2.60 236.09 332.50  89407.30
 61.0 22158.0 292.07   0.008907   2.69 220.56 354.26  89299.29
 61.0 22188.0 294.26   0.008274   2.86 282.18 346.22  89174.00
 61.0 22219.0 294.39   0.009800   2.62 244.27 365.97  89112.70
 61.0 22249.0 293.04   0.011064   2.24 254.75 368.92  89042.92
 62.0 22280.0 292.18   0.012151   2.10 266.51 368.70  89006.77
 62.0 22311.0 293.24   0.011679   2.15 267.44 373.16  89058.02
 62.0 22339.0 291.39   0.012056   2.05 251.25 364.62  89140.78
 62.0 22370.0 290.15   0.011157   2.01 229.54 357.67  89351.24
 62.0 22400.0 289.00   0.009775   2.35 200.91 348.02  89438.35
 62.0 22431.0 288.35   0.009144   2.28 175.68 345.74  89511.88
 62.0 22461.0 287.64   0.008292   2.25 175.79 337.06  89480.91
 62.0 22492.0 290.81   0.009103   2.53 211.50 351.67  89466.62
 62.0 22523.0 292.47   0.008541   2.84 249.97 347.33  89353.22
 62.0 22553.0 293.44   0.009268   2.89 260.07 353.04  89125.11
 62.0 22584.0 293.98   0.009586   2.65 256.37 358.31  89212.12
 62.0 22614.0 292.76   0.011030   2.29 248.37 370.12  89221.59
 63.0 22645.0 293.79   0.010566   2.51 278.75 365.54  89136.81
 63.0 22676.0 293.33   0.012234   2.22 272.67 372.02  89098.66
 63.0 22704.0 292.67   0.012429   2.19 268.56 368.94  89183.62
 63.0 22735.0 290.69   0.011635   2.19 254.04 356.03  89279.83
 63.0 22765.0 289.09   0.010179   2.25 203.52 352.22  89516.93
 63.0 22796.0 288.13   0.009079   2.32 187.56 343.49  89494.84
 63.0 22826.0 286.82   0.007648   2.38 205.24 324.03  89644.63
 63.0 22857.0 287.84   0.007466   2.48 213.52 328.44  89614.19
 63.0 22888.0 291.04   0.009177   2.50 220.34 350.72  89317.02
 63.0 22918.0 293.43   0.008407   2.99 262.95 346.02  89269.50
 63.0 22949.0 294.87   0.008804   2.83 268.92 356.87  89173.70
 63.0 22979.0 293.10   0.010997   2.36 273.95 367.48  89195.23
 64.0 23010.0 293.72   0.011283   2.41 270.62 370.29  89084.38
 64.0 23041.0 293.13   0.012362   2.04 255.97 373.92  89046.60
 64.0 23069.0 293.15   0.011575   2.25 255.42 366.73  89109.45
 64.0 23100.0 291.08   0.011712   2.29 242.59 360.41  89294.27
 64.0 23130.0 289.12   0.009371   2.32 206.16 345.06  89464.01
 64.0 23161.0 288.10   0.008688   2.32 183.94 340.36  89563.88
 64.0 23191.0 288.76   0.007596   2.43 202.93 326.74  89498.88
 64.0 23222.0 290.94   0.006966   2.73 249.56 317.14  89407.44
 64.0 23253.0 292.82   0.007508   2.84 261.76 333.93  89279.19
 64.0 23283.0 293.97   0.008282   2.81 264.02 346.25  89189.05
 64.0 23314.0 293.68   0.009722   2.71 277.19 359.77  89194.69
 64.0 23344.0 292.35   0.010835   2.34 249.99 367.28  89152.05
 65.0 23375.0 292.61   0.011935   2.12 253.78 369.64  88998.33
 65.0 23406.0 293.75   0.012067   2.15 276.78 374.88  89064.10
 65.0 23434.0 292.01   0.012133   2.11 248.10 370.12  89204.12
 65.0 23465.0 290.24   0.011617   2.24 240.05 355.60  89289.32
 65.0 23495.0 288.81   0.010526   2.33 207.67 349.41  89400.80
 65.0 23526.0 287.65   0.008772   2.32 187.88 338.45  89554.59
 65.0 23556.0 286.99   0.008015   2.19 179.80 332.08  89611.66
 65.0 23587.0 289.16   0.007547   2.44 223.36 328.19  89510.51
 65.0 23618.0 292.01   0.008612   2.58 246.40 343.08  89326.66
 65.0 23648.0 293.64   0.008173   2.82 272.60 349.42  89253.89
 65.0 23679.0 294.52   0.008150   2.93 304.29 347.24  89229.23
 65.0 23709.0 294.68   0.010116   2.63 279.55 365.11  89170.78
 66.0 23740.0 293.86   0.010867   2.31 253.75 372.71  89149.40
 66.0 23771.0 294.27   0.011648   2.32 256.51 379.61  89097.84
 66.0 23799.0 293.06   0.011957   2.23 259.82 368.31  89053.75
 66.0 23830.0 290.93   0.010410   2.22 213.51 358.38  89301.95
 66.0 23860.0 289.22   0.009025   2.47 196.44 347.39  89541.41
 66.0 23891.0 287.84   0.008114   2.49 189.48 338.21  89660.04
 66.0 23921.0 288.93   0.007292   2.43 192.82 330.32  89507.05
 66.0 23952.0 289.71   0.006999   2.76 227.66 321.81  89535.31
 66.0 23983.0 291.90   0.008242   2.79 222.84 352.03  89402.95
 66.0 24013.0 292.45   0.009452   2.71 244.56 355.64  89320.88
 66.0 24044.0 292.82   0.010019   2.65 266.51 358.60  89269.30
 66.0 24074.0 294.20   0.010309   2.43 255.88 369.15  89090.12
 67.0 24105.0 293.15   0.011898   1.88 218.43 377.83  89097.98
 67.0 24136.0 292.03   0.012685   1.93 267.75 370.38  89072.70
 67.0 24164.0 291.02   0.012156   2.05 273.44 360.01  89199.70
 67.0 24195.0 290.38   0.011575   2.12 238.54 358.71  89289.91
 67.0 24225.0 289.00   0.009468   2.32 223.97 340.77  89469.15
 67.0 24256.0 286.82   0.008526   2.25 179.89 337.42  89633.86
 67.0 24286.0 287.87   0.008459   2.23 174.44 344.00  89556.62
 67.0 24317.0 288.70   0.008853   2.34 202.99 343.71  89627.52
 67.0 24348.0 290.11   0.009214   2.56 235.32 343.66  89427.15
 67.0 24378.0 291.92   0.009122   2.75 272.97 348.39  89304.08
 67.0 24409.0 293.43   0.009946   2.66 267.92 362.77  89177.00
 67.0 24439.0 294.04   0.009950   2.58 278.23 362.02  89190.60
 68.0 24470.0 293.61   0.011061   2.25 246.35 368.96  89075.75
 68.0 24501.0 294.20   0.011522   2.35 274.52 374.61  89035.56
 68.0 24529.0 292.90   0.011540   2.38 263.13 368.36  89176.83
 68.0 24560.0 291.92   0.011141   2.38 250.29 361.64  89285.67
 68.0 24590.0 289.89   0.009567   2.18 170.75 358.63  89414.48
 68.0 24621.0 287.99   0.008174   2.33 172.89 339.71  89567.98
 68.0 24651.0 288.66   0.007581   2.46 182.48 338.15  89624.05
 68.0 24682.0 289.54   0.007115   2.60 212.11 328.77  89600.19
 68.0 24713.0 292.59   0.008088   2.82 256.58 345.05  89388.91
 68.0 24743.0 294.91   0.009030   2.75 251.58 358.02  89077.96
 68.0 24774.0 292.81   0.010983   2.45 256.21 366.86  89102.88
 68.0 24804.0 293.45   0.010423   2.49 249.99 364.49  89099.55
 69.0 24835.0 292.85   0.011931   2.20 257.94 370.53  89090.35
 69.0 24866.0 292.66   0.012729   1.98 260.00 369.34  89137.95
 69.0 24894.0 292.15   0.012242   2.14 264.31 367.17  89235.20
 69.0 24925.0 291.26   0.011267   2.19 231.62 360.43  89364.59
 69.0 24955.0 289.92   0.010093   2.34 202.29 357.79  89489.38
 69.0 24986.0 288.68   0.008962   2.37 173.77 349.13  89536.56
 69.0 25016.0 288.67   0.008052   2.49 183.52 337.70  89637.89
 69.0 25047.0 289.48   0.007684   2.54 197.81 337.04  89572.21
 69.0 25078.0 292.09   0.008663   2.81 240.10 348.00  89385.98
 69.0 25108.0 293.53   0.009640   2.81 253.25 359.73  89191.91
 69.0 25139.0 294.10   0.010166   2.65 274.30 365.25  89232.94
 69.0 25169.0 293.05   0.011542   2.31 280.76 365.53  89026.58
 70.0 25200.0 292.76   0.011810   2.17 270.59 367.36  89119.77
 70.0 25231.0 292.45   0.012188   2.05 256.13 370.69  89055.85
 70.0 25259.0 291.50   0.012726   1.87 252.51 365.98  89148.18
 70.0 25290.0 290.11   0.011602   2.26 242.06 356.52  89275.76
 70.0 25320.0 289.33   0.009965   2.24 213.57 347.17  89386.95
 70.0 25351.0 287.09   0.008723   2.36 190.57 333.21  89607.47
 70.0 25381.0 287.68   0.008832   2.35 202.52 339.01  89612.77
 70.0 25412.0 288.23   0.007983   2.34 209.09 335.14  89523.64
 70.0 25443.0 291.24   0.007795   2.85 258.66 327.95  89374.06
 70.0 25473.0 292.92   0.008859   2.70 253.30 350.80  89200.70
 70.0 25504.0 294.26   0.010014   2.57 259.69 367.71  89041.51
 70.0 25534.0 293.19   0.009965   2.54 278.86 357.88  89091.06
 71.0 25565.0 293.46   0.010950   2.17 247.76 370.98  89076.25
 71.0 25596.0 292.82   0.011586   2.31 273.52 368.22  89040.90
 71.0 25624.0 292.72   0.011559   2.17 251.07 368.51  89181.73
 71.0 25655.0 291.92   0.010917   2.30 246.04 362.97  89237.69
 71.0 25685.0 289.18   0.009284   2.49 212.26 344.83  89445.86
 71.0 25716.0 287.19   0.007747   2.39 176.80 336.76  89632.77
 71.0 25746.0 287.20   0.007203   2.48 197.02 323.15  89647.59
 71.0 25777.0 290.29   0.007487   2.65 227.99 329.92  89452.73
 71.0 25808.0 292.64   0.007279   2.72 261.75 331.79  89390.72
 71.0 25838.0 294.10   0.009248   2.89 259.35 360.17  89253.76
 71.0 25869.0 293.71   0.010350   2.57 262.58 362.71  89042.27
 71.0 25899.0 293.11   0.011360   2.21 264.62 368.63  89125.20
 72.0 25930.0 292.55   0.012467   1.89 257.48 372.75  89136.84
 72.0 25961.0 293.27   0.012485   2.18 273.03 372.53  89196.93
 72.0 25989.0 293.04   0.012112   2.07 253.19 372.36  89150.27
 72.0 26020.0 290.72   0.010753   2.33 219.73 360.59  89356.82
 72.0 26050.0 288.97   0.008648   2.19 193.32 345.85  89537.88
 72.0 26081.0 288.18   0.008712   2.42 182.48 344.69  89586.58
 72.0 26111.0 287.36   0.007193   2.38 189.51 321.47  89618.49
 72.0 26142.0 290.18   0.007658   2.70 249.46 326.87  89608.50
 72.0 26173.0 290.22   0.008719   2.50 209.32 348.83  89421.55
 72.0 26203.0 292.74   0.008726   2.80 272.61 348.67  89189.63
 72.0 26234.0 294.16   0.009155   2.76 247.55 361.10  89178.61
 72.0 26264.0 294.32   0.009696   2.65 269.72 362.73  89101.45
 73.0 26295.0 292.75   0.011961   2.14 261.57 368.85  89159.54
 73.0 26326.0 293.28   0.011337   2.25 255.57 369.42  89085.05
 73.0 26354.0 291.11   0.012431   2.08 266.46 364.17  89136.80
 73.0 26385.0 289.89   0.010996   2.35 234.29 353.38  89418.19
 73.0 26415.0 288.94   0.009800   2.34 211.85 346.53  89537.06
 73.0 26446.0 287.65   0.008789   2.36 179.74 342.17  89597.73
 73.0 26476.0 287.14   0.007769   2.41 198.83 333.12  89686.36
 73.0 26507.0 289.17   0.007663   2.40 225.45 324.79  89486.68
 73.0 26538.0 292.46   0.008907   2.69 243.23 349.14  89293.95
 73.0 26568.0 292.96   0.009589   2.68 268.87 352.74  89157.21
 73.0 26599.0 293.56   0.009735   2.70 270.79 357.26  89181.56
 73.0 26629.0 293.38   0.010393   2.43 258.13 364.65  89141.36
 74.0 26660.0 292.13   0.012395   1.95 254.03 369.48  89094.46
 74.0 26691.0 292.80   0.012003   2.13 275.75 368.17  89055.49
 74.0 26719.0 291.69   0.012775   1.84 252.16 367.29  89045.96
 74.0 26750.0 290.38   0.012048   2.16 247.81 360.29  89271.45
 74.0 26780.0 288.93   0.009818   2.28 207.34 348.38  89403.11
 74.0 26811.0 287.94   0.008977   2.25 182.92 345.92  89549.39
 74.0 26841.0 287.32   0.008535   2.21 187.27 338.67  89606.68
 74.0 26872.0 289.16   0.007450   2.48 249.74 319.68  89458.95
 74.0 26903.0 290.79   0.009086   2.50 231.48 346.90  89415.12
 74.0 26933.0 293.05   0.009603   2.58 250.25 357.59  89233.22
 74.0 26964.0 294.10   0.009486   2.63 249.73 362.81  89162.99
 74.0 26994.0 293.02   0.011273   2.25 246.03 371.30  89143.66
 75.0 27025.0 292.98   0.011938   2.18 258.12 370.02  89095.30
 75.0 27056.0 292.26   0.013002   1.76 251.12 372.49  89107.88
 75.0 27084.0 291.75   0.012702   1.97 260.87 364.44  89208.52
 75.0 27115.0 291.22   0.011484   2.11 249.69 358.89  89359.95
 75.0 27145.0 289.19   0.009786   2.34 216.45 346.72  89512.80
 75.0 27176.0 287.70   0.008412   2.18 179.18 339.35  89543.05
 75.0 27206.0 287.10   0.007555   2.34 197.90 321.83  89525.41
 75.0 27237.0 289.17   0.007316   2.50 228.31 322.39  89479.38
 75.0 27268.0 291.94   0.007979   2.80 252.83 334.63  89355.65
 75.0 27298.0 293.57   0.009082   2.84 263.60 352.60  89226.69
 75.0 27329.0 294.16   0.010020   2.80 277.16 364.94  89162.28
 75.0 27359.0 292.12   0.011619   2.07 245.49 365.11  89155.93
 76.0 27390.0 292.76   0.012679   1.98 258.33 371.99  89109.95
 76.0 27421.0 292.23   0.013245   1.78 241.75 373.50  89089.05
 76.0 27449.0 291.33   0.012532   2.07 280.66 363.39  89220.45
 76.0 27480.0 290.32   0.011297   2.11 236.66 356.66  89303.64
 76.0 27510.0 288.77   0.009274   2.24 202.35 344.19  89523.51
 76.0 27541.0 286.95   0.008058   2.30 183.64 330.57  89579.53
 76.0 27571.0 287.11   0.007992   2.31 188.79 332.57  89660.15
 76.0 27602.0 289.30   0.008262   2.52 215.79 336.26  89612.83
 76.0 27633.0 291.78   0.008809   2.59 257.86 339.24  89293.98
 76.0 27663.0 294.04   0.008722   2.75 257.12 354.47  89234.02
 76.0 27694.0 295.28   0.009454   2.85 276.25 364.31  89156.36
 76.0 27724.0 294.41   0.010413   2.50 260.48 368.84  89125.37
 77.0 27755.0 294.00   0.011314   2.23 250.99 376.90  89107.85
 77.0 27786.0 293.25   0.012360   1.99 240.20 375.06  89088.42
 77.0 27814.0 292.06   0.012522   1.93 248.08 367.43  89224.12
 77.0 27845.0 290.41   0.011936   2.10 220.06 360.16  89398.68
 77.0 27875.0 289.60   0.010081   2.22 201.01 354.70  89494.99
 77.0 27906.0 287.99   0.009018   2.27 183.89 343.45  89581.60
 77.0 27936.0 287.10   0.007789   2.36 187.53 330.69  89678.78
 77.0 27967.0 288.72   0.008576   2.53 216.34 337.61  89614.59
 77.0 27998.0 290.99   0.008100   2.66 234.29 338.86  89439.64
 77.0 28028.0 292.04   0.009033   2.71 250.63 346.44  89376.12
 77.0 28059.0 293.69   0.008939   2.83 259.39 356.59  89217.06
 77.0 28089.0 295.47   0.009413   2.77 281.17 363.34  89108.28
 78.0 28120.0 293.15   0.010976   2.26 245.94 364.76  89079.34
 78.0 28151.0 291.98   0.012784   1.94 260.37 366.81  89086.12
 78.0 28179.0 291.61   0.012595   1.97 266.03 365.12  89189.19
 78.0 28210.0 290.27   0.011439   2.01 228.73 356.58  89358.37
 78.0 28240.0 288.69   0.009743   2.34 206.45 344.14  89530.73
 78.0 28271.0 287.00   0.007920   2.29 195.94 327.04  89688.81
 78.0 28301.0 287.79   0.007040   2.51 219.29 309.34  89539.06
 78.0 28332.0 289.10   0.007028   2.58 243.67 311.26  89473.81
 78.0 28363.0 291.28   0.008305   2.55 249.52 340.30  89330.08
 78.0 28393.0 293.03   0.008627   2.62 267.08 344.02  89231.88
 78.0 28424.0 293.84   0.009756   2.65 270.66 357.92  89109.06
 78.0 28454.0 293.09   0.010719   2.41 244.73 371.67  89121.74
 79.0 28485.0 292.55   0.011224   2.16 257.50 368.79  89112.40
 79.0 28516.0 292.72   0.011661   2.17 263.04 367.59  89103.33
 79.0 28544.0 292.34   0.011725   2.20 254.93 364.52  89173.37
 79.0 28575.0 291.43   0.011362   2.28 247.19 361.84  89361.92
 79.0 28605.0 289.09   0.009804   2.35 197.00 349.82  89539.63
 79.0 28636.0 287.52   0.008497   2.30 177.25 339.29  89593.35
 79.0 28666.0 287.66   0.008148   2.31 175.32 338.71  89608.55
 79.0 28697.0 289.33   0.007438   2.57 210.82 326.65  89460.38
 79.0 28728.0 292.10   0.008255   2.80 247.92 341.86  89238.27
 79.0 28758.0 293.44   0.009499   2.76 276.04 353.91  89181.16
 79.0 28789.0 293.21   0.009819   2.81 270.03 360.87  89160.62
 79.0 28819.0 293.59   0.010484   2.42 256.16 365.26  89111.73
 80.0 28850.0 292.70   0.011304   2.28 273.15 367.66  89023.31
 80.0 28881.0 292.55   0.011530   2.23 276.69 363.71  89036.31
 80.0 28909.0 291.96   0.012661   1.89 257.80 365.55  89059.70
 80.0 28940.0 290.45   0.011402   2.16 260.88 354.12  89303.90
 80.0 28970.0 289.37   0.010398   2.12 200.92 354.57  89391.16
 80.0 29001.0 286.67   0.008731   2.38 188.80 332.70  89628.81
 80.0 29031.0 286.49   0.007523   2.42 190.46 325.76  89736.37
 80.0 29062.0 287.54   0.007707   2.34 195.88 328.98  89638.07
 80.0 29093.0 290.74   0.009085   2.56 249.77 338.76  89396.16
 80.0 29123.0 292.77   0.009684   2.78 272.23 358.69  89227.31
 80.0 29154.0 294.56   0.009909   2.66 267.96 364.67  89040.82
 80.0 29184.0 293.10   0.011183   2.24 254.08 367.88  89139.31
 81.0 29215.0 292.79   0.011863   2.16 274.28 368.86  89155.80
 81.0 29246.0 292.32   0.012578   2.00 261.93 368.10  89186.27
 81.0 29274.0 291.43   0.012160   2.18 253.66 363.44  89267.75
 81.0 29305.0 291.10   0.011786   2.18 244.98 361.42  89329.31
 81.0 29335.0 289.59   0.009851   2.23 195.33 354.18  89473.32
 81.0 29366.0 288.53   0.009355   2.34 176.68 347.47  89530.66
 81.0 29396.0 288.07   0.008311   2.38 182.83 338.91  89652.13
 81.0 29427.0 289.34   0.007321   2.61 234.48 324.32  89598.70
 81.0 29458.0 292.81   0.008028   2.87 249.80 342.19  89409.91
 81.0 29488.0 293.92   0.008744   2.80 267.21 350.28  89184.63
 81.0 29519.0 292.87   0.010905   2.36 248.81 363.64  89158.61
 81.0 29549.0 292.77   0.011079   2.29 263.48 363.67  89142.88
 82.0 29580.0 292.85   0.011544   2.12 246.93 370.46  89211.09
 82.0 29611.0 293.78   0.011171   2.16 252.77 373.24  89126.24
 82.0 29639.0 292.69   0.011487   2.28 263.50 365.94  89197.66
 82.0 29670.0 291.68   0.010471   2.32 231.71 359.65  89325.95
 82.0 29700.0 289.41   0.008515   2.28 189.53 343.14  89406.62
 82.0 29731.0 288.17   0.008567   2.40 164.89 345.74  89624.09
 82.0 29761.0 289.08   0.006998   2.54 203.19 324.47  89536.09
 82.0 29792.0 289.53   0.006625   2.55 228.20 323.94  89571.87
 82.0 29823.0 292.44   0.008425   2.88 251.12 343.84  89353.55
 82.0 29853.0 293.34   0.009176   2.82 250.35 357.41  89261.34
 82.0 29884.0 294.15   0.009970   2.71 256.25 364.44  89138.99
 82.0 29914.0 292.87   0.010790   2.32 248.80 367.07  89155.52
 83.0 29945.0 293.64   0.011281   2.27 279.92 367.55  89034.40
 83.0 29976.0 292.89   0.012179   2.19 281.25 371.04  89030.34
 83.0 30004.0 291.88   0.012364   1.99 256.44 363.89  89156.89
 83.0 30035.0 291.40   0.011392   2.24 248.79 360.36  89341.17
 83.0 30065.0 288.83   0.009233   2.25 190.41 344.77  89498.09
 83.0 30096.0 287.35   0.007943   2.32 183.78 336.80  89570.53
 83.0 30126.0 288.74   0.008761   2.46 184.73 342.53  89566.23
 83.0 30157.0 288.73   0.007980   2.60 195.50 338.74  89625.91
 83.0 30188.0 290.00   0.008754   2.70 222.07 347.62  89522.19
 83.0 30218.0 293.07   0.007956   3.01 283.95 339.53  89330.56
 83.0 30249.0 293.81   0.009334   2.74 259.86 359.28  89139.22
 83.0 30279.0 293.07   0.011127   2.39 274.11 365.80  89157.16
 84.0 30310.0 293.00   0.011749   2.01 252.59 369.98  89137.92
 84.0 30341.0 293.32   0.011552   2.28 266.47 370.03  89153.30
 84.0 30369.0 291.88   0.012311   2.06 261.18 364.95  89140.82
 84.0 30400.0 290.74   0.011081   2.26 249.17 355.69  89309.30
 84.0 30430.0 289.16   0.009486   2.19 201.99 347.24  89450.78
 84.0 30461.0 288.07   0.008249   2.30 194.97 333.78  89442.26
 84.0 30491.0 289.29   0.007781   2.42 184.83 339.57  89511.81
 84.0 30522.0 291.24   0.007646   2.65 212.46 340.30  89428.59
 84.0 30553.0 292.19   0.009047   2.76 236.40 351.15  89364.18
 84.0 30583.0 293.62   0.008690   2.75 265.45 355.04  89201.25
 84.0 30614.0 295.28   0.008697   2.74 280.37 355.01  89089.30
 84.0 30644.0 293.31   0.010702   2.43 250.70 369.15  89176.25
 85.0 30675.0 293.00   0.011064   2.41 276.11 367.67  89256.23
 85.0 30706.0 293.07   0.012275   2.14 279.70 369.40  89129.99
 85.0 30734.0 292.13   0.012253   2.09 257.60 367.96  89203.38
 85.0 30765.0 290.53   0.011505   2.13 236.74 360.36  89374.20
 85.0 30795.0 290.22   0.010683   2.19 205.46 359.26  89410.62
 85.0 30826.0 287.72   0.009371   2.27 165.00 346.46  89618.15
 85.0 30856.0 287.76   0.007997   2.38 187.90 337.82  89650.98
 85.0 30887.0 289.07   0.008424   2.45 212.05 336.82  89482.59
 85.0 30918.0 290.69   0.007936   2.55 236.78 335.37  89418.94
 85.0 30948.0 294.08   0.008225   2.83 275.09 347.12  89157.72
 85.0 30979.0 294.48   0.008584   2.78 273.07 352.20  89182.91
 85.0 31009.0 294.13   0.010632   2.25 267.04 366.71  89085.45
 86.0 31040.0 292.25   0.012176   1.93 252.10 368.82  89026.48
 86.0 31071.0 291.54   0.013119   1.68 241.14 371.03  89165.66
 86.0 31099.0 290.78   0.011768   1.96 254.23 357.74  89252.90
 86.0 31130.0 290.25   0.010881   2.18 223.14 353.05  89393.62
 86.0 31160.0 289.41   0.009523   2.22 201.56 350.32  89430.15
 86.0 31191.0 288.20   0.008706   2.29 196.88 336.22  89511.20
 86.0 31221.0 288.37   0.008140   2.30 184.64 337.66  89583.22
 86.0 31252.0 289.45   0.007306   2.58 247.59 318.37  89482.98
 86.0 31283.0 291.29   0.008581   2.60 230.54 339.37  89308.55
 86.0 31313.0 293.56   0.009655   2.78 268.32 359.11  89210.00
 86.0 31344.0 293.10   0.010053   2.56 264.24 360.05  89151.51
 86.0 31374.0 292.65   0.010881   2.39 245.35 365.01  89062.55
 87.0 31405.0 293.09   0.011260   2.22 268.25 366.81  89050.29
 87.0 31436.0 293.28   0.012047   2.13 261.65 375.21  89130.91
 87.0 31464.0 293.23   0.011038   2.14 251.61 368.31  89177.48
 87.0 31495.0 292.07   0.009952   2.43 236.44 353.07  89263.59
 87.0 31525.0 290.06   0.010000   2.48 212.45 353.34  89443.61
 87.0 31556.0 288.72   0.007766   2.42 192.70 328.43  89553.84
 87.0 31586.0 289.04   0.007484   2.47 197.91 329.14  89508.38
 87.0 31617.0 289.56   0.007604   2.68 208.35 335.62  89565.95
 87.0 31648.0 291.92   0.008668   2.77 228.68 349.85  89358.93
 87.0 31678.0 293.74   0.009299   2.94 260.53 356.70  89205.95
 87.0 31709.0 294.15   0.009098   2.83 257.83 359.43  89052.79
 87.0 31739.0 294.71   0.009488   2.79 276.11 362.36  89111.38
 88.0 31770.0 293.35   0.011050   2.32 253.26 367.78  89188.72
 88.0 31801.0 292.56   0.011933   2.19 285.65 364.30  89130.66
 88.0 31829.0 291.39   0.011942   2.01 243.15 365.12  89236.09
 88.0 31860.0 290.24   0.011674   2.21 241.93 356.84  89389.92
 88.0 31890.0 288.78   0.009624   2.39 216.59 346.47  89555.74
 88.0 31921.0 287.33   0.008324   2.24 181.93 337.10  89643.10
 88.0 31951.0 287.08   0.007621   2.34 201.19 322.04  89597.45
 88.0 31982.0 288.49   0.008254   2.45 198.67 339.57  89658.30
 88.0 32013.0 291.57   0.008853   2.68 240.25 346.69  89386.85
 88.0 32043.0 293.06   0.007798   2.91 271.64 339.91  89311.35
 88.0 32074.0 294.52   0.009631   2.62 270.27 359.87  89137.20
 88.0 32104.0 293.06   0.011732   2.34 268.15 370.60  89085.05
 89.0 32135.0 293.47   0.011641   2.18 252.25 374.15  89106.67
 89.0 32166.0 292.85   0.011673   2.21 272.98 370.05  89188.86
 89.0 32194.0 292.39   0.011729   2.22 270.73 365.06  89214.30
 89.0 32225.0 291.11   0.010810   2.29 231.46 358.80  89293.76
 89.0 32255.0 290.05   0.010098   2.27 207.33 354.43  89347.09
 89.0 32286.0 288.29   0.008630   2.42 173.15 346.94  89547.60
 89.0 32316.0 289.40   0.007670   2.46 204.74 328.31  89523.17
 89.0 32347.0 290.90   0.007954   2.62 216.93 337.49  89433.38
 89.0 32378.0 291.87   0.008946   2.71 236.88 348.61  89321.20
 89.0 32408.0 292.39   0.009466   2.64 234.13 360.07  89335.56
 89.0 32439.0 292.96   0.010270   2.49 249.20 366.03  89225.11
 89.0 32469.0 293.35   0.010711   2.32 255.33 367.27  89188.88
 90.0 32500.0 293.09   0.011819   2.06 244.92 370.57  89072.25
 90.0 32531.0 293.39   0.011906   2.26 286.05 371.55  89063.80
 90.0 32559.0 292.28   0.011859   2.26 252.22 369.62  89144.57
 90.0 32590.0 291.44   0.011173   2.39 252.60 361.71  89337.84
 90.0 32620.0 289.62   0.009960   2.30 213.27 348.77  89435.37
 90.0 32651.0 287.75   0.008421   2.30 175.55 341.27  89542.29
 90.0 32681.0 288.08   0.007373   2.43 188.59 329.14  89526.20
 90.0 32712.0 289.36   0.008546   2.47 208.41 342.30  89485.64
 90.0 32743.0 290.63   0.008786   2.64 224.14 349.78  89393.76
 90.0 32773.0 293.56   0.009423   2.86 269.53 356.09  89166.78
 90.0 32804.0 294.11   0.010276   2.52 246.34 370.91  89127.04
 90.0 32834.0 293.62   0.010379   2.45 251.30 368.46  89132.21
 91.0 32865.0 292.54   0.011813   2.07 236.68 372.23  89078.13
 91.0 32896.0 292.35   0.012224   2.02 254.31 370.72  89164.16
 91.0 32924.0 291.78   0.012097   2.08 266.03 364.08  89162.02
 91.0 32955.0 291.16   0.011855   2.27 255.77 359.61  89297.39
 91.0 32985.0 289.60   0.010505   2.18 184.48 356.97  89481.29
 91.0 33016.0 287.89   0.008919   2.23 170.41 346.76  89584.36
 91.0 33046.0 287.78   0.008240   2.36 177.56 341.21  89601.17
 91.0 33077.0 289.50   0.007166   2.55 222.67 320.40  89492.45
 91.0 33108.0 290.87   0.008485   2.51 226.46 343.48  89386.70
 91.0 33138.0 294.12   0.008962   2.91 272.67 353.83  89161.88
 91.0 33169.0 293.50   0.010228   2.58 281.27 359.85  89189.91
 91.0 33199.0 293.32   0.010570   2.41 266.24 366.61  89139.18
 92.0 33230.0 292.63   0.012554   1.94 255.27 371.18  89008.22
 92.0 33261.0 292.83   0.012641   1.89 265.54 374.56  89106.22
 92.0 33289.0 291.25   0.012698   1.84 248.96 365.89  89131.14
 92.0 33320.0 290.36   0.010806   2.17 249.71 351.10  89326.80
 92.0 33350.0 288.06   0.009259   2.33 197.22 342.43  89576.30
 92.0 33381.0 287.32   0.008151   2.20 188.82 334.92  89571.41
 92.0 33411.0 286.88   0.007844   2.34 191.17 326.39  89699.55
 92.0 33442.0 288.91   0.007477   2.39 203.42 329.77  89491.45
 92.0 33473.0 291.46   0.008150   2.66 258.56 330.70  89347.70
 92.0 33503.0 292.71   0.009444   2.76 277.52 350.73  89236.99
 92.0 33534.0 293.59   0.009570   2.67 247.82 361.75  89068.99
 92.0 33564.0 293.47   0.011000   2.37 285.96 365.54  89152.76
 93.0 33595.0 292.88   0.012021   1.82 231.08 374.18  88965.22
 93.0 33626.0 291.32   0.012510   2.03 257.67 363.31  89200.96
 93.0 33654.0 291.06   0.012174   2.03 266.87 358.29  89306.80
 93.0 33685.0 290.01   0.011922   2.20 257.11 354.23  89395.75
 93.0 33715.0 289.32   0.010138   2.27 227.08 346.58  89408.22
 93.0 33746.0 287.85   0.008714   2.47 200.22 335.62  89615.12
 93.0 33776.0 286.96   0.007616   2.41 209.72 325.87  89672.84
 93.0 33807.0 288.25   0.008146   2.44 196.86 337.49  89559.25
 93.0 33838.0 290.15   0.007680   2.65 264.58 325.51  89387.35
 93.0 33868.0 291.77   0.010079   2.68 264.93 358.16  89290.44
 93.0 33899.0 293.04   0.010000   2.69 271.26 358.87  89212.02
 93.0 33929.0 293.97   0.010338   2.36 250.39 368.13  89191.12
 94.0 33960.0 292.95   0.012048   1.97 252.10 370.86  89159.19
 94.0 33991.0 291.54   0.013307   1.65 229.97 371.89  89172.89
 94.0 34019.0 290.99   0.011971   2.10 277.33 357.40  89285.27
 94.0 34050.0 290.36   0.011291   2.09 234.12 354.10  89336.64
 94.0 34080.0 288.94   0.009076   2.12 214.98 341.03  89521.19
 94.0 34111.0 286.88   0.007919   2.28 200.38 326.05  89566.31
 94.0 34141.0 287.20   0.008104   2.35 187.53 335.55  89614.94
 94.0 34172.0 289.55   0.008487   2.45 221.91 334.86  89456.22
 94.0 34203.0 291.64   0.009142   2.64 240.33 352.54  89448.59
 94.0 34233.0 293.84   0.009616   2.72 260.45 358.93  89135.39
 94.0 34264.0 293.40   0.009311   2.82 284.11 348.85  89205.20
 94.0 34294.0 293.09   0.010769   2.41 261.23 364.26  89218.84
 95.0 34325.0 293.96   0.010483   2.52 281.18 365.03  89201.01
 95.0 34356.0 293.57   0.012011   2.16 259.66 372.24  89078.58
 95.0 34384.0 292.53   0.012112   2.25 264.55 367.32  89182.59
 95.0 34415.0 290.94   0.011190   2.48 237.80 360.01  89461.31
 95.0 34445.0 289.80   0.010595   2.23 198.59 356.02  89440.66
 95.0 34476.0 287.29   0.008393   2.40 170.82 337.08  89673.09
 95.0 34506.0 287.32   0.008497   2.29 169.78 340.48  89702.44
 95.0 34537.0 291.13   0.007831   2.63 235.96 329.40  89307.12
 95.0 34568.0 291.96   0.008087   2.84 252.04 335.24  89377.73
 95.0 34598.0 293.82   0.008982   2.78 265.48 355.52  89235.78
 95.0 34629.0 294.35   0.010189   2.66 266.50 362.23  89093.27
 95.0 34659.0 293.94   0.009810   2.69 266.01 362.37  89135.42
 96.0 34690.0 294.47   0.010934   2.38 262.84 374.43  89062.62
 96.0 34721.0 294.45   0.011304   2.20 243.47 373.10  89021.06
 96.0 34749.0 292.33   0.012116   2.15 238.29 368.96  89177.44
 96.0 34780.0 291.79   0.011216   2.33 237.44 362.80  89355.40
 96.0 34810.0 289.63   0.009283   2.25 179.84 349.23  89500.48
 96.0 34841.0 288.61   0.008840   2.45 183.43 343.19  89569.55
 96.0 34871.0 287.68   0.007803   2.37 177.34 333.31  89569.57
 96.0 34902.0 289.30   0.007052   2.69 226.44 326.58  89620.13
 96.0 34933.0 292.45   0.008521   2.80 253.52 343.75  89303.59
 96.0 34963.0 292.79   0.009550   2.70 245.00 358.76  89199.67
 96.0 34994.0 292.84   0.009929   2.66 264.38 362.43  89153.05
 96.0 35024.0 292.96   0.010915   2.28 258.68 367.09  89122.75
 97.0 35055.0 292.35   0.011819   1.89 239.91 371.19  89056.62
 97.0 35086.0 292.31   0.012487   1.85 259.66 370.63  89080.08
 97.0 35114.0 291.50   0.012773   1.90 267.69 362.48  89108.56
 97.0 35145.0 289.81   0.011370   2.32 260.46 351.92  89353.52
 97.0 35175.0 288.51   0.009560   2.27 193.96 348.88  89512.77
 97.0 35206.0 287.92   0.008797   2.34 193.84 340.08  89622.74
 97.0 35236.0 286.82   0.007913   2.30 184.92 330.24  89681.92
 97.0 35267.0 288.50   0.007955   2.48 225.97 330.46  89477.91
 97.0 35298.0 290.52   0.009702   2.41 232.83 348.98  89428.65
 97.0 35328.0 292.80   0.009158   2.75 253.16 349.87  89202.45
 97.0 35359.0 293.93   0.009476   2.80 284.32 357.68  89188.41
 97.0 35389.0 292.84   0.011066   2.32 241.59 367.73  89143.83
 98.0 35420.0 292.72   0.011877   2.16 273.79 367.84  89128.47
 98.0 35451.0 292.31   0.012216   1.98 240.78 369.23  89041.07
 98.0 35479.0 291.39   0.012845   1.85 248.63 366.24  89159.38
 98.0 35510.0 290.32   0.011466   2.11 239.25 356.85  89351.34
 98.0 35540.0 288.79   0.009831   2.21 211.95 346.34  89472.12
 98.0 35571.0 286.73   0.008070   2.28 189.02 330.97  89614.58
 98.0 35601.0 287.31   0.008025   2.35 199.05 337.01  89605.54
 98.0 35632.0 289.29   0.007367   2.52 247.13 315.35  89457.61
 98.0 35663.0 290.52   0.008224   2.61 263.81 331.34  89426.80
 98.0 35693.0 293.16   0.008763   2.86 288.78 343.52  89182.56
 98.0 35724.0 293.39   0.009772   2.74 266.20 360.54  89126.42
 98.0 35754.0 293.19   0.010358   2.21 261.62 361.00  89050.33
 99.0 35785.0 292.09   0.011090   2.19 266.51 361.64  89105.05
 99.0 35816.0 293.33   0.011524   2.25 290.06 365.43  89060.05
 99.0 35844.0 292.79   0.010811   2.35 247.89 366.85  89197.65
 99.0 35875.0 291.10   0.010612   2.47 235.12 357.66  89378.43
 99.0 35905.0 289.01   0.008608   2.38 186.52 345.02  89547.40
 99.0 35936.0 288.35   0.007924   2.41 196.84 333.71  89551.98
 99.0 35966.0 289.18   0.007865   2.46 187.29 340.68  89544.80
 99.0 35997.0 290.27   0.007911   2.54 196.03 339.92  89441.29
 99.0 36028.0 291.05   0.009154   2.69 238.72 348.85  89402.12
 99.0 36058.0 292.96   0.008846   2.80 254.55 355.75  89244.33
 99.0 36089.0 294.86   0.009501   2.74 269.31 361.69  89095.96
 99.0 36119.0 292.81   0.012021   2.17 270.47 366.69  89079.70
100.0 36150.0 291.87   0.012415   2.01 278.34 364.28  89159.70
100.0 36181.0 291.97   0.012979   1.93 281.78 365.85  89175.53
100.0 36209.0 291.83   0.012787   2.00 256.49 368.63  89224.45
100.0 36240.0 290.95   0.011596   2.36 257.04 357.50  89392.59
100.0 36270.0 288.99   0.009452   2.17 201.95 346.78  89482.51
100.0 36301.0 288.63   0.009500   2.26 192.60 345.97  89526.28
100.0 36331.0 287.51   0.007615   2.40 191.57 331.00  89621.50
100.0 36362.0 289.92   0.007417   2.64 228.04 324.80  89481.05
100.0 36393.0 291.01   0.009264   2.78 247.61 349.43  89496.86
100.0 36423.0 293.41   0.009033   2.89 276.83 349.02  89253.37
100.0 36454.0 293.40   0.009067   2.73 273.07 353.76  89215.38
100.0 36484.0 293.17   0.010927   2.38 246.82 366.97  89191.76
