  1.0    15.0 294.75   0.015070   1.78 249.27 387.62  89491.02
  1.0    46.0 295.08   0.013834   2.10 269.05 382.35  89540.73
  1.0    74.0 295.02   0.012488   2.22 229.18 386.60  89599.80
  1.0   105.0 294.57   0.012606   2.27 237.55 379.90  89604.31
  1.0   135.0 293.98   0.010421   2.38 203.20 363.79  89686.82
  1.0   166.0 292.64   0.011113   2.23 180.61 368.41  89724.96
  1.0   196.0 291.06   0.008657   2.47 193.29 353.70  90084.73
  1.0   227.0 293.06   0.008761   2.62 228.97 351.67  89871.53
  1.0   258.0 296.72   0.010257   2.83 267.03 372.51  89689.21
  1.0   288.0 297.52   0.011410   2.93 284.69 377.64  89580.27
  1.0   319.0 298.33   0.011309   2.73 240.56 392.94  89540.45
  1.0   349.0 297.11   0.012422   2.39 255.62 389.51  89481.82
  2.0   380.0 295.73   0.013684   2.07 234.60 388.44  89541.38
  2.0   411.0 294.46   0.014265   1.93 246.87 383.13  89567.88
  2.0   439.0 294.62   0.013171   2.02 244.46 377.12  89605.79
  2.0   470.0 292.89   0.012476   2.20 234.61 373.22  89767.85
  2.0   500.0 291.73   0.010268   2.27 201.13 364.02  89799.49
  2.0   531.0 290.73   0.009737   2.21 164.71 364.42  89888.31
  2.0   561.0 292.06   0.009113   2.30 200.84 351.98  89869.84
  2.0   592.0 295.15   0.010049   2.69 240.26 362.50  89714.01
  2.0   623.0 296.62   0.009963   2.86 273.08 366.80  89652.42
  2.0   653.0 298.67   0.011703   2.85 263.43 393.16  89429.88
  2.0   684.0 296.42   0.013572   2.37 247.49 393.16  89508.11
  2.0   714.0 296.84   0.011767   2.34 222.00 392.02  89553.61
  3.0   745.0 297.13   0.013176   2.16 219.20 397.77  89447.90
  3.0   776.0 294.13   0.015551   1.46 216.39 388.51  89463.90
  3.0   804.0 294.93   0.013519   2.01 245.16 384.51  89613.34
  3.0   835.0 294.09   0.012353   2.26 223.99 376.25  89655.88
  3.0   865.0 292.94   0.010419   2.32 191.30 368.08  89857.58
  3.0   896.0 291.45   0.010060   2.41 189.89 358.25  89928.81
  3.0   926.0 291.50   0.008517   2.42 193.13 348.31  89961.14
  3.0   957.0 293.15   0.009041   2.56 213.12 358.58  89893.55
  3.0   988.0 295.22   0.009207   2.79 267.45 355.86  89715.61
  3.0  1018.0 297.28   0.009394   2.99 290.67 366.24  89666.00
  3.0  1049.0 297.86   0.010420   3.00 288.66 376.65  89580.87
  3.0  1079.0 297.14   0.011660   2.41 237.79 386.32  89489.88
  4.0  1110.0 296.28   0.012467   2.25 251.62 384.09  89408.16
  4.0  1141.0 295.02   0.013684   1.95 239.34 387.30  89549.52
  4.0  1169.0 294.01   0.013379   2.19 265.98 375.28  89605.62
  4.0  1200.0 292.72   0.012021   2.33 232.78 372.07  89788.55
  4.0  1230.0 292.08   0.010728   2.36 214.92 363.13  89875.71
  4.0  1261.0 290.41   0.009099   2.28 183.91 355.93  89988.38
  4.0  1291.0 292.19   0.008694   2.55 216.20 346.26  89934.08
  4.0  1322.0 293.50   0.009305   2.60 231.69 359.14  89954.07
  4.0  1353.0 295.86   0.009546   2.89 262.98 363.02  89690.00
  4.0  1383.0 298.00   0.010158   3.04 291.59 375.54  89576.72
  4.0  1414.0 297.33   0.011762   2.76 267.13 386.25  89617.82
  4.0  1444.0 298.05   0.010952   2.81 277.09 381.68  89517.27
  5.0  1475.0 297.21   0.012109   2.39 237.66 389.82  89574.18
  5.0  1506.0 296.76   0.012944   2.24 233.38 396.32  89591.64
  5.0  1534.0 294.41   0.013834   2.17 238.74 386.00  89633.80
  5.0  1565.0 294.15   0.012809   2.27 222.56 380.32  89654.17
  5.0  1595.0 293.10   0.010791   2.31 194.48 370.45  89823.49
  5.0  1626.0 290.66   0.008972   2.21 158.43 356.29  89965.69
  5.0  1656.0 292.72   0.009623   2.42 198.67 355.54  89848.12
  5.0  1687.0 294.68   0.009071   2.59 242.64 352.17  89712.53
  5.0  1718.0 295.69   0.009928   2.83 235.40 374.92  89742.06
  5.0  1748.0 297.82   0.012176   2.71 255.70 384.97  89533.80
  5.0  1779.0 298.46   0.011030   2.85 264.31 386.64  89459.67
  5.0  1809.0 297.67   0.012955   2.28 249.84 395.60  89428.60
  6.0  1840.0 295.64   0.014304   1.94 254.40 387.55  89506.00
  6.0  1871.0 294.79   0.014345   1.87 255.57 381.86  89544.16
  6.0  1899.0 295.22   0.011326   2.16 231.97 377.75  89611.64
  6.0  1930.0 293.63   0.011949   2.18 216.72 376.65  89748.42
  6.0  1960.0 292.48   0.011025   2.28 199.88 367.03  89801.95
  6.0  1991.0 291.20   0.008958   2.24 169.23 353.98  89924.08
  6.0  2021.0 291.09   0.008427   2.45 187.14 350.04  90032.30
  6.0  2052.0 294.23   0.008924   2.61 228.67 351.23  89665.85
  6.0  2083.0 296.71   0.009439   2.96 284.26 361.00  89606.97
  6.0  2113.0 298.12   0.010512   2.96 260.97 379.41  89552.43
  6.0  2144.0 298.72   0.011763   2.64 238.63 396.87  89467.75
  6.0  2174.0 297.82   0.012320   2.52 257.81 391.58  89457.11
  7.0  2205.0 293.72   0.014973   1.83 257.81 381.92  89553.59
  7.0  2236.0 295.53   0.012677   1.88 231.16 386.51  89481.43
  7.0  2264.0 293.51   0.013336   2.03 246.24 375.90  89650.49
  7.0  2295.0 293.73   0.011592   2.26 233.70 373.45  89720.35
  7.0  2325.0 293.34   0.010014   2.27 197.77 366.35  89809.36
  7.0  2356.0 291.17   0.008932   2.28 181.71 354.71  89919.05
  7.0  2386.0 292.36   0.007657   2.54 222.59 335.70  89901.64
  7.0  2417.0 294.13   0.008400   2.63 246.71 347.19  89817.26
  7.0  2448.0 296.86   0.010044   2.85 278.23 364.29  89713.66
  7.0  2478.0 299.12   0.009684   3.14 323.37 365.19  89456.64
  7.0  2509.0 300.11   0.010358   2.97 286.53 384.40  89418.04
  7.0  2539.0 296.79   0.012217   2.38 251.31 384.28  89513.27
  8.0  2570.0 296.23   0.013248   2.07 229.87 394.44  89465.30
  8.0  2601.0 295.52   0.014326   1.86 249.21 387.76  89444.43
  8.0  2629.0 295.90   0.012726   2.22 243.76 383.49  89504.88
  8.0  2660.0 294.31   0.011431   2.30 206.50 378.80  89629.92
  8.0  2690.0 292.84   0.010318   2.27 194.75 364.60  89719.66
  8.0  2721.0 292.37   0.010073   2.26 185.95 363.68  89698.98
  8.0  2751.0 291.59   0.008676   2.36 191.76 350.48  89963.96
  8.0  2782.0 294.41   0.008721   2.66 237.67 349.82  89670.54
  8.0  2813.0 296.94   0.010381   2.89 262.89 375.41  89580.26
  8.0  2843.0 298.77   0.010183   3.00 293.66 376.58  89553.55
  8.0  2874.0 300.10   0.010673   2.94 272.85 391.49  89409.61
  8.0  2904.0 296.34   0.013371   2.24 254.08 388.83  89465.73
  9.0  2935.0 295.46   0.014426   1.79 227.35 391.13  89406.02
  9.0  2966.0 294.98   0.015218   1.60 239.50 387.79  89438.97
  9.0  2994.0 294.68   0.013337   1.77 224.14 381.70  89481.99
  9.0  3025.0 293.83   0.012688   2.08 237.13 376.44  89642.28
  9.0  3055.0 293.45   0.011216   2.16 201.74 372.29  89688.32
  9.0  3086.0 292.45   0.010845   2.27 188.15 369.79  89834.95
  9.0  3116.0 291.84   0.009214   2.43 186.01 358.66  89949.98
  9.0  3147.0 294.10   0.009786   2.51 203.60 369.80  89747.07
  9.0  3178.0 295.64   0.009735   2.62 245.38 361.47  89662.89
  9.0  3208.0 298.37   0.011073   2.80 260.75 382.76  89437.50
  9.0  3239.0 298.02   0.011762   2.52 247.12 386.79  89517.22
  9.0  3269.0 297.99   0.011787   2.43 250.14 391.48  89394.46
 10.0  3300.0 295.17   0.014413   1.73 235.77 387.34  89400.45
 10.0  3331.0 294.89   0.013749   1.88 234.61 383.90  89389.42
 10.0  3359.0 295.49   0.012929   2.23 247.40 385.21  89552.28
 10.0  3390.0 294.52   0.012319   2.36 239.67 376.89  89595.38
 10.0  3420.0 292.90   0.009128   2.34 226.16 348.29  89736.41
 10.0  3451.0 291.70   0.010212   2.30 179.41 361.64  89827.78
 10.0  3481.0 292.71   0.009379   2.34 202.13 357.82  89841.34
 10.0  3512.0 295.71   0.008105   2.72 284.01 340.20  89591.34
 10.0  3543.0 297.00   0.008940   2.83 280.37 358.56  89633.73
 10.0  3573.0 298.66   0.011228   2.78 270.66 388.21  89474.96
 10.0  3604.0 298.15   0.011551   2.59 216.83 392.61  89476.33
 10.0  3634.0 294.72   0.014436   1.93 235.60 388.58  89451.59
 11.0  3665.0 292.94   0.014867   1.67 255.15 375.48  89484.95
 11.0  3696.0 294.62   0.014338   1.69 230.21 388.56  89504.34
 11.0  3724.0 293.04   0.014093   1.83 259.13 373.85  89530.15
 11.0  3755.0 292.89   0.011968   2.16 227.54 369.63  89736.37
 11.0  3785.0 291.54   0.010710   2.26 216.77 361.90  89831.39
 11.0  3816.0 290.93   0.009691   2.38 200.18 355.12  89878.11
 11.0  3846.0 290.65   0.008219   2.43 219.04 335.93  89985.53
 11.0  3877.0 292.90   0.009156   2.56 240.06 347.48  89816.13
 11.0  3908.0 295.21   0.010678   2.68 235.05 376.20  89733.34
 11.0  3938.0 298.03   0.010703   2.92 273.01 375.86  89502.12
 11.0  3969.0 297.09   0.011769   2.70 248.59 387.42  89585.00
 11.0  3999.0 296.46   0.012889   2.34 261.36 386.76  89507.24
 12.0  4030.0 297.24   0.012874   2.07 229.46 393.20  89431.62
 12.0  4061.0 294.56   0.013914   1.96 268.38 379.23  89618.32
 12.0  4089.0 294.68   0.012998   2.08 245.50 381.36  89632.05
 12.0  4120.0 294.13   0.012391   2.13 222.77 376.68  89610.74
 12.0  4150.0 292.02   0.011292   2.26 205.10 366.04  89773.96
 12.0  4181.0 291.73   0.009852   2.33 175.84 364.01  89867.45
 12.0  4211.0 292.43   0.009477   2.39 180.68 359.14  89836.01
 12.0  4242.0 294.23   0.010142   2.60 217.35 365.98  89730.77
 12.0  4273.0 295.05   0.012011   2.61 239.77 382.53  89691.12
 12.0  4303.0 296.79   0.012413   2.67 255.13 387.39  89634.39
 12.0  4334.0 296.82   0.012594   2.57 255.73 389.42  89598.79
 12.0  4364.0 296.87   0.013146   2.29 251.44 388.09  89463.19
 13.0  4395.0 294.06   0.014936   1.70 226.19 383.11  89559.98
 13.0  4426.0 295.18   0.014248   1.86 257.73 385.86  89558.47
 13.0  4454.0 295.02   0.012409   1.96 217.55 381.39  89589.88
 13.0  4485.0 293.87   0.010564   2.12 212.54 368.40  89729.63
 13.0  4515.0 293.11   0.011321   2.26 201.98 373.38  89781.34
 13.0  4546.0 292.25   0.008701   2.33 191.92 349.29  89831.78
 13.0  4576.0 292.21   0.007868   2.57 225.25 336.50  89972.17
 13.0  4607.0 293.74   0.008599   2.57 225.79 354.04  89826.21
 13.0  4638.0 295.58   0.010228   2.59 227.03 373.35  89745.53
 13.0  4668.0 297.61   0.011078   2.93 265.98 383.14  89619.27
 13.0  4699.0 298.55   0.011153   2.83 239.36 391.27  89413.99
 13.0  4729.0 296.59   0.013027   2.16 227.84 390.87  89440.98
 14.0  4760.0 294.38   0.013461   2.00 247.32 380.63  89587.50
 14.0  4791.0 295.90   0.012802   2.16 239.76 385.47  89466.82
 14.0  4819.0 295.70   0.011443   2.27 239.90 377.85  89542.03
 14.0  4850.0 294.89   0.011242   2.44 243.51 372.13  89606.44
 14.0  4880.0 293.39   0.010644   2.36 199.03 368.89  89698.41
 14.0  4911.0 292.08   0.008458   2.35 194.94 351.33  89859.78
 14.0  4941.0 291.93   0.007269   2.54 244.03 327.14  89897.93
 14.0  4972.0 294.13   0.008704   2.59 227.60 352.48  89726.12
 14.0  5003.0 296.33   0.009141   2.84 270.04 360.78  89697.72
 14.0  5033.0 298.51   0.010018   3.02 290.66 374.26  89569.20
 14.0  5064.0 298.23   0.011904   2.60 239.33 392.17  89492.33
 14.0  5094.0 298.08   0.011907   2.39 232.48 392.14  89461.26
 15.0  5125.0 295.49   0.014248   1.84 235.25 390.63  89467.26
 15.0  5156.0 295.34   0.014392   1.88 243.25 388.94  89470.96
 15.0  5184.0 295.92   0.012385   2.19 241.92 385.86  89562.65
 15.0  5215.0 295.13   0.011593   2.39 236.15 376.46  89693.77
 15.0  5245.0 293.88   0.011079   2.32 207.04 370.16  89691.91
 15.0  5276.0 291.40   0.009297   2.36 178.46 357.46  89950.04
 15.0  5306.0 291.51   0.008878   2.39 181.38 348.88  89934.94
 15.0  5337.0 294.95   0.009862   2.61 234.03 369.90  89604.80
 15.0  5368.0 297.40   0.009735   2.86 271.07 366.42  89597.64
 15.0  5398.0 298.78   0.010258   2.83 269.03 383.15  89562.80
 15.0  5429.0 299.23   0.011094   2.80 261.15 391.30  89473.53
 15.0  5459.0 296.87   0.013173   2.24 237.92 395.00  89582.30
 16.0  5490.0 294.96   0.014158   1.92 226.73 388.87  89494.70
 16.0  5521.0 295.13   0.013901   1.92 235.02 387.93  89490.75
 16.0  5549.0 295.39   0.012308   2.14 228.85 385.60  89609.91
 16.0  5580.0 295.11   0.010776   2.31 230.94 372.95  89639.72
 16.0  5610.0 293.64   0.010411   2.25 201.56 365.53  89650.38
 16.0  5641.0 291.23   0.009063   2.31 168.86 353.57  89885.12
 16.0  5671.0 292.45   0.008186   2.34 198.58 346.25  89804.14
 16.0  5702.0 294.54   0.007817   2.61 262.33 342.12  89701.77
 16.0  5733.0 296.60   0.009891   2.83 286.27 361.36  89619.65
 16.0  5763.0 298.28   0.009391   2.96 280.79 370.62  89602.05
 16.0  5794.0 298.94   0.010870   2.63 263.23 387.73  89479.67
 16.0  5824.0 295.02   0.014525   1.74 229.28 389.42  89399.81
 17.0  5855.0 294.30   0.014651   1.68 248.90 382.75  89404.34
 17.0  5886.0 292.26   0.014363   1.77 254.74 372.24  89636.20
 17.0  5914.0 293.42   0.014248   1.82 236.43 379.88  89605.79
 17.0  5945.0 292.23   0.010478   2.15 223.59 358.66  89739.52
 17.0  5975.0 291.99   0.010643   2.27 212.03 361.51  89822.84
 17.0  6006.0 291.79   0.009748   2.08 188.21 357.54  89765.18
 17.0  6036.0 291.36   0.008969   2.30 197.05 347.16  89887.33
 17.0  6067.0 294.07   0.009031   2.52 233.22 356.81  89712.74
 17.0  6098.0 295.80   0.009191   2.84 304.08 349.64  89746.99
 17.0  6128.0 297.28   0.010177   2.95 285.12 368.72  89628.55
 17.0  6159.0 298.22   0.011027   2.75 263.22 384.77  89533.37
 17.0  6189.0 298.14   0.011371   2.54 273.52 382.79  89406.89
 18.0  6220.0 295.09   0.014142   1.74 226.21 387.07  89388.10
 18.0  6251.0 297.59   0.012754   2.07 243.89 394.74  89342.81
 18.0  6279.0 296.02   0.012371   2.44 260.83 382.75  89533.27
 18.0  6310.0 294.57   0.012200   2.38 229.33 376.90  89628.34
 18.0  6340.0 293.24   0.010541   2.39 202.08 368.60  89772.70
 18.0  6371.0 293.41   0.009352   2.45 211.19 355.68  89717.70
 18.0  6401.0 292.08   0.008131   2.48 205.94 345.76  89915.45
 18.0  6432.0 294.05   0.008746   2.61 223.21 358.60  89785.62
 18.0  6463.0 296.58   0.009786   2.83 270.73 367.47  89696.27
 18.0  6493.0 298.58   0.010828   2.92 275.05 381.76  89565.05
 18.0  6524.0 298.69   0.011257   2.63 241.69 390.65  89454.73
 18.0  6554.0 297.64   0.012706   2.55 254.54 394.73  89550.46
 19.0  6585.0 295.60   0.014593   1.82 236.98 390.62  89453.55
 19.0  6616.0 296.29   0.012849   1.87 229.27 391.44  89461.09
 19.0  6644.0 293.82   0.013841   1.97 229.83 381.66  89620.40
 19.0  6675.0 293.78   0.011773   2.18 214.53 375.01  89645.38
 19.0  6705.0 292.51   0.010836   2.17 185.73 367.95  89722.16
 19.0  6736.0 292.23   0.009606   2.28 196.44 358.07  89861.66
 19.0  6766.0 292.21   0.009105   2.40 198.28 350.67  89854.18
 19.0  6797.0 294.30   0.011100   2.43 229.49 371.43  89656.27
 19.0  6828.0 296.78   0.010443   2.75 258.70 375.74  89585.04
 19.0  6858.0 298.81   0.010364   3.01 304.81 374.05  89502.15
 19.0  6889.0 298.50   0.011226   2.93 261.86 388.33  89528.12
 19.0  6919.0 297.19   0.012384   2.38 247.19 390.38  89488.01
 20.0  6950.0 296.64   0.013140   2.08 229.15 389.84  89499.73
 20.0  6981.0 296.44   0.012604   2.00 200.88 392.07  89488.05
 20.0  7009.0 295.56   0.012448   2.32 234.16 381.46  89575.61
 20.0  7040.0 294.94   0.010860   2.33 199.69 379.40  89733.45
 20.0  7070.0 293.44   0.009400   2.41 179.60 367.74  89788.62
 20.0  7101.0 292.68   0.008928   2.44 194.43 358.11  89871.86
 20.0  7131.0 292.98   0.008543   2.52 215.92 342.56  89825.52
 20.0  7162.0 295.06   0.008310   2.65 249.31 352.62  89794.83
 20.0  7193.0 296.39   0.009843   2.71 237.56 371.18  89662.45
 20.0  7223.0 298.25   0.009376   2.96 294.46 367.58  89687.41
 20.0  7254.0 300.10   0.010778   2.93 291.85 386.52  89398.98
 20.0  7284.0 296.00   0.013255   2.14 238.44 387.76  89468.79
 21.0  7315.0 294.70   0.014528   1.76 232.51 388.09  89389.69
 21.0  7346.0 295.24   0.012741   1.93 238.56 381.47  89480.99
 21.0  7374.0 294.01   0.013865   1.78 233.40 382.75  89501.81
 21.0  7405.0 292.86   0.011785   2.16 233.59 367.65  89722.53
 21.0  7435.0 291.23   0.010158   2.38 214.45 357.83  89929.45
 21.0  7466.0 292.14   0.010497   2.10 180.69 363.00  89772.66
 21.0  7496.0 291.59   0.008316   2.42 212.68 346.23  89950.51
 21.0  7527.0 294.08   0.009239   2.52 240.97 352.52  89782.87
 21.0  7558.0 296.50   0.009823   2.77 261.41 367.97  89721.57
 21.0  7588.0 297.62   0.010997   2.77 241.93 386.81  89652.66
 21.0  7619.0 298.21   0.011312   2.73 256.51 385.73  89498.43
 21.0  7649.0 297.97   0.012023   2.43 243.96 389.95  89379.70
 22.0  7680.0 295.61   0.013927   2.00 252.33 388.39  89505.81
 22.0  7711.0 295.40   0.013898   1.90 239.50 390.46  89417.01
 22.0  7739.0 294.15   0.014253   1.80 226.36 384.61  89543.20
 22.0  7770.0 294.09   0.012700   2.20 230.75 378.09  89634.32
 22.0  7800.0 292.38   0.011865   2.15 202.12 369.92  89777.34
 22.0  7831.0 291.86   0.010102   2.14 181.29 360.63  89792.18
 22.0  7861.0 291.93   0.007996   2.44 212.58 338.31  89841.87
 22.0  7892.0 294.41   0.008766   2.59 238.71 356.39  89720.88
 22.0  7923.0 296.60   0.010237   2.71 245.38 374.02  89655.15
 22.0  7953.0 298.19   0.011397   2.76 251.12 386.86  89567.99
 22.0  7984.0 298.40   0.011495   2.70 256.26 387.72  89463.56
 22.0  8014.0 296.77   0.013508   2.21 246.35 392.02  89484.41
 23.0  8045.0 295.95   0.013519   1.96 221.97 391.35  89472.19
 23.0  8076.0 296.28   0.012673   2.15 234.16 387.92  89600.60
 23.0  8104.0 295.85   0.012444   2.40 243.64 382.90  89664.31
 23.0  8135.0 295.03   0.011710   2.45 232.53 378.52  89660.53
 23.0  8165.0 294.40   0.011161   2.47 202.91 379.01  89644.98
 23.0  8196.0 291.81   0.009797   2.31 170.35 362.85  89881.95
 23.0  8226.0 292.16   0.008715   2.46 198.60 347.62  89904.51
 23.0  8257.0 293.79   0.009223   2.54 203.57 362.84  89896.97
 23.0  8288.0 296.96   0.008793   2.85 285.04 351.60  89583.47
 23.0  8318.0 297.76   0.011347   2.77 266.80 383.27  89617.67
 23.0  8349.0 298.74   0.011064   2.78 248.00 392.21  89469.18
 23.0  8379.0 297.86   0.012143   2.45 238.79 394.17  89497.78
 24.0  8410.0 296.96   0.011924   2.38 243.20 385.74  89565.41
 24.0  8441.0 296.18   0.012737   2.28 243.55 384.95  89570.97
 24.0  8469.0 296.35   0.012253   2.35 221.99 388.50  89576.11
 24.0  8500.0 295.04   0.011725   2.36 219.71 379.51  89619.22
 24.0  8530.0 293.85   0.011204   2.36 193.07 377.06  89722.86
 24.0  8561.0 291.76   0.009087   2.27 175.19 358.17  89833.05
 24.0  8591.0 291.94   0.008641   2.47 191.77 347.46  89934.26
 24.0  8622.0 294.85   0.008586   2.79 258.83 345.03  89772.23
 24.0  8653.0 297.81   0.008905   2.93 309.33 354.60  89585.62
 24.0  8683.0 298.88   0.010376   3.02 274.99 384.43  89602.87
 24.0  8714.0 299.26   0.010865   2.96 253.55 395.80  89514.88
 24.0  8744.0 297.24   0.013083   2.18 238.33 393.32  89526.27
 25.0  8775.0 294.53   0.014731   1.80 243.76 384.79  89583.92
 25.0  8806.0 295.39   0.012526   2.09 243.01 384.32  89622.67
 25.0  8834.0 294.93   0.012957   2.22 250.21 383.20  89635.13
 25.0  8865.0 293.54   0.012932   2.17 232.46 378.64  89695.99
 25.0  8895.0 292.24   0.010780   2.29 213.42 361.19  89816.88
 25.0  8926.0 292.22   0.010195   2.19 176.88 367.10  89800.80
 25.0  8956.0 292.08   0.008756   2.42 204.64 349.45  89852.77
 25.0  8987.0 294.69   0.009518   2.64 239.78 362.13  89716.89
 25.0  9018.0 296.35   0.008908   2.85 291.07 351.77  89672.62
 25.0  9048.0 298.26   0.010492   2.95 283.53 380.39  89578.80
 25.0  9079.0 297.68   0.011676   2.68 263.59 388.92  89614.32
 25.0  9109.0 295.72   0.012895   2.22 248.22 385.42  89478.86
 26.0  9140.0 295.10   0.013462   2.00 240.55 386.47  89448.34
 26.0  9171.0 295.23   0.014165   1.82 228.02 386.63  89327.30
 26.0  9199.0 293.41   0.013639   1.99 259.69 374.92  89623.72
 26.0  9230.0 293.11   0.012318   2.06 218.77 377.09  89725.22
 26.0  9260.0 291.34   0.009730   2.11 179.22 360.57  89870.92
 26.0  9291.0 291.47   0.009271   2.24 189.41 355.14  89806.45
 26.0  9321.0 292.31   0.008962   2.25 207.09 343.74  89756.02
 26.0  9352.0 293.68   0.008448   2.56 249.29 344.73  89818.73
 26.0  9383.0 296.58   0.009627   2.76 270.09 365.93  89714.16
 26.0  9413.0 298.67   0.010486   2.97 299.18 374.97  89608.65
 26.0  9444.0 298.97   0.011281   2.77 260.21 391.90  89503.55
 26.0  9474.0 298.47   0.011397   2.75 277.23 389.24  89534.13
 27.0  9505.0 295.48   0.014324   1.93 256.49 388.27  89593.74
 27.0  9536.0 293.71   0.015540   1.50 239.81 384.93  89470.01
 27.0  9564.0 293.01   0.014455   1.80 237.81 378.36  89604.87
 27.0  9595.0 292.94   0.011797   2.09 246.68 365.92  89699.43
 27.0  9625.0 291.92   0.010756   2.10 196.28 366.68  89771.87
 27.0  9656.0 292.58   0.011966   2.19 197.53 372.49  89740.16
 27.0  9686.0 291.74   0.010061   2.28 184.99 359.19  89918.66
 27.0  9717.0 293.17   0.009949   2.37 220.22 367.30  89871.63
 27.0  9748.0 295.50   0.010369   2.65 273.82 363.90  89653.02
 27.0  9778.0 297.49   0.011332   2.80 282.23 380.03  89653.91
 27.0  9809.0 298.17   0.012027   2.62 282.39 385.99  89485.12
 27.0  9839.0 295.03   0.013791   2.20 272.27 384.57  89604.45
 28.0  9870.0 294.49   0.013847   1.95 228.25 386.74  89577.90
 28.0  9901.0 293.36   0.014722   1.85 252.31 377.72  89600.45
 28.0  9929.0 293.71   0.013482   1.84 241.63 376.73  89559.34
 28.0  9960.0 293.54   0.012211   1.96 223.14 374.35  89672.12
 28.0  9990.0 291.49   0.010788   2.28 212.48 360.13  89864.49
 28.0 10021.0 290.72   0.009714   2.28 183.28 354.10  89967.93
 28.0 10051.0 291.81   0.008851   2.35 212.95 349.11  89847.09
 28.0 10082.0 292.88   0.009061   2.47 221.80 355.70  89777.51
 28.0 10113.0 296.76   0.010316   2.79 286.13 364.43  89638.59
 28.0 10143.0 297.49   0.009914   3.06 299.85 368.86  89563.17
 28.0 10174.0 297.93   0.011538   2.82 273.96 385.61  89549.40
 28.0 10204.0 296.53   0.013185   2.22 239.37 393.05  89418.51
 29.0 10235.0 295.76   0.013297   2.11 255.10 387.18  89403.47
 29.0 10266.0 294.57   0.014553   1.74 235.69 384.17  89422.22
 29.0 10294.0 293.10   0.014705   1.58 214.95 382.01  89454.48
 29.0 10325.0 292.49   0.012265   2.10 238.34 366.75  89715.14
 29.0 10355.0 290.69   0.009802   2.20 195.96 351.02  89915.37
 29.0 10386.0 291.08   0.009293   2.18 191.23 349.83  89882.66
 29.0 10416.0 290.81   0.008566   2.26 192.25 348.51  89898.97
 29.0 10447.0 295.39   0.009313   2.62 263.46 350.49  89560.40
 29.0 10478.0 296.49   0.008863   2.90 312.91 346.56  89599.91
 29.0 10508.0 296.98   0.010801   2.78 256.09 382.61  89663.28
 29.0 10539.0 298.87   0.011296   2.63 247.58 389.61  89461.25
 29.0 10569.0 297.28   0.012677   2.28 242.71 391.58  89507.72
 30.0 10600.0 295.18   0.014670   1.89 235.90 387.76  89383.48
 30.0 10631.0 293.64   0.015263   1.64 240.80 384.44  89486.59
 30.0 10659.0 293.34   0.014318   1.95 277.36 375.40  89546.64
 30.0 10690.0 293.88   0.013244   2.19 237.69 379.51  89593.62
 30.0 10720.0 291.90   0.010560   2.21 208.00 363.10  89784.64
 30.0 10751.0 292.11   0.010910   2.16 178.81 371.59  89778.27
 30.0 10781.0 291.34   0.009869   2.26 192.36 358.15  89948.93
 30.0 10812.0 292.87   0.009498   2.62 241.03 352.56  89799.73
 30.0 10843.0 295.29   0.009907   2.72 258.24 364.26  89776.26
 30.0 10873.0 298.28   0.010967   2.96 300.41 376.71  89598.88
 30.0 10904.0 298.21   0.012324   2.53 248.10 392.58  89546.50
 30.0 10934.0 296.44   0.012990   2.24 241.18 392.13  89564.66
 31.0 10965.0 294.40   0.015046   1.83 263.57 384.85  89579.84
 31.0 10996.0 293.39   0.015250   1.66 251.46 378.80  89644.66
 31.0 11024.0 292.63   0.013020   1.83 237.28 371.19  89707.63
 31.0 11055.0 292.59   0.012706   2.16 235.92 370.74  89748.42
 31.0 11085.0 291.20   0.011076   2.27 215.88 360.42  89876.66
 31.0 11116.0 290.73   0.010356   2.28 204.17 353.78  89908.33
 31.0 11146.0 291.37   0.009312   2.29 203.44 353.79  89989.86
 31.0 11177.0 293.57   0.008245   2.60 256.27 343.44  89879.80
 31.0 11208.0 295.70   0.010531   2.67 245.24 371.79  89649.97
 31.0 11238.0 296.57   0.012106   2.75 279.73 381.65  89705.20
 31.0 11269.0 295.88   0.013463   2.32 232.05 392.34  89614.54
 31.0 11299.0 296.18   0.013332   2.22 248.44 387.86  89497.11
 32.0 11330.0 295.51   0.014077   1.88 211.88 393.59  89575.77
 32.0 11361.0 295.40   0.014086   1.99 232.15 389.36  89528.13
 32.0 11389.0 294.32   0.013584   1.96 222.05 386.42  89631.04
 32.0 11420.0 293.85   0.012241   2.28 225.31 376.36  89748.06
 32.0 11450.0 293.14   0.011304   2.21 195.91 372.79  89738.51
 32.0 11481.0 291.15   0.009821   2.24 181.58 357.52  89869.80
 32.0 11511.0 292.49   0.008832   2.43 195.06 356.02  89815.20
 32.0 11542.0 294.63   0.008588   2.61 256.86 345.68  89691.73
 32.0 11573.0 296.50   0.009478   2.84 274.27 356.55  89704.33
 32.0 11603.0 299.49   0.010998   3.10 300.25 383.77  89474.25
 32.0 11634.0 299.00   0.012134   2.79 264.46 396.59  89460.84
 32.0 11664.0 297.56   0.012060   2.35 225.10 390.93  89470.10
 33.0 11695.0 296.14   0.013958   2.03 239.66 389.29  89497.06
 33.0 11726.0 293.97   0.015326   1.60 247.43 384.60  89507.73
 33.0 11754.0 293.66   0.012573   1.92 242.97 369.53  89657.54
 33.0 11785.0 293.18   0.011433   2.06 221.28 371.39  89746.83
 33.0 11815.0 292.46   0.009952   2.23 200.67 365.51  89833.34
 33.0 11846.0 291.51   0.009732   2.23 175.48 360.19  89882.27
 33.0 11876.0 290.63   0.008219   2.34 192.78 343.82  89981.18
 33.0 11907.0 294.42   0.009310   2.72 246.90 354.39  89730.21
 33.0 11938.0 295.80   0.010440   2.72 247.00 371.07  89719.76
 33.0 11968.0 298.26   0.010347   3.05 276.59 378.01  89493.70
 33.0 11999.0 297.93   0.010749   2.83 257.88 380.84  89458.09
 33.0 12029.0 296.48   0.012510   2.33 252.06 383.52  89455.93
 34.0 12060.0 294.47   0.013878   1.97 231.21 388.26  89452.55
 34.0 12091.0 294.69   0.013664   1.99 227.01 388.72  89511.61
 34.0 12119.0 293.50   0.014663   1.66 236.84 380.83  89513.21
 34.0 12150.0 292.81   0.012555   2.16 246.77 370.19  89673.06
 34.0 12180.0 291.45   0.011383   2.26 210.33 362.93  89793.68
 34.0 12211.0 290.90   0.010169   2.31 186.89 358.41  89890.88
 34.0 12241.0 290.69   0.009404   2.36 185.07 351.54  89956.71
 34.0 12272.0 292.31   0.009197   2.35 210.53 352.46  89777.11
 34.0 12303.0 295.39   0.008446   2.82 284.82 348.46  89779.42
 34.0 12333.0 298.05   0.010220   2.89 296.44 366.49  89551.23
 34.0 12364.0 298.28   0.010738   2.87 262.36 384.69  89463.95
 34.0 12394.0 297.66   0.012302   2.55 246.65 393.63  89452.82
 35.0 12425.0 295.25   0.014602   1.90 244.97 385.64  89479.56
 35.0 12456.0 294.75   0.014729   1.84 252.92 384.64  89479.05
 35.0 12484.0 294.89   0.012230   1.96 237.16 375.88  89548.68
 35.0 12515.0 294.34   0.012136   2.56 257.05 374.49  89720.63
 35.0 12545.0 292.81   0.010637   2.38 195.35 366.20  89816.05
 35.0 12576.0 292.41   0.010085   2.48 185.13 360.46  89825.41
 35.0 12606.0 292.41   0.008222   2.50 208.25 346.01  89907.33
 35.0 12637.0 293.23   0.007849   2.60 236.61 341.85  89905.40
 35.0 12668.0 296.16   0.008307   2.83 283.80 348.51  89671.79
 35.0 12698.0 297.44   0.011579   2.86 244.36 388.59  89612.98
 35.0 12729.0 297.85   0.011621   2.78 256.15 388.88  89542.06
 35.0 12759.0 298.81   0.010998   2.95 272.41 389.22  89494.73
 36.0 12790.0 295.54   0.013384   2.24 251.38 385.09  89513.66
 36.0 12821.0 294.64   0.013839   1.92 239.82 383.05  89556.77
 36.0 12849.0 294.99   0.012525   2.15 233.75 382.09  89638.64
 36.0 12880.0 293.67   0.012556   2.20 237.35 374.81  89651.57
 36.0 12910.0 292.40   0.010420   2.32 206.77 364.48  89735.53
 36.0 12941.0 290.87   0.009465   2.32 191.05 352.65  89817.64
 36.0 12971.0 292.32   0.008494   2.39 209.91 344.09  89818.30
 36.0 13002.0 293.77   0.008759   2.61 239.94 346.03  89768.95
 36.0 13033.0 295.99   0.010690   2.83 246.17 374.50  89651.57
 36.0 13063.0 297.01   0.012176   2.75 275.02 383.35  89623.88
 36.0 13094.0 298.42   0.011592   2.72 270.53 390.43  89506.73
 36.0 13124.0 297.61   0.012511   2.43 253.01 391.56  89463.75
 37.0 13155.0 295.35   0.014593   1.84 233.29 392.64  89453.28
 37.0 13186.0 294.93   0.013301   1.99 262.34 380.24  89552.34
 37.0 13214.0 295.75   0.012098   2.23 257.71 378.94  89638.01
 37.0 13245.0 294.34   0.012205   2.23 238.85 374.59  89619.27
 37.0 13275.0 292.99   0.010736   2.40 207.61 368.96  89762.41
 37.0 13306.0 291.44   0.010214   2.30 193.80 360.12  89813.19
 37.0 13336.0 292.38   0.008788   2.44 216.72 345.38  89852.37
 37.0 13367.0 294.30   0.010124   2.54 208.98 368.87  89713.26
 37.0 13398.0 296.42   0.010892   2.76 250.98 376.39  89642.37
 37.0 13428.0 296.74   0.011232   2.81 260.60 380.01  89660.87
 37.0 13459.0 298.95   0.011181   2.74 279.89 386.35  89462.15
 37.0 13489.0 296.13   0.012733   2.40 257.29 388.81  89571.64
 38.0 13520.0 294.07   0.014837   1.77 247.36 381.22  89549.50
 38.0 13551.0 294.47   0.014678   1.80 264.56 385.05  89492.18
 38.0 13579.0 294.27   0.013413   2.22 271.47 377.55  89630.43
 38.0 13610.0 292.67   0.012632   2.20 224.07 371.88  89709.16
 38.0 13640.0 292.51   0.010931   2.12 197.01 370.19  89706.66
 38.0 13671.0 291.83   0.010287   2.19 182.99 359.88  89825.97
 38.0 13701.0 292.11   0.008984   2.26 190.45 356.21  89883.18
 38.0 13732.0 294.23   0.009971   2.46 230.43 365.75  89665.41
 38.0 13763.0 296.16   0.009769   2.69 259.08 366.92  89746.27
 38.0 13793.0 298.61   0.011969   2.87 267.55 388.67  89543.08
 38.0 13824.0 297.74   0.011609   2.61 257.71 385.52  89577.60
 38.0 13854.0 298.19   0.011811   2.43 220.27 395.38  89468.89
 39.0 13885.0 297.28   0.012471   2.27 250.21 390.87  89467.65
 39.0 13916.0 297.10   0.012225   2.39 221.99 391.42  89522.42
 39.0 13944.0 295.87   0.012594   2.17 210.26 392.43  89553.36
 39.0 13975.0 294.98   0.011849   2.42 238.93 378.51  89707.55
 39.0 14005.0 294.20   0.010940   2.28 196.82 372.96  89655.93
 39.0 14036.0 292.76   0.009538   2.31 185.94 358.76  89853.35
 39.0 14066.0 292.16   0.008415   2.43 197.48 352.03  89931.12
 39.0 14097.0 294.29   0.008841   2.64 238.15 353.16  89779.76
 39.0 14128.0 296.24   0.009376   2.77 255.97 361.40  89661.45
 39.0 14158.0 298.62   0.010357   3.00 286.62 377.51  89509.93
 39.0 14189.0 298.60   0.011116   2.85 263.10 385.69  89469.99
 39.0 14219.0 297.39   0.011245   2.63 226.47 390.16  89528.49
 40.0 14250.0 296.00   0.012665   2.30 236.25 385.71  89571.23
 40.0 14281.0 294.34   0.014053   1.90 231.84 388.03  89512.58
 40.0 14309.0 295.16   0.012470   1.92 218.50 381.80  89496.48
 40.0 14340.0 294.29   0.010758   2.18 202.14 374.97  89636.17
 40.0 14370.0 292.87   0.010079   2.31 178.00 366.46  89800.39
 40.0 14401.0 292.06   0.008909   2.43 178.98 359.58  89893.84
 40.0 14431.0 292.20   0.008117   2.36 189.53 349.17  89860.55
 40.0 14462.0 296.40   0.009492   2.61 235.88 369.59  89564.31
 40.0 14493.0 296.83   0.009362   2.87 276.45 360.05  89620.91
 40.0 14523.0 298.34   0.010800   2.90 255.75 386.62  89632.45
 40.0 14554.0 298.28   0.011496   2.62 247.00 391.97  89497.38
 40.0 14584.0 296.24   0.013558   2.19 243.29 390.78  89484.08
 41.0 14615.0 294.40   0.013699   2.03 257.45 381.04  89583.66
 41.0 14646.0 293.96   0.014480   1.69 245.96 380.75  89456.73
 41.0 14674.0 293.80   0.013619   2.02 252.39 378.07  89590.84
 41.0 14705.0 293.75   0.011807   2.19 213.68 380.65  89700.52
 41.0 14735.0 292.64   0.010919   2.24 201.08 367.53  89832.73
 41.0 14766.0 292.51   0.010016   2.27 184.64 363.30  89826.49
 41.0 14796.0 291.49   0.008467   2.31 178.76 352.45  89919.66
 41.0 14827.0 293.67   0.008638   2.56 234.66 346.41  89799.31
 41.0 14858.0 295.71   0.010524   2.62 239.59 373.84  89691.12
 41.0 14888.0 298.16   0.010411   2.77 262.06 381.98  89580.74
 41.0 14919.0 298.96   0.011109   2.55 227.45 392.65  89394.71
 41.0 14949.0 296.22   0.013280   2.26 251.42 389.87  89483.78
 42.0 14980.0 295.03   0.014196   1.79 221.83 388.22  89492.09
 42.0 15011.0 293.28   0.015005   1.59 252.02 379.84  89586.11
 42.0 15039.0 295.59   0.012356   1.96 253.38 379.80  89548.12
 42.0 15070.0 293.63   0.011929   2.14 228.73 373.08  89650.11
 42.0 15100.0 292.07   0.010697   2.18 186.41 366.00  89734.70
 42.0 15131.0 291.28   0.008862   2.16 178.22 354.54  89882.80
 42.0 15161.0 293.32   0.008613   2.47 226.45 344.11  89664.16
 42.0 15192.0 293.15   0.009064   2.61 234.59 353.22  89804.28
 42.0 15223.0 298.80   0.009740   2.98 306.42 359.00  89364.63
 42.0 15253.0 298.43   0.010481   3.04 286.45 375.35  89522.44
 42.0 15284.0 298.94   0.010663   2.99 285.65 382.04  89529.02
 42.0 15314.0 297.93   0.011510   2.63 250.72 388.65  89564.83
 43.0 15345.0 295.27   0.014405   2.00 242.51 389.05  89510.54
 43.0 15376.0 295.53   0.012323   2.07 225.01 385.54  89547.93
 43.0 15404.0 294.75   0.013597   2.15 256.79 382.00  89619.21
 43.0 15435.0 294.78   0.012277   2.37 237.03 380.89  89599.54
 43.0 15465.0 292.90   0.011004   2.32 190.90 372.05  89821.24
 43.0 15496.0 292.25   0.009429   2.26 194.85 351.09  89760.27
 43.0 15526.0 292.40   0.009412   2.40 191.62 354.17  89871.27
 43.0 15557.0 294.98   0.008805   2.57 243.83 353.46  89690.34
 43.0 15588.0 296.70   0.009885   2.87 262.60 368.71  89706.80
 43.0 15618.0 298.72   0.009951   3.07 308.15 369.85  89599.94
 43.0 15649.0 299.23   0.010739   2.97 280.48 385.41  89565.91
 43.0 15679.0 298.75   0.011939   2.62 240.85 395.91  89522.27
 44.0 15710.0 296.02   0.013909   2.11 249.86 391.92  89566.53
 44.0 15741.0 294.99   0.014025   1.96 238.25 387.46  89529.59
 44.0 15769.0 293.12   0.014710   1.71 225.92 379.89  89572.56
 44.0 15800.0 292.68   0.012907   2.17 240.19 370.62  89727.52
 44.0 15830.0 291.98   0.011219   2.22 203.48 367.87  89820.84
 44.0 15861.0 290.57   0.009484   2.14 179.01 355.84  89899.66
 44.0 15891.0 291.98   0.009591   2.39 206.52 356.49  89841.74
 44.0 15922.0 293.69   0.009432   2.54 248.98 350.14  89736.07
 44.0 15953.0 295.22   0.010437   2.58 236.75 372.51  89700.42
 44.0 15983.0 297.84   0.010791   2.97 292.30 376.17  89638.63
 44.0 16014.0 298.99   0.011279   2.94 279.33 391.18  89541.05
 44.0 16044.0 298.07   0.012082   2.50 255.35 391.09  89502.30
 45.0 16075.0 295.33   0.013785   2.15 249.11 385.91  89525.23
 45.0 16106.0 295.66   0.012612   2.10 233.11 390.07  89551.06
 45.0 16134.0 295.29   0.012433   2.09 206.28 384.35  89591.81
 45.0 16165.0 295.19   0.011276   2.29 221.36 377.01  89530.48
 45.0 16195.0 293.48   0.009665   2.49 207.97 363.82  89748.17
 45.0 16226.0 291.01   0.008495   2.30 174.20 351.23  89919.65
 45.0 16256.0 292.04   0.008501   2.43 208.44 338.72  89787.93
 45.0 16287.0 293.60   0.008962   2.45 198.98 360.43  89615.03
 45.0 16318.0 297.51   0.009931   2.82 268.11 371.27  89592.67
 45.0 16348.0 297.43   0.009606   2.92 286.48 364.26  89624.94
 45.0 16379.0 299.08   0.010942   2.80 272.54 384.36  89377.57
 45.0 16409.0 295.96   0.013457   2.12 249.85 386.63  89459.77
 46.0 16440.0 296.77   0.012610   1.99 220.03 392.12  89459.96
 46.0 16471.0 292.88   0.014888   1.65 234.33 378.74  89546.12
 46.0 16499.0 293.80   0.013464   1.86 226.12 381.24  89592.65
 46.0 16530.0 292.95   0.012733   2.03 223.36 373.27  89621.77
 46.0 16560.0 292.35   0.011328   2.27 208.72 369.14  89731.70
 46.0 16591.0 291.18   0.009911   2.29 186.99 354.97  89853.45
 46.0 16621.0 291.59   0.009303   2.39 192.80 352.64  89922.27
 46.0 16652.0 293.38   0.009042   2.57 215.49 359.58  89850.85
 46.0 16683.0 295.80   0.010760   2.66 260.42 372.97  89718.00
 46.0 16713.0 297.31   0.010532   2.92 289.43 375.49  89643.52
 46.0 16744.0 298.64   0.011727   2.86 254.76 394.61  89572.84
 46.0 16774.0 297.71   0.012767   2.34 240.97 394.58  89394.07
 47.0 16805.0 296.77   0.013687   2.03 234.58 393.43  89379.67
 47.0 16836.0 295.52   0.013442   2.12 243.29 388.25  89571.04
 47.0 16864.0 295.14   0.013250   2.26 251.87 385.62  89570.52
 47.0 16895.0 294.25   0.012849   2.26 235.63 379.72  89626.99
 47.0 16925.0 293.31   0.010536   2.34 204.35 367.89  89776.38
 47.0 16956.0 292.23   0.010436   2.40 189.70 363.18  89909.53
 47.0 16986.0 291.95   0.009361   2.35 185.89 359.92  89892.48
 47.0 17017.0 293.96   0.008929   2.67 248.54 352.17  89766.50
 47.0 17048.0 295.79   0.009064   2.86 279.19 356.41  89646.37
 47.0 17078.0 297.67   0.010290   3.00 288.76 372.78  89522.65
 47.0 17109.0 297.22   0.011642   2.63 278.27 383.93  89508.83
 47.0 17139.0 296.96   0.012925   2.20 247.02 391.36  89388.41
 48.0 17170.0 294.40   0.013409   1.96 236.53 384.32  89547.08
 48.0 17201.0 293.65   0.014368   1.80 245.81 381.11  89505.11
 48.0 17229.0 293.71   0.012694   1.75 228.21 376.64  89477.77
 48.0 17260.0 292.39   0.013143   2.06 236.02 371.82  89672.25
 48.0 17290.0 290.82   0.010089   2.28 201.38 357.56  89905.56
 48.0 17321.0 290.68   0.009314   2.23 193.48 348.25  89852.77
 48.0 17351.0 291.77   0.009780   2.40 190.25 360.56  89869.17
 48.0 17382.0 295.86   0.009621   2.66 259.14 355.95  89498.08
 48.0 17413.0 295.16   0.010176   2.69 265.63 362.80  89804.74
 48.0 17443.0 297.47   0.010674   2.88 302.68 365.99  89597.45
 48.0 17474.0 298.43   0.011591   2.70 230.51 395.45  89474.10
 48.0 17504.0 297.13   0.012221   2.44 244.17 390.55  89516.41
 49.0 17535.0 298.84   0.011590   2.46 237.38 395.81  89375.15
 49.0 17566.0 296.93   0.012607   2.08 219.14 394.09  89440.88
 49.0 17594.0 295.19   0.013140   2.24 246.52 384.43  89602.24
 49.0 17625.0 294.98   0.010980   2.36 224.48 374.94  89691.95
 49.0 17655.0 292.38   0.009703   2.37 169.18 367.87  89899.15
 49.0 17686.0 292.74   0.009681   2.42 168.74 368.44  89888.63
 49.0 17716.0 292.98   0.008651   2.43 200.95 347.79  89771.90
 49.0 17747.0 295.83   0.009309   2.65 235.05 361.27  89542.41
 49.0 17778.0 297.22   0.010308   2.90 263.63 374.79  89561.70
 49.0 17808.0 298.65   0.011207   3.02 298.51 380.89  89598.92
 49.0 17839.0 299.06   0.010948   2.91 261.46 388.67  89435.33
 49.0 17869.0 297.78   0.012784   2.31 240.62 393.79  89333.41
 50.0 17900.0 294.72   0.014301   1.81 226.64 385.45  89507.30
 50.0 17931.0 294.04   0.013902   2.01 267.19 380.40  89682.48
 50.0 17959.0 294.89   0.011385   2.25 252.23 373.75  89616.09
 50.0 17990.0 293.25   0.012536   2.10 212.26 374.90  89670.17
 50.0 18020.0 292.36   0.010235   2.24 189.51 363.34  89817.04
 50.0 18051.0 292.04   0.008909   2.34 190.38 352.60  89921.76
 50.0 18081.0 291.57   0.008347   2.51 218.16 340.21  89912.98
 50.0 18112.0 294.33   0.008758   2.63 247.68 349.60  89714.62
 50.0 18143.0 295.38   0.009983   2.75 271.07 362.32  89858.42
 50.0 18173.0 297.45   0.012116   2.81 264.36 386.74  89585.51
 50.0 18204.0 298.60   0.011184   2.83 270.01 388.18  89497.73
 50.0 18234.0 298.39   0.011367   2.65 245.90 389.14  89518.02
 51.0 18265.0 297.68   0.012661   2.25 241.91 392.98  89361.35
 51.0 18296.0 297.63   0.011895   2.26 204.71 393.82  89461.87
 51.0 18324.0 295.42   0.013099   2.28 247.79 383.37  89585.67
 51.0 18355.0 294.78   0.011859   2.46 236.92 379.28  89661.17
 51.0 18385.0 294.08   0.010888   2.44 205.14 369.96  89712.15
 51.0 18416.0 292.13   0.009622   2.38 162.08 363.29  89847.10
 51.0 18446.0 293.09   0.009201   2.47 205.23 354.51  89807.95
 51.0 18477.0 293.70   0.008430   2.52 233.57 348.16  89795.93
 51.0 18508.0 296.39   0.009487   2.84 261.08 364.30  89760.00
 51.0 18538.0 297.75   0.010445   2.93 271.75 378.92  89598.92
 51.0 18569.0 298.03   0.011777   2.73 264.22 388.18  89465.66
 51.0 18599.0 296.87   0.012686   2.29 254.95 390.60  89493.84
 52.0 18630.0 294.54   0.014294   1.78 236.33 385.16  89529.66
 52.0 18661.0 294.85   0.014310   1.54 210.67 388.68  89383.38
 52.0 18689.0 293.28   0.014288   1.86 242.65 379.16  89571.10
 52.0 18720.0 293.45   0.012462   2.23 240.91 374.53  89721.44
 52.0 18750.0 291.21   0.010162   2.06 177.63 359.06  89740.87
 52.0 18781.0 290.79   0.009533   2.18 187.24 354.55  89852.73
 52.0 18811.0 291.34   0.008507   2.40 192.86 342.27  89885.55
 52.0 18842.0 294.08   0.009176   2.63 242.98 355.59  89729.28
 52.0 18873.0 296.63   0.008941   2.92 285.01 356.67  89706.07
 52.0 18903.0 298.38   0.011104   3.02 289.02 378.94  89507.74
 52.0 18934.0 297.29   0.011507   2.72 253.15 386.80  89579.80
 52.0 18964.0 296.91   0.012601   2.41 237.40 391.50  89445.30
 53.0 18995.0 294.52   0.014464   1.68 213.08 388.41  89447.62
 53.0 19026.0 293.87   0.014958   1.75 270.94 380.98  89496.03
 53.0 19054.0 293.64   0.014761   1.76 256.53 380.05  89532.72
 53.0 19085.0 292.66   0.012784   2.11 241.63 368.97  89659.30
 53.0 19115.0 291.84   0.012258   2.12 209.39 370.81  89708.16
 53.0 19146.0 291.12   0.010314   2.23 186.04 364.94  89904.76
 53.0 19176.0 291.59   0.009776   2.18 176.92 363.76  89893.84
 53.0 19207.0 293.03   0.009279   2.49 240.49 353.19  89797.13
 53.0 19238.0 295.01   0.010323   2.63 259.22 362.38  89754.29
 53.0 19268.0 296.47   0.011595   2.71 240.09 383.35  89617.29
 53.0 19299.0 297.49   0.012505   2.50 252.08 393.90  89482.60
 53.0 19329.0 296.52   0.013917   2.06 249.03 393.95  89461.64
 54.0 19360.0 296.36   0.012734   1.90 231.42 389.97  89387.93
 54.0 19391.0 294.24   0.014757   1.83 250.45 383.31  89503.39
 54.0 19419.0 294.11   0.013793   2.14 266.40 378.77  89659.23
 54.0 19450.0 293.64   0.011237   2.19 226.94 368.65  89748.20
 54.0 19480.0 292.76   0.010571   2.25 202.96 363.75  89744.74
 54.0 19511.0 292.10   0.009342   2.23 185.02 354.19  89814.13
 54.0 19541.0 291.46   0.008541   2.37 194.75 350.09  89976.82
 54.0 19572.0 295.12   0.008694   2.62 252.00 349.84  89702.97
 54.0 19603.0 297.36   0.010654   2.79 278.48 375.12  89527.93
 54.0 19633.0 297.63   0.011776   2.79 280.76 386.11  89548.18
 54.0 19664.0 297.99   0.011147   2.85 283.82 378.85  89512.57
 54.0 19694.0 297.45   0.012163   2.46 247.38 393.55  89533.86
 55.0 19725.0 295.94   0.013291   1.94 237.10 390.60  89457.64
 55.0 19756.0 294.24   0.014416   1.91 256.30 383.79  89559.98
 55.0 19784.0 294.40   0.012689   2.13 231.12 379.38  89592.00
 55.0 19815.0 294.49   0.012308   2.22 214.82 382.66  89631.02
 55.0 19845.0 293.83   0.011150   2.31 195.36 375.66  89701.47
 55.0 19876.0 292.64   0.010114   2.33 193.62 364.57  89817.64
 55.0 19906.0 292.73   0.008904   2.36 205.56 349.37  89774.81
 55.0 19937.0 295.26   0.008229   2.79 266.95 347.35  89615.52
 55.0 19968.0 298.50   0.008744   2.93 305.82 355.06  89472.41
 55.0 19998.0 299.11   0.011318   2.85 254.78 391.60  89509.13
 55.0 20029.0 297.71   0.012768   2.55 262.21 390.84  89593.28
 55.0 20059.0 298.71   0.012543   2.42 234.93 397.14  89449.83
 56.0 20090.0 294.88   0.015487   1.76 237.24 389.32  89385.45
 56.0 20121.0 295.03   0.013998   1.76 209.61 390.78  89523.94
 56.0 20149.0 294.26   0.013470   1.95 234.99 381.62  89633.15
 56.0 20180.0 293.36   0.011022   2.10 198.39 371.05  89694.59
 56.0 20210.0 292.34   0.009783   2.32 212.11 355.94  89851.47
 56.0 20241.0 292.15   0.009902   2.31 191.45 360.30  89839.38
 56.0 20271.0 290.80   0.007900   2.46 187.69 348.93  89998.20
 56.0 20302.0 293.14   0.008312   2.49 228.87 347.45  89827.59
 56.0 20333.0 296.11   0.009686   2.84 278.60 362.31  89698.78
 56.0 20363.0 297.54   0.011098   2.70 255.93 385.68  89454.95
 56.0 20394.0 298.59   0.010630   2.98 280.85 381.41  89452.11
 56.0 20424.0 297.81   0.011357   2.45 230.25 393.33  89379.44
 57.0 20455.0 295.22   0.013401   1.90 235.90 387.20  89395.07
 57.0 20486.0 294.10   0.013313   1.89 232.21 379.45  89409.20
 57.0 20514.0 294.42   0.012700   2.09 233.45 379.06  89540.75
 57.0 20545.0 293.24   0.011074   2.21 201.88 371.98  89599.49
 57.0 20575.0 292.32   0.009961   2.39 213.23 357.03  89775.77
 57.0 20606.0 290.30   0.008126   2.34 179.47 345.63  89936.29
 57.0 20636.0 292.41   0.007914   2.44 221.12 340.11  89759.55
 57.0 20667.0 294.26   0.008448   2.73 259.44 342.55  89649.59
 57.0 20698.0 296.69   0.009181   2.95 295.27 354.73  89556.91
 57.0 20728.0 298.92   0.009692   3.14 311.20 368.56  89551.83
 57.0 20759.0 298.39   0.010229   2.94 278.50 380.11  89545.40
 57.0 20789.0 298.02   0.011171   2.59 240.16 389.44  89508.95
 58.0 20820.0 296.20   0.013340   2.01 228.65 391.83  89469.33
 58.0 20851.0 293.54   0.014375   1.77 237.88 380.18  89511.41
 58.0 20879.0 295.03   0.013052   2.28 258.72 382.48  89661.46
 58.0 20910.0 294.95   0.012188   2.28 230.39 380.80  89651.88
 58.0 20940.0 293.31   0.011385   2.26 196.10 373.58  89735.79
 58.0 20971.0 291.18   0.009257   2.39 192.64 353.55  89909.70
 58.0 21001.0 290.93   0.008800   2.40 173.77 355.86  90000.12
 58.0 21032.0 295.15   0.008014   2.70 264.98 342.54  89727.73
 58.0 21063.0 297.30   0.010035   2.89 292.10 365.98  89596.58
 58.0 21093.0 297.58   0.012188   2.70 259.04 386.01  89568.45
 58.0 21124.0 299.08   0.011333   2.78 265.65 387.61  89556.78
 58.0 21154.0 296.48   0.012560   2.35 262.17 386.60  89573.41
 59.0 21185.0 296.22   0.013188   2.05 222.33 393.37  89512.34
 59.0 21216.0 295.61   0.013647   2.05 261.42 387.37  89580.05
 59.0 21244.0 295.32   0.013353   2.08 232.83 388.07  89582.41
 59.0 21275.0 294.36   0.012054   2.19 223.36 377.02  89612.52
 59.0 21305.0 292.39   0.009568   2.31 190.76 361.81  89892.19
 59.0 21336.0 293.94   0.010155   2.27 195.84 365.11  89656.69
 59.0 21366.0 291.52   0.007832   2.42 208.60 336.86  89915.35
 59.0 21397.0 293.41   0.009212   2.51 217.60 356.17  89802.66
 59.0 21428.0 296.22   0.009929   2.88 271.26 366.40  89690.35
 59.0 21458.0 298.32   0.010493   2.99 274.53 378.59  89532.27
 59.0 21489.0 296.91   0.012393   2.55 271.35 385.50  89594.60
 59.0 21519.0 295.70   0.013614   1.98 239.77 388.35  89479.20
 60.0 21550.0 295.30   0.014111   1.74 234.98 390.28  89433.03
 60.0 21581.0 296.19   0.012831   1.94 227.56 391.38  89385.28
 60.0 21609.0 294.98   0.011907   1.96 227.32 375.72  89519.29
 60.0 21640.0 294.43   0.012160   2.29 241.23 375.87  89625.02
 60.0 21670.0 292.77   0.010724   2.32 184.87 368.71  89765.56
 60.0 21701.0 291.44   0.009224   2.27 164.70 358.44  89887.48
 60.0 21731.0 291.15   0.008418   2.34 178.56 350.85  89954.87
 60.0 21762.0 295.15   0.009499   2.62 231.55 363.76  89647.53
 60.0 21793.0 296.40   0.009668   2.81 264.97 368.19  89743.88
 60.0 21823.0 298.47   0.010747   3.09 300.18 377.98  89605.73
 60.0 21854.0 298.08   0.011110   2.82 260.00 386.75  89592.76
 60.0 21884.0 296.59   0.012906   2.27 223.00 390.92  89534.66
 61.0 21915.0 294.08   0.014741   1.75 239.45 384.73  89544.91
 61.0 21946.0 294.07   0.013441   1.86 245.66 378.21  89553.89
 61.0 21974.0 294.08   0.013501   1.84 225.81 381.78  89607.43
 61.0 22005.0 293.42   0.012260   2.17 225.98 374.08  89699.20
 61.0 22035.0 292.40   0.011576   2.21 213.55 368.73  89784.18
 61.0 22066.0 290.41   0.008491   2.24 184.37 346.08  89968.29
 61.0 22096.0 292.05   0.009403   2.40 198.78 358.07  89973.36
 61.0 22127.0 294.16   0.009372   2.52 220.14 357.07  89671.95
 61.0 22158.0 295.98   0.009266   2.79 266.79 361.84  89736.12
 61.0 22188.0 298.20   0.009653   3.03 300.11 366.14  89599.86
 61.0 22219.0 298.68   0.011412   2.87 278.95 386.54  89487.10
 61.0 22249.0 296.27   0.013442   2.19 264.26 387.35  89522.09
 62.0 22280.0 294.30   0.014509   1.90 257.64 384.80  89500.44
 62.0 22311.0 294.37   0.014483   1.83 252.07 384.05  89490.62
 62.0 22339.0 294.57   0.013082   1.92 248.26 377.19  89579.03
 62.0 22370.0 293.40   0.011953   2.13 218.05 373.07  89660.42
 62.0 22400.0 292.29   0.009556   2.22 197.86 358.12  89775.43
 62.0 22431.0 292.07   0.008864   2.28 191.55 348.89  89780.07
 62.0 22461.0 292.73   0.008319   2.46 208.13 342.31  89764.75
 62.0 22492.0 293.86   0.008464   2.52 242.37 345.48  89795.00
 62.0 22523.0 296.54   0.010345   2.80 249.49 376.74  89719.26
 62.0 22553.0 297.46   0.011103   2.85 271.18 383.30  89580.45
 62.0 22584.0 298.29   0.010846   2.78 243.89 389.05  89519.07
 62.0 22614.0 297.22   0.012284   2.37 237.55 390.20  89462.51
 63.0 22645.0 293.40   0.015007   1.65 245.52 380.17  89541.59
 63.0 22676.0 293.70   0.013699   1.82 240.57 378.25  89563.39
 63.0 22704.0 294.86   0.011375   1.99 222.46 379.56  89606.09
 63.0 22735.0 293.34   0.010988   2.11 212.12 369.95  89721.45
 63.0 22765.0 292.88   0.010019   2.40 198.64 365.29  89894.73
 63.0 22796.0 292.28   0.009747   2.41 188.46 361.43  89921.08
 63.0 22826.0 291.37   0.008608   2.44 199.65 346.71  89965.38
 63.0 22857.0 293.79   0.008740   2.71 242.01 349.07  89809.70
 63.0 22888.0 296.78   0.009071   2.96 293.44 351.19  89590.19
 63.0 22918.0 297.46   0.010989   2.90 264.99 384.68  89657.30
 63.0 22949.0 299.04   0.011434   2.88 265.84 396.15  89535.06
 63.0 22979.0 296.47   0.013045   2.26 245.58 389.66  89519.68
 64.0 23010.0 296.02   0.012870   2.15 227.76 390.69  89504.63
 64.0 23041.0 295.46   0.013492   2.02 238.57 388.63  89383.66
 64.0 23069.0 295.88   0.012908   2.29 250.76 386.89  89463.35
 64.0 23100.0 294.30   0.011700   2.29 221.01 375.98  89679.14
 64.0 23130.0 292.72   0.010612   2.33 200.19 366.17  89783.41
 64.0 23161.0 291.93   0.009440   2.31 185.85 358.12  89855.79
 64.0 23191.0 292.95   0.009064   2.40 193.93 359.48  89869.24
 64.0 23222.0 295.38   0.009266   2.68 262.08 353.00  89661.43
 64.0 23253.0 296.12   0.009519   2.91 273.28 360.22  89823.76
 64.0 23283.0 299.09   0.010025   3.05 296.92 374.88  89531.86
 64.0 23314.0 299.10   0.011628   2.72 248.66 396.28  89406.62
 64.0 23344.0 296.79   0.012578   2.41 239.92 388.47  89448.95
 65.0 23375.0 296.11   0.013977   1.93 228.27 394.48  89374.26
 65.0 23406.0 294.24   0.014720   1.74 233.55 386.59  89567.20
 65.0 23434.0 295.12   0.012768   1.87 206.29 385.40  89552.52
 65.0 23465.0 294.24   0.011435   2.14 212.63 377.41  89594.77
 65.0 23495.0 292.92   0.010875   2.08 190.63 368.25  89703.31
 65.0 23526.0 292.12   0.009418   2.46 189.25 360.08  89926.25
 65.0 23556.0 292.23   0.008901   2.42 198.99 356.43  89905.89
 65.0 23587.0 293.98   0.008720   2.60 232.98 349.02  89706.60
 65.0 23618.0 296.20   0.008938   2.92 282.00 353.36  89638.16
 65.0 23648.0 298.28   0.009971   2.96 279.86 376.58  89554.30
 65.0 23679.0 300.53   0.010508   3.04 300.11 386.35  89351.29
 65.0 23709.0 295.84   0.014272   1.94 250.64 388.92  89462.07
 66.0 23740.0 293.89   0.014090   1.78 250.98 380.85  89586.18
 66.0 23771.0 294.02   0.014428   1.82 256.61 381.88  89581.80
 66.0 23799.0 293.25   0.012912   2.03 257.76 368.87  89694.35
 66.0 23830.0 291.92   0.012419   1.96 208.59 370.15  89739.37
 66.0 23860.0 292.31   0.011498   2.26 214.56 368.71  89741.09
 66.0 23891.0 290.30   0.008991   2.14 178.42 351.72  89854.07
 66.0 23921.0 292.07   0.008823   2.39 200.18 355.75  89910.45
 66.0 23952.0 293.89   0.008701   2.42 242.94 346.78  89604.53
 66.0 23983.0 295.83   0.011085   2.81 257.09 375.78  89661.82
 66.0 24013.0 297.19   0.011462   2.76 264.27 379.67  89670.61
 66.0 24044.0 297.92   0.011567   2.75 286.31 383.12  89527.48
 66.0 24074.0 296.52   0.014071   2.11 249.19 391.40  89559.32
 67.0 24105.0 295.94   0.013703   2.05 269.54 383.32  89566.95
 67.0 24136.0 295.54   0.014267   1.81 236.47 387.89  89431.56
 67.0 24164.0 293.43   0.014180   1.88 240.08 377.04  89509.30
 67.0 24195.0 292.42   0.013188   1.92 229.77 371.57  89694.06
 67.0 24225.0 292.54   0.011659   2.19 193.11 372.82  89765.70
 67.0 24256.0 290.85   0.010113   2.15 176.26 361.21  89914.51
 67.0 24286.0 290.54   0.008733   2.29 180.48 354.04  89994.18
 67.0 24317.0 292.63   0.008842   2.47 239.91 345.99  89890.95
 67.0 24348.0 296.02   0.009800   2.76 272.94 359.41  89670.96
 67.0 24378.0 297.69   0.009982   2.89 291.64 370.68  89680.20
 67.0 24409.0 298.40   0.010609   2.87 274.85 384.36  89670.68
 67.0 24439.0 298.02   0.011524   2.37 242.34 390.67  89445.33
 68.0 24470.0 295.48   0.014049   2.06 268.82 383.89  89564.17
 68.0 24501.0 296.12   0.012438   2.13 232.20 384.55  89512.09
 68.0 24529.0 296.22   0.011718   2.58 258.66 380.80  89667.23
 68.0 24560.0 295.52   0.011747   2.42 211.26 383.70  89639.41
 68.0 24590.0 293.33   0.010376   2.48 203.61 365.62  89827.52
 68.0 24621.0 291.92   0.008852   2.33 173.92 355.56  89932.55
 68.0 24651.0 292.35   0.008939   2.53 199.78 350.22  89906.16
 68.0 24682.0 294.65   0.009134   2.63 242.84 355.14  89744.79
 68.0 24713.0 296.23   0.010593   2.81 248.93 371.86  89680.10
 68.0 24743.0 298.11   0.010207   3.03 289.37 375.47  89619.32
 68.0 24774.0 297.81   0.011382   2.71 224.40 389.66  89544.58
 68.0 24804.0 297.96   0.011865   2.56 261.80 389.64  89462.03
 69.0 24835.0 295.40   0.013347   2.19 253.16 387.31  89582.91
 69.0 24866.0 296.80   0.012795   2.22 235.19 390.19  89466.09
 69.0 24894.0 295.32   0.013303   2.09 217.73 389.17  89538.07
 69.0 24925.0 294.28   0.012365   2.39 247.94 375.54  89668.59
 69.0 24955.0 293.16   0.010739   2.40 208.98 369.46  89812.34
 69.0 24986.0 291.64   0.009505   2.40 178.06 361.16  89905.20
 69.0 25016.0 291.75   0.008877   2.37 192.96 349.45  89931.49
 69.0 25047.0 293.70   0.008040   2.68 270.06 338.27  89888.97
 69.0 25078.0 296.40   0.010798   2.82 256.48 378.50  89706.86
 69.0 25108.0 298.19   0.011032   3.00 279.20 383.88  89620.47
 69.0 25139.0 298.92   0.010966   3.02 291.06 384.64  89547.02
 69.0 25169.0 297.30   0.012350   2.45 222.24 394.21  89570.10
 70.0 25200.0 297.38   0.012033   2.37 234.43 391.61  89512.48
 70.0 25231.0 294.35   0.014677   1.88 248.57 384.82  89576.69
 70.0 25259.0 295.82   0.012704   2.26 254.78 380.83  89529.43
 70.0 25290.0 294.53   0.012106   2.27 219.92 379.37  89679.05
 70.0 25320.0 293.33   0.009816   2.38 210.31 360.85  89808.34
 70.0 25351.0 292.34   0.008996   2.32 198.49 349.53  89819.77
 70.0 25381.0 292.33   0.008249   2.38 202.70 346.83  89905.80
 70.0 25412.0 294.09   0.008280   2.65 240.25 350.03  89775.51
 70.0 25443.0 296.34   0.010462   2.76 215.63 382.63  89718.03
 70.0 25473.0 298.37   0.009737   3.01 284.99 373.97  89594.80
 70.0 25504.0 298.01   0.011979   2.67 253.66 392.94  89507.00
 70.0 25534.0 298.47   0.012383   2.48 252.22 393.47  89471.97
 71.0 25565.0 296.84   0.012924   2.11 222.01 393.78  89462.34
 71.0 25596.0 295.91   0.013294   2.10 261.03 383.83  89540.98
 71.0 25624.0 294.76   0.012814   2.10 234.39 381.60  89650.85
 71.0 25655.0 294.53   0.011999   2.38 231.74 378.54  89679.84
 71.0 25685.0 292.81   0.011385   2.22 203.12 369.08  89735.52
 71.0 25716.0 292.34   0.010980   2.29 190.06 367.21  89770.76
 71.0 25746.0 291.02   0.008333   2.45 196.35 343.93  89998.48
 71.0 25777.0 294.19   0.008471   2.61 242.87 350.63  89740.30
 71.0 25808.0 296.30   0.010005   2.84 259.84 367.86  89658.89
 71.0 25838.0 297.37   0.011400   2.81 276.81 383.86  89642.03
 71.0 25869.0 297.38   0.012047   2.57 252.67 386.82  89442.30
 71.0 25899.0 296.56   0.012078   2.32 246.26 384.60  89438.77
 72.0 25930.0 296.52   0.013027   2.15 230.82 388.80  89486.20
 72.0 25961.0 295.12   0.013196   2.03 228.91 386.03  89524.40
 72.0 25989.0 293.88   0.013897   1.95 245.29 381.73  89551.05
 72.0 26020.0 294.25   0.012444   2.10 217.19 380.46  89562.41
 72.0 26050.0 292.93   0.010538   2.25 204.91 365.01  89771.85
 72.0 26081.0 291.58   0.009824   2.30 180.09 359.41  89910.72
 72.0 26111.0 292.64   0.009771   2.34 181.24 363.37  89852.29
 72.0 26142.0 296.04   0.009061   2.53 232.63 363.18  89519.17
 72.0 26173.0 296.70   0.009527   2.84 244.37 369.41  89665.52
 72.0 26203.0 297.94   0.010912   2.82 256.84 383.15  89537.82
 72.0 26234.0 299.34   0.011375   2.54 249.06 392.22  89407.96
 72.0 26264.0 297.20   0.012998   2.26 241.29 392.81  89427.93
 73.0 26295.0 295.65   0.014256   1.87 235.95 390.18  89437.80
 73.0 26326.0 295.26   0.013723   1.78 220.58 389.61  89544.54
 73.0 26354.0 292.85   0.014256   1.85 254.29 375.32  89644.41
 73.0 26385.0 293.89   0.012486   2.08 210.58 382.17  89620.83
 73.0 26415.0 291.93   0.011091   2.13 183.98 364.21  89805.56
 73.0 26446.0 291.14   0.009241   2.21 194.66 352.69  89943.04
 73.0 26476.0 292.74   0.008896   2.44 216.89 345.77  89839.95
 73.0 26507.0 293.79   0.009750   2.49 213.29 362.57  89812.30
 73.0 26538.0 295.48   0.010539   2.70 257.48 367.61  89751.83
 73.0 26568.0 298.43   0.011160   2.89 269.35 383.92  89534.02
 73.0 26599.0 297.87   0.011234   2.58 244.62 383.08  89508.43
 73.0 26629.0 298.81   0.010994   2.60 259.40 386.93  89486.81
 74.0 26660.0 295.69   0.014242   1.76 228.19 389.65  89436.45
 74.0 26691.0 293.25   0.014950   1.64 226.87 384.20  89659.27
 74.0 26719.0 294.45   0.012882   1.98 250.72 375.82  89658.63
 74.0 26750.0 293.19   0.012398   2.12 230.43 372.42  89706.19
 74.0 26780.0 292.73   0.011197   2.18 211.81 369.79  89755.04
 74.0 26811.0 291.58   0.010325   2.25 192.65 360.58  89888.13
 74.0 26841.0 292.06   0.009511   2.33 184.95 357.85  89926.58
 74.0 26872.0 295.25   0.009825   2.62 236.56 364.22  89682.61
 74.0 26903.0 296.56   0.010602   2.77 271.53 374.09  89620.02
 74.0 26933.0 297.17   0.011059   2.75 265.23 381.56  89705.90
 74.0 26964.0 298.56   0.011008   2.62 242.12 390.22  89541.80
 74.0 26994.0 297.25   0.013515   2.22 227.28 397.27  89457.91
 75.0 27025.0 294.60   0.015282   1.53 239.08 389.25  89549.11
 75.0 27056.0 293.25   0.015299   1.74 254.03 377.98  89634.70
 75.0 27084.0 293.58   0.014395   1.91 259.44 379.22  89588.41
 75.0 27115.0 293.52   0.013116   2.11 241.01 376.94  89693.80
 75.0 27145.0 292.00   0.011280   2.20 197.34 367.00  89809.99
 75.0 27176.0 290.70   0.009770   2.26 170.97 362.36  90017.38
 75.0 27206.0 291.61   0.009843   2.37 201.88 357.16  89951.51
 75.0 27237.0 294.00   0.009876   2.49 229.85 358.94  89729.48
 75.0 27268.0 296.37   0.009789   2.77 289.27 359.68  89615.09
 75.0 27298.0 297.00   0.011308   2.75 267.22 380.93  89644.99
 75.0 27329.0 297.14   0.012512   2.62 274.14 385.27  89543.39
 75.0 27359.0 295.38   0.013960   2.16 261.69 385.83  89549.96
 76.0 27390.0 294.62   0.014095   1.89 240.80 386.48  89477.09
 76.0 27421.0 293.97   0.014955   1.78 245.36 382.66  89419.02
 76.0 27449.0 293.40   0.014185   1.82 249.67 377.20  89586.80
 76.0 27480.0 292.30   0.012074   2.10 229.96 366.13  89768.74
 76.0 27510.0 291.16   0.010053   2.23 180.33 363.10  89819.12
 76.0 27541.0 290.96   0.009704   2.19 189.71 358.20  89945.08
 76.0 27571.0 292.00   0.008993   2.26 204.12 343.18  89863.66
 76.0 27602.0 293.23   0.008585   2.52 242.12 345.59  89791.92
 76.0 27633.0 294.68   0.011062   2.61 270.93 365.65  89642.95
 76.0 27663.0 296.52   0.010865   2.89 263.69 379.23  89683.29
 76.0 27694.0 297.27   0.011504   2.81 279.00 383.57  89601.06
 76.0 27724.0 295.89   0.013077   2.30 269.39 382.69  89555.98
 77.0 27755.0 294.90   0.014305   1.80 221.31 388.55  89486.03
 77.0 27786.0 295.13   0.014445   1.81 244.70 388.28  89506.43
 77.0 27814.0 293.88   0.013199   2.03 245.36 379.58  89636.69
 77.0 27845.0 293.96   0.012213   2.21 228.00 376.80  89583.12
 77.0 27875.0 293.30   0.011254   2.26 195.65 375.00  89647.36
 77.0 27906.0 291.22   0.009676   2.35 178.23 356.44  89952.62
 77.0 27936.0 291.71   0.008673   2.47 218.95 341.76  89830.95
 77.0 27967.0 294.60   0.009311   2.66 232.20 359.28  89657.77
 77.0 27998.0 295.98   0.011021   2.74 241.51 375.77  89734.89
 77.0 28028.0 298.06   0.011353   2.89 254.17 385.09  89576.02
 77.0 28059.0 298.49   0.011520   2.80 250.04 394.20  89569.18
 77.0 28089.0 295.17   0.014960   1.91 254.64 388.19  89535.01
 78.0 28120.0 295.75   0.015227   1.63 219.07 395.18  89382.80
 78.0 28151.0 293.79   0.014557   1.68 221.79 382.53  89597.83
 78.0 28179.0 295.13   0.012593   2.01 222.50 384.07  89585.34
 78.0 28210.0 293.56   0.011017   2.15 212.44 367.26  89675.93
 78.0 28240.0 293.24   0.010681   2.23 182.73 372.81  89751.30
 78.0 28271.0 292.96   0.010525   2.28 191.14 370.61  89707.66
 78.0 28301.0 293.15   0.009366   2.39 185.76 357.25  89798.83
 78.0 28332.0 295.74   0.011041   2.54 245.39 370.20  89537.80
 78.0 28363.0 297.48   0.009143   2.89 302.35 353.98  89647.06
 78.0 28393.0 298.45   0.011133   3.00 276.88 380.78  89640.90
 78.0 28424.0 298.57   0.011353   2.72 243.06 392.46  89557.40
 78.0 28454.0 295.83   0.014496   1.99 251.96 389.53  89537.97
 79.0 28485.0 294.95   0.014729   1.83 249.52 386.72  89620.30
 79.0 28516.0 294.63   0.014421   1.79 258.05 383.24  89540.25
 79.0 28544.0 293.80   0.013219   2.06 255.36 377.84  89738.30
 79.0 28575.0 293.47   0.012536   2.22 228.16 375.66  89679.31
 79.0 28605.0 292.87   0.010763   2.15 196.47 366.96  89729.88
 79.0 28636.0 291.98   0.010162   2.27 189.99 362.53  89851.88
 79.0 28666.0 292.72   0.009384   2.44 197.76 359.81  89834.27
 79.0 28697.0 294.73   0.009549   2.62 235.77 361.83  89698.69
 79.0 28728.0 295.59   0.009693   2.86 263.98 360.02  89769.15
 79.0 28758.0 297.68   0.011432   2.88 281.63 377.43  89490.95
 79.0 28789.0 299.60   0.010792   2.89 285.12 381.82  89401.44
 79.0 28819.0 297.04   0.012534   2.26 243.15 386.85  89449.91
 80.0 28850.0 293.80   0.014702   1.77 254.05 380.89  89582.59
 80.0 28881.0 294.87   0.013886   1.59 230.43 387.10  89468.71
 80.0 28909.0 292.58   0.013627   1.85 228.91 375.97  89573.86
 80.0 28940.0 293.08   0.012674   1.94 219.43 373.22  89612.72
 80.0 28970.0 292.40   0.009961   2.27 233.27 351.51  89685.71
 80.0 29001.0 290.77   0.009699   2.34 186.13 354.23  89813.25
 80.0 29031.0 290.65   0.008236   2.28 188.59 343.88  89970.22
 80.0 29062.0 292.79   0.008446   2.60 248.46 345.13  89809.11
 80.0 29093.0 296.37   0.009253   2.79 291.71 356.38  89605.67
 80.0 29123.0 297.74   0.010974   2.85 266.92 383.42  89615.66
 80.0 29154.0 297.73   0.011744   2.68 261.97 386.82  89476.48
 80.0 29184.0 296.10   0.012854   2.19 251.64 384.26  89519.23
 81.0 29215.0 295.20   0.013241   2.01 221.39 385.24  89479.56
 81.0 29246.0 295.87   0.012721   2.15 238.49 387.43  89484.34
 81.0 29274.0 294.46   0.012923   2.38 268.44 381.22  89613.80
 81.0 29305.0 293.47   0.011856   2.23 236.08 369.24  89722.67
 81.0 29335.0 291.64   0.010974   2.22 183.61 367.02  89812.67
 81.0 29366.0 292.62   0.010331   2.20 174.94 364.71  89684.02
 81.0 29396.0 292.45   0.009302   2.45 197.40 351.90  89847.84
 81.0 29427.0 294.10   0.008937   2.70 246.99 351.05  89848.64
 81.0 29458.0 296.01   0.010643   2.73 233.42 370.09  89652.56
 81.0 29488.0 298.17   0.011760   2.84 263.05 389.55  89557.95
 81.0 29519.0 297.85   0.011821   2.77 283.10 384.87  89571.08
 81.0 29549.0 296.29   0.013261   2.37 251.34 387.86  89466.54
 82.0 29580.0 294.97   0.014715   1.89 236.46 388.26  89548.90
 82.0 29611.0 294.13   0.014270   1.95 258.71 381.99  89658.67
 82.0 29639.0 293.99   0.014235   1.79 233.54 381.64  89592.33
 82.0 29670.0 293.75   0.011465   2.10 235.56 367.51  89639.41
 82.0 29700.0 292.35   0.011180   2.15 177.03 373.48  89746.75
 82.0 29731.0 291.28   0.009511   2.38 176.84 359.58  89909.89
 82.0 29761.0 292.99   0.009499   2.34 202.94 354.79  89750.52
 82.0 29792.0 294.44   0.009016   2.58 243.23 353.92  89822.48
 82.0 29823.0 295.93   0.010449   2.76 255.59 367.04  89719.68
 82.0 29853.0 298.35   0.010642   2.90 264.36 383.36  89572.09
 82.0 29884.0 299.26   0.011347   2.89 257.10 390.09  89455.79
 82.0 29914.0 297.35   0.012424   2.54 252.48 389.61  89437.09
 83.0 29945.0 295.04   0.014293   1.87 236.96 387.65  89510.82
 83.0 29976.0 295.51   0.013727   2.01 238.15 388.15  89519.78
 83.0 30004.0 295.15   0.011898   2.25 265.67 376.25  89627.38
 83.0 30035.0 293.59   0.010799   2.31 213.16 371.56  89729.24
 83.0 30065.0 293.61   0.011428   2.33 205.17 376.20  89678.77
 83.0 30096.0 293.82   0.010594   2.21 176.68 371.71  89674.68
 83.0 30126.0 293.21   0.008599   2.55 212.77 350.86  89759.52
 83.0 30157.0 295.22   0.010133   2.57 249.18 363.83  89722.36
 83.0 30188.0 297.14   0.010744   2.76 251.89 377.84  89674.05
 83.0 30218.0 298.32   0.011466   2.78 272.13 387.01  89574.56
 83.0 30249.0 296.34   0.013924   2.27 266.60 390.60  89539.42
 83.0 30279.0 297.02   0.012552   2.02 230.29 388.39  89385.92
 84.0 30310.0 295.21   0.013711   1.84 237.86 383.37  89484.43
 84.0 30341.0 295.25   0.014454   1.73 232.60 389.00  89458.16
 84.0 30369.0 295.46   0.012997   2.13 245.67 386.19  89591.76
 84.0 30400.0 294.61   0.012624   2.28 238.56 380.55  89680.57
 84.0 30430.0 293.52   0.010200   2.42 197.13 368.81  89783.35
 84.0 30461.0 292.11   0.009219   2.27 173.84 359.01  89882.21
 84.0 30491.0 292.28   0.007653   2.47 224.39 333.69  89783.81
 84.0 30522.0 293.92   0.007927   2.53 233.88 348.41  89777.58
 84.0 30553.0 296.34   0.009966   2.78 266.16 370.36  89633.50
 84.0 30583.0 297.82   0.009608   2.97 310.45 362.78  89587.83
 84.0 30614.0 297.47   0.011568   2.65 246.26 386.15  89493.43
 84.0 30644.0 295.20   0.013901   2.07 274.82 384.50  89500.19
 85.0 30675.0 293.89   0.013969   1.98 268.75 380.17  89570.67
 85.0 30706.0 293.85   0.014162   1.71 233.18 383.74  89552.03
 85.0 30734.0 292.88   0.014197   1.90 259.70 374.48  89635.48
 85.0 30765.0 292.86   0.012574   2.15 239.56 373.42  89716.61
 85.0 30795.0 291.91   0.011422   2.18 199.74 364.04  89772.56
 85.0 30826.0 289.84   0.009259   2.08 169.24 353.91  89969.99
 85.0 30856.0 291.86   0.009018   2.38 197.10 349.41  89900.96
 85.0 30887.0 292.05   0.008744   2.39 202.27 355.66  89855.51
 85.0 30918.0 295.98   0.009800   2.75 270.59 365.28  89707.49
 85.0 30948.0 297.24   0.011468   2.71 255.00 383.40  89615.70
 85.0 30979.0 297.33   0.011225   2.75 256.42 383.28  89644.34
 85.0 31009.0 295.93   0.013513   2.18 253.05 389.38  89512.18
 86.0 31040.0 295.05   0.013127   2.13 255.21 381.77  89508.12
 86.0 31071.0 293.88   0.014527   1.88 247.79 382.32  89581.12
 86.0 31099.0 293.26   0.013861   2.02 255.08 377.16  89627.23
 86.0 31130.0 293.77   0.012694   2.24 245.80 376.03  89660.45
 86.0 31160.0 291.59   0.010512   2.29 197.93 364.62  89874.95
 86.0 31191.0 291.38   0.009293   2.16 188.57 350.13  89800.90
 86.0 31221.0 291.39   0.009457   2.30 180.49 360.26  89810.52
 86.0 31252.0 295.07   0.009175   2.75 260.45 347.26  89585.62
 86.0 31283.0 295.86   0.009661   2.82 261.52 363.54  89685.05
 86.0 31313.0 297.81   0.012145   2.68 242.76 390.99  89555.67
 86.0 31344.0 297.95   0.011965   2.74 278.86 385.34  89572.35
 86.0 31374.0 295.74   0.013547   2.16 251.18 387.42  89571.95
 87.0 31405.0 293.63   0.015060   1.56 219.59 384.40  89538.98
 87.0 31436.0 293.41   0.015022   1.74 259.70 381.76  89603.09
 87.0 31464.0 293.75   0.014074   1.79 238.79 378.75  89613.12
 87.0 31495.0 293.27   0.013337   2.07 238.95 377.80  89671.49
 87.0 31525.0 293.18   0.012270   2.19 205.89 375.15  89674.96
 87.0 31556.0 291.27   0.010431   2.32 188.16 363.71  89888.74
 87.0 31586.0 291.64   0.009637   2.27 192.69 355.23  89879.12
 87.0 31617.0 292.88   0.008421   2.60 253.93 343.69  89831.98
 87.0 31648.0 295.11   0.010673   2.59 226.86 376.85  89690.38
 87.0 31678.0 297.49   0.011840   2.86 276.24 383.70  89550.73
 87.0 31709.0 297.47   0.012070   2.56 253.33 388.36  89472.59
 87.0 31739.0 295.98   0.012960   2.33 252.55 385.06  89461.20
 88.0 31770.0 295.10   0.013576   2.06 243.78 385.61  89469.27
 88.0 31801.0 294.83   0.015190   1.57 249.75 388.05  89416.91
 88.0 31829.0 293.28   0.013620   1.70 211.21 379.36  89521.00
 88.0 31860.0 292.75   0.011366   2.25 236.33 366.16  89757.53
 88.0 31890.0 292.31   0.010524   2.16 188.07 367.36  89725.70
 88.0 31921.0 291.38   0.010256   2.43 178.20 361.89  89938.87
 88.0 31951.0 291.79   0.008472   2.39 216.53 343.06  89903.20
 88.0 31982.0 293.98   0.008643   2.73 262.34 345.70  89733.91
 88.0 32013.0 297.08   0.009613   2.92 293.68 357.05  89520.45
 88.0 32043.0 297.66   0.009620   2.98 281.79 372.11  89684.00
 88.0 32074.0 297.70   0.012545   2.42 254.32 391.14  89382.59
 88.0 32104.0 295.81   0.012972   2.25 226.84 390.37  89535.16
 89.0 32135.0 294.27   0.015098   1.78 244.61 385.59  89439.83
 89.0 32166.0 293.51   0.015291   1.64 245.58 383.04  89513.81
 89.0 32194.0 294.10   0.013500   1.96 249.07 377.83  89535.17
 89.0 32225.0 293.71   0.012824   2.11 243.43 375.19  89732.05
 89.0 32255.0 292.22   0.010752   2.32 218.96 362.41  89790.57
 89.0 32286.0 291.17   0.010402   2.34 187.92 360.64  89892.45
 89.0 32316.0 292.10   0.009674   2.38 187.76 357.74  89836.73
 89.0 32347.0 294.74   0.008328   2.59 275.28 338.61  89690.04
 89.0 32378.0 295.96   0.010794   2.78 246.47 372.74  89710.42
 89.0 32408.0 298.00   0.011432   2.93 279.56 383.93  89595.01
 89.0 32439.0 297.99   0.011035   2.81 247.58 388.64  89559.93
 89.0 32469.0 298.03   0.012852   2.32 262.31 392.98  89474.27
 90.0 32500.0 294.58   0.015145   1.62 236.01 386.38  89495.04
 90.0 32531.0 295.02   0.013601   1.82 225.71 385.25  89431.91
 90.0 32559.0 293.29   0.013441   2.12 238.11 374.08  89631.07
 90.0 32590.0 293.51   0.011544   2.23 207.94 376.79  89778.80
 90.0 32620.0 292.35   0.010443   2.32 210.82 361.24  89772.88
 90.0 32651.0 292.44   0.009622   2.20 186.83 360.31  89696.52
 90.0 32681.0 292.17   0.008230   2.45 225.09 337.16  89779.98
 90.0 32712.0 296.07   0.008396   2.71 268.60 347.28  89614.44
 90.0 32743.0 297.27   0.010498   2.80 264.83 375.98  89612.70
 90.0 32773.0 298.85   0.011235   2.89 274.82 386.94  89523.90
 90.0 32804.0 298.81   0.011793   2.83 285.30 388.15  89465.16
 90.0 32834.0 295.58   0.013775   2.33 263.20 387.30  89611.56
 91.0 32865.0 296.87   0.013957   1.92 227.96 396.67  89350.09
 91.0 32896.0 295.27   0.013655   2.18 263.73 384.47  89498.30
 91.0 32924.0 295.99   0.012430   2.36 253.09 381.81  89542.38
 91.0 32955.0 294.52   0.012372   2.27 230.86 379.30  89630.59
 91.0 32985.0 293.15   0.011884   2.26 197.02 376.87  89693.61
 91.0 33016.0 292.56   0.009933   2.42 192.94 359.24  89804.48
 91.0 33046.0 292.26   0.009435   2.42 189.34 360.89  89912.90
 91.0 33077.0 293.69   0.009453   2.60 233.24 358.28  89787.33
 91.0 33108.0 296.70   0.010226   2.83 259.97 370.75  89681.32
 91.0 33138.0 297.48   0.009972   2.94 281.01 367.69  89623.29
 91.0 33169.0 298.28   0.010920   2.83 266.84 382.93  89555.43
 91.0 33199.0 294.95   0.014152   2.10 275.14 383.91  89473.13
 92.0 33230.0 295.10   0.014177   1.88 246.58 387.30  89437.46
 92.0 33261.0 293.29   0.015004   1.61 240.76 381.11  89455.67
 92.0 33289.0 293.27   0.014293   1.80 246.51 378.29  89574.04
 92.0 33320.0 292.57   0.013040   2.05 223.49 371.27  89694.88
 92.0 33350.0 291.91   0.011075   2.19 204.96 365.13  89815.77
 92.0 33381.0 290.90   0.009984   2.19 196.79 352.01  89969.26
 92.0 33411.0 291.04   0.008839   2.30 198.28 347.33  90006.12
 92.0 33442.0 292.91   0.008632   2.41 245.40 344.35  89838.49
 92.0 33473.0 295.45   0.010996   2.53 264.95 366.20  89723.62
 92.0 33503.0 296.98   0.010135   2.80 288.61 368.73  89664.36
 92.0 33534.0 297.52   0.012509   2.64 254.60 390.77  89507.78
 92.0 33564.0 295.64   0.014481   2.03 254.78 389.46  89520.69
 93.0 33595.0 294.60   0.014229   1.95 263.59 383.96  89504.95
 93.0 33626.0 293.44   0.014942   1.73 259.30 380.92  89556.08
 93.0 33654.0 293.88   0.013402   1.89 243.28 378.25  89538.26
 93.0 33685.0 293.95   0.011945   2.07 231.50 375.36  89619.43
 93.0 33715.0 292.15   0.011003   2.17 203.20 367.12  89727.48
 93.0 33746.0 291.12   0.009749   2.23 191.38 353.94  89844.98
 93.0 33776.0 291.74   0.009316   2.25 184.90 355.41  89916.70
 93.0 33807.0 293.76   0.009677   2.53 213.70 361.02  89746.77
 93.0 33838.0 295.69   0.010529   2.76 256.08 368.58  89693.56
 93.0 33868.0 298.05   0.011523   2.93 276.10 384.87  89542.77
 93.0 33899.0 296.96   0.012368   2.57 235.38 392.19  89521.30
 93.0 33929.0 296.99   0.013269   2.30 249.77 394.90  89461.12
 94.0 33960.0 294.94   0.014146   1.99 262.62 384.41  89478.98
 94.0 33991.0 295.61   0.014154   1.97 245.10 392.54  89557.44
 94.0 34019.0 293.78   0.012690   2.10 244.32 376.70  89653.55
 94.0 34050.0 293.41   0.010985   2.17 212.77 373.28  89760.39
 94.0 34080.0 292.56   0.010656   2.20 186.41 369.23  89707.69
 94.0 34111.0 291.65   0.008855   2.16 171.63 354.22  89855.11
 94.0 34141.0 291.76   0.009112   2.43 182.63 355.92  89937.36
 94.0 34172.0 293.33   0.008627   2.54 233.70 350.38  89885.03
 94.0 34203.0 296.31   0.009744   2.83 255.29 367.22  89655.45
 94.0 34233.0 298.52   0.010529   3.04 304.98 375.52  89510.50
 94.0 34264.0 298.62   0.010606   2.88 262.23 384.74  89451.74
 94.0 34294.0 297.39   0.012319   2.19 228.37 390.37  89403.84
 95.0 34325.0 295.15   0.015004   1.73 229.38 391.80  89451.87
 95.0 34356.0 292.94   0.014658   1.81 249.22 377.57  89533.41
 95.0 34384.0 292.98   0.014902   1.72 247.39 376.71  89502.98
 95.0 34415.0 292.05   0.013610   1.96 237.33 371.23  89714.98
 95.0 34445.0 291.20   0.010138   2.05 201.43 356.55  89775.03
 95.0 34476.0 290.91   0.010647   2.33 194.40 361.42  89881.47
 95.0 34506.0 290.22   0.009525   2.20 186.91 350.97  89967.23
 95.0 34537.0 293.17   0.010611   2.38 205.16 365.73  89792.39
 95.0 34568.0 296.30   0.010523   2.66 280.27 366.15  89701.69
 95.0 34598.0 296.37   0.011824   2.52 246.07 382.74  89604.55
 95.0 34629.0 297.24   0.011686   2.59 252.91 383.24  89582.64
 95.0 34659.0 294.35   0.014250   1.93 233.68 387.02  89589.75
 96.0 34690.0 294.09   0.014980   1.72 248.82 384.24  89482.85
 96.0 34721.0 293.89   0.015047   1.67 245.21 382.19  89518.63
 96.0 34749.0 292.63   0.014507   1.88 245.75 377.61  89601.65
 96.0 34780.0 292.77   0.011633   2.33 221.63 371.75  89685.89
 96.0 34810.0 292.29   0.010584   2.14 222.50 357.34  89649.97
 96.0 34841.0 291.09   0.009906   2.18 190.61 352.29  89802.94
 96.0 34871.0 291.38   0.009314   2.32 199.88 350.34  89871.19
 96.0 34902.0 292.79   0.009372   2.45 221.27 354.18  89801.14
 96.0 34933.0 295.58   0.009671   2.62 255.92 356.89  89607.82
 96.0 34963.0 297.56   0.011764   2.78 276.23 381.75  89603.77
 96.0 34994.0 297.52   0.012556   2.61 246.14 394.09  89476.23
 96.0 35024.0 295.42   0.014347   1.94 246.62 388.04  89459.30
 97.0 35055.0 294.09   0.014492   1.78 250.33 381.75  89532.40
 97.0 35086.0 294.75   0.013794   1.71 224.87 386.73  89396.75
 97.0 35114.0 293.55   0.013672   1.98 242.57 379.99  89668.39
 97.0 35145.0 293.40   0.012634   2.27 239.35 372.77  89744.81
 97.0 35175.0 291.83   0.010336   2.16 202.95 359.59  89889.70
 97.0 35206.0 292.18   0.009435   2.27 192.66 356.62  89797.92
 97.0 35236.0 291.63   0.008520   2.43 199.23 350.59  89876.16
 97.0 35267.0 293.90   0.008257   2.63 259.05 341.41  89719.18
 97.0 35298.0 296.83   0.010841   2.71 259.10 374.11  89493.47
 97.0 35328.0 297.85   0.011550   2.99 294.62 384.62  89545.69
 97.0 35359.0 298.84   0.011043   2.88 266.95 387.17  89487.24
 97.0 35389.0 297.22   0.011888   2.51 235.77 388.94  89505.95
 98.0 35420.0 294.58   0.015761   1.64 247.50 387.11  89424.24
 98.0 35451.0 292.95   0.014810   1.84 264.75 375.20  89594.73
 98.0 35479.0 293.00   0.013556   1.85 249.77 373.84  89681.67
 98.0 35510.0 292.96   0.012170   2.11 220.48 372.28  89727.19
 98.0 35540.0 291.88   0.011156   2.21 217.37 366.68  89754.92
 98.0 35571.0 290.80   0.009872   2.20 180.92 359.26  89847.59
 98.0 35601.0 292.05   0.010471   2.32 197.90 361.09  89892.16
 98.0 35632.0 293.58   0.009960   2.60 245.58 357.03  89820.26
 98.0 35663.0 296.28   0.009692   2.78 280.47 360.25  89705.42
 98.0 35693.0 297.50   0.010794   2.83 276.55 377.22  89664.40
 98.0 35724.0 299.39   0.011221   2.90 276.74 386.34  89400.34
 98.0 35754.0 296.66   0.013451   2.27 232.03 395.43  89520.94
 99.0 35785.0 295.41   0.014123   2.08 245.78 387.38  89524.44
 99.0 35816.0 294.72   0.014805   1.79 239.36 388.06  89431.29
 99.0 35844.0 295.03   0.013832   1.77 220.06 385.81  89567.07
 99.0 35875.0 293.87   0.011686   2.27 235.55 372.59  89769.71
 99.0 35905.0 293.47   0.011264   2.27 205.11 371.48  89747.82
 99.0 35936.0 292.44   0.009527   2.26 176.13 358.23  89785.64
 99.0 35966.0 292.05   0.008521   2.52 187.87 349.13  89923.09
 99.0 35997.0 293.69   0.008675   2.53 230.40 353.21  89805.47
 99.0 36028.0 296.85   0.009108   2.91 292.62 351.83  89662.47
 99.0 36058.0 298.11   0.010600   3.01 288.65 375.12  89585.85
 99.0 36089.0 297.99   0.011500   2.74 261.86 390.20  89530.23
 99.0 36119.0 297.09   0.012237   2.46 232.18 395.00  89500.93
100.0 36150.0 295.09   0.013303   1.93 243.43 381.57  89447.95
100.0 36181.0 295.10   0.012865   2.14 247.27 381.62  89542.25
100.0 36209.0 295.81   0.011461   2.22 222.39 382.02  89565.33
100.0 36240.0 295.25   0.010094   2.57 247.89 360.68  89657.91
100.0 36270.0 294.04   0.010224   2.42 196.73 370.28  89735.14
100.0 36301.0 292.16   0.009786   2.38 167.80 364.58  89815.00
100.0 36331.0 292.77   0.009171   2.51 196.20 356.29  89857.22
100.0 36362.0 294.84   0.009937   2.61 216.76 366.39  89609.62
100.0 36393.0 296.67   0.009814   2.96 263.55 370.94  89651.09
100.0 36423.0 297.04   0.011768   2.70 224.43 390.44  89633.73
100.0 36454.0 297.92   0.011938   2.66 253.49 389.46  89620.86
100.0 36484.0 297.29   0.012645   2.49 246.86 391.58  89526.12
