  1.0    15.0 297.16   0.014435   2.23 245.77 398.46  90116.41
  1.0    46.0 296.28   0.014917   2.05 242.19 396.13  90110.78
  1.0    74.0 295.95   0.014766   2.11 241.35 394.69  90237.96
  1.0   105.0 295.50   0.012908   2.37 231.62 384.26  90370.33
  1.0   135.0 294.06   0.011432   2.38 190.34 375.90  90498.89
  1.0   166.0 292.92   0.010533   2.36 165.44 371.46  90653.67
  1.0   196.0 292.05   0.009174   2.42 179.85 357.15  90738.45
  1.0   227.0 292.97   0.009461   2.53 199.86 360.96  90659.50
  1.0   258.0 295.57   0.010009   2.67 228.37 369.76  90482.39
  1.0   288.0 297.28   0.010614   2.84 250.23 380.92  90385.30
  1.0   319.0 298.51   0.011676   2.87 259.57 391.59  90227.74
  1.0   349.0 299.13   0.012342   2.66 257.59 396.25  90111.05
  2.0   380.0 297.63   0.013901   2.22 253.38 398.18  90071.59
  2.0   411.0 296.21   0.015048   2.08 253.89 394.05  90124.09
  2.0   439.0 296.65   0.013863   2.28 256.28 392.50  90269.09
  2.0   470.0 296.05   0.012902   2.33 218.00 389.55  90327.98
  2.0   500.0 294.32   0.011473   2.36 178.77 381.17  90482.85
  2.0   531.0 293.02   0.010242   2.32 168.72 368.83  90590.28
  2.0   561.0 291.94   0.009298   2.33 167.70 359.48  90691.25
  2.0   592.0 293.51   0.009063   2.54 209.73 356.24  90607.77
  2.0   623.0 295.73   0.009740   2.74 239.86 366.08  90456.60
  2.0   653.0 297.98   0.010435   2.96 266.52 376.88  90363.53
  2.0   684.0 298.82   0.011566   2.80 253.89 391.91  90199.84
  2.0   714.0 298.16   0.012871   2.55 251.78 396.95  90197.22
  3.0   745.0 296.41   0.014588   2.13 243.04 395.85  90160.89
  3.0   776.0 296.84   0.014770   2.14 252.79 396.87  90154.23
  3.0   804.0 297.18   0.014262   2.22 250.39 395.92  90195.29
  3.0   835.0 296.31   0.013473   2.32 229.48 390.87  90328.45
  3.0   865.0 293.73   0.010817   2.35 187.14 373.23  90534.30
  3.0   896.0 292.66   0.009751   2.37 165.37 367.05  90686.69
  3.0   926.0 292.27   0.008668   2.50 189.95 351.43  90707.92
  3.0   957.0 293.59   0.008755   2.59 210.87 353.01  90563.17
  3.0   988.0 295.65   0.009214   2.76 241.11 361.29  90477.62
  3.0  1018.0 298.36   0.010193   2.97 265.33 378.00  90320.59
  3.0  1049.0 298.66   0.011668   2.81 257.19 390.87  90174.59
  3.0  1079.0 298.35   0.012346   2.64 250.43 395.57  90148.45
  4.0  1110.0 298.55   0.013269   2.36 242.78 400.65  90138.31
  4.0  1141.0 296.78   0.015408   1.93 240.62 398.52  90053.72
  4.0  1169.0 296.51   0.014234   2.14 244.65 393.94  90214.64
  4.0  1200.0 295.90   0.012553   2.34 219.71 385.80  90332.20
  4.0  1230.0 294.09   0.011085   2.30 179.19 377.03  90476.98
  4.0  1261.0 292.66   0.010541   2.36 155.48 372.35  90657.69
  4.0  1291.0 292.57   0.009482   2.39 176.32 358.72  90688.31
  4.0  1322.0 293.60   0.009071   2.54 204.59 358.62  90601.56
  4.0  1353.0 296.22   0.009450   2.72 247.39 365.31  90463.61
  4.0  1383.0 298.41   0.010677   2.90 256.70 383.66  90297.58
  4.0  1414.0 299.28   0.012262   2.75 254.17 397.80  90168.67
  4.0  1444.0 297.66   0.013689   2.38 251.13 396.35  90142.20
  5.0  1475.0 296.50   0.015322   1.99 254.26 396.29  90111.27
  5.0  1506.0 296.58   0.016065   1.82 246.33 400.34  90121.89
  5.0  1534.0 296.19   0.015409   1.97 245.88 395.24  90220.31
  5.0  1565.0 295.35   0.013330   2.21 229.19 386.55  90384.70
  5.0  1595.0 293.64   0.011623   2.30 185.22 376.52  90560.89
  5.0  1626.0 292.05   0.009914   2.27 161.07 364.52  90639.22
  5.0  1656.0 291.78   0.009140   2.33 171.51 356.93  90730.80
  5.0  1687.0 292.80   0.008869   2.46 201.29 351.78  90620.48
  5.0  1718.0 294.96   0.009742   2.64 220.87 368.75  90506.09
  5.0  1748.0 297.20   0.010337   2.72 251.49 378.00  90347.41
  5.0  1779.0 298.72   0.011583   2.72 252.84 391.00  90201.64
  5.0  1809.0 298.19   0.012850   2.53 259.22 395.68  90153.05
  6.0  1840.0 295.98   0.015061   1.95 244.06 393.65  90142.52
  6.0  1871.0 296.12   0.015551   1.89 243.98 396.59  90051.09
  6.0  1899.0 295.43   0.015618   1.95 255.34 391.77  90183.13
  6.0  1930.0 295.03   0.013705   2.12 227.29 385.82  90347.06
  6.0  1960.0 293.71   0.012062   2.27 193.09 378.47  90517.95
  6.0  1991.0 292.13   0.010569   2.26 161.23 370.30  90688.10
  6.0  2021.0 291.48   0.009662   2.43 170.29 360.95  90775.84
  6.0  2052.0 292.67   0.009439   2.46 197.82 359.57  90664.62
  6.0  2083.0 294.63   0.009451   2.58 223.27 363.66  90508.38
  6.0  2113.0 297.61   0.011327   2.72 249.82 384.96  90288.65
  6.0  2144.0 298.69   0.011939   2.78 264.08 390.93  90192.52
  6.0  2174.0 297.76   0.013287   2.44 256.29 394.56  90164.06
  7.0  2205.0 296.53   0.015089   2.10 251.53 396.74  90104.59
  7.0  2236.0 296.31   0.015274   2.08 263.04 395.07  90215.23
  7.0  2264.0 296.60   0.014453   2.18 246.97 395.67  90199.56
  7.0  2295.0 295.94   0.013259   2.32 226.09 388.25  90375.47
  7.0  2325.0 294.33   0.011529   2.37 190.17 378.50  90519.22
  7.0  2356.0 292.41   0.009918   2.35 162.41 368.10  90660.11
  7.0  2386.0 290.98   0.009175   2.39 163.89 357.50  90815.05
  7.0  2417.0 293.12   0.009003   2.52 209.35 351.79  90609.53
  7.0  2448.0 295.36   0.009705   2.72 236.92 364.91  90507.34
  7.0  2478.0 297.52   0.010733   2.85 248.72 381.73  90355.41
  7.0  2509.0 298.76   0.011503   2.74 251.42 392.17  90181.73
  7.0  2539.0 298.29   0.013018   2.49 251.19 397.77  90140.99
  8.0  2570.0 297.59   0.014441   2.11 245.92 399.25  90089.85
  8.0  2601.0 298.08   0.014694   2.09 241.75 402.67  90041.28
  8.0  2629.0 296.77   0.014506   2.10 229.23 396.09  90184.39
  8.0  2660.0 296.39   0.012092   2.34 220.95 385.54  90322.61
  8.0  2690.0 294.42   0.011293   2.36 189.22 378.41  90492.64
  8.0  2721.0 292.52   0.009642   2.40 166.70 364.36  90666.43
  8.0  2751.0 291.90   0.009274   2.44 174.12 358.84  90729.05
  8.0  2782.0 294.47   0.008820   2.62 233.36 350.71  90476.80
  8.0  2813.0 295.71   0.009129   2.74 248.26 359.52  90433.49
  8.0  2843.0 298.23   0.010644   2.93 259.81 382.95  90310.83
  8.0  2874.0 299.14   0.011417   2.84 259.44 391.30  90197.61
  8.0  2904.0 298.77   0.012467   2.67 263.26 394.53  90147.89
  9.0  2935.0 297.29   0.014472   2.21 256.16 396.48  90141.95
  9.0  2966.0 297.06   0.014681   2.01 237.02 398.30  90124.47
  9.0  2994.0 296.33   0.014732   2.24 253.83 393.94  90299.73
  9.0  3025.0 296.06   0.012947   2.35 223.26 389.19  90342.77
  9.0  3055.0 294.19   0.011300   2.34 178.61 378.84  90503.55
  9.0  3086.0 291.48   0.009639   2.39 161.26 362.06  90739.02
  9.0  3116.0 292.19   0.009215   2.40 176.91 355.75  90716.59
  9.0  3147.0 294.03   0.009250   2.56 209.95 358.06  90519.73
  9.0  3178.0 295.81   0.009420   2.78 241.87 363.90  90507.69
  9.0  3208.0 298.31   0.010558   2.89 247.93 384.89  90289.62
  9.0  3239.0 299.38   0.011565   2.89 270.58 392.15  90175.59
  9.0  3269.0 298.01   0.013493   2.47 257.42 397.33  90185.67
 10.0  3300.0 296.66   0.015334   2.09 258.76 397.51  90138.29
 10.0  3331.0 295.80   0.016017   1.88 256.52 393.58  90154.20
 10.0  3359.0 295.73   0.014698   1.99 247.58 391.60  90253.12
 10.0  3390.0 294.80   0.012575   2.23 227.51 381.27  90465.55
 10.0  3420.0 293.90   0.011800   2.28 192.20 377.11  90532.19
 10.0  3451.0 292.14   0.010188   2.35 165.03 366.11  90713.75
 10.0  3481.0 291.46   0.009013   2.35 176.20 353.45  90721.52
 10.0  3512.0 292.82   0.008777   2.51 208.69 352.65  90653.06
 10.0  3543.0 295.02   0.009617   2.68 227.68 365.19  90578.56
 10.0  3573.0 297.57   0.010750   2.79 258.47 378.92  90349.72
 10.0  3604.0 299.40   0.011345   2.89 275.38 388.49  90199.80
 10.0  3634.0 298.96   0.012928   2.56 249.52 398.82  90122.95
 11.0  3665.0 297.76   0.014164   2.23 243.54 400.61  90114.72
 11.0  3696.0 297.90   0.014796   2.18 245.38 401.72  90071.06
 11.0  3724.0 297.74   0.014103   2.26 241.49 399.37  90176.64
 11.0  3755.0 296.55   0.012911   2.39 226.14 388.95  90316.23
 11.0  3785.0 294.61   0.011941   2.34 174.21 383.18  90498.98
 11.0  3816.0 292.67   0.010147   2.30 161.02 368.17  90640.66
 11.0  3846.0 291.90   0.009418   2.41 170.32 359.38  90732.48
 11.0  3877.0 293.34   0.009182   2.52 204.86 358.41  90586.62
 11.0  3908.0 295.98   0.008932   2.82 253.60 358.20  90480.20
 11.0  3938.0 298.20   0.010232   2.88 259.04 378.87  90305.34
 11.0  3969.0 299.57   0.010817   2.92 274.58 386.26  90148.86
 11.0  3999.0 298.95   0.012254   2.58 260.87 393.42  90122.80
 12.0  4030.0 298.35   0.013435   2.39 245.53 399.41  90114.70
 12.0  4061.0 297.44   0.014582   2.12 237.39 399.22  90117.48
 12.0  4089.0 297.66   0.013423   2.31 238.92 395.93  90188.55
 12.0  4120.0 296.24   0.011983   2.41 209.18 386.77  90407.05
 12.0  4150.0 294.18   0.010345   2.39 178.87 374.22  90531.19
 12.0  4181.0 292.52   0.009442   2.44 166.62 361.97  90724.42
 12.0  4211.0 292.71   0.008871   2.44 179.98 353.54  90655.83
 12.0  4242.0 294.12   0.009416   2.62 202.27 362.05  90555.09
 12.0  4273.0 296.94   0.009479   2.86 246.39 365.18  90414.27
 12.0  4303.0 298.72   0.010452   2.96 267.57 380.29  90281.97
 12.0  4334.0 299.33   0.011771   2.87 256.92 394.82  90164.17
 12.0  4364.0 298.42   0.013058   2.51 250.83 398.41  90140.91
 13.0  4395.0 297.27   0.014577   2.12 238.68 400.50  90128.32
 13.0  4426.0 296.74   0.015414   1.91 243.50 398.24  90174.05
 13.0  4454.0 296.71   0.014633   2.06 236.35 397.79  90215.25
 13.0  4485.0 295.62   0.012608   2.25 224.91 383.28  90374.34
 13.0  4515.0 293.46   0.011277   2.28 189.46 373.19  90577.19
 13.0  4546.0 292.97   0.010148   2.23 166.99 367.88  90590.77
 13.0  4576.0 291.55   0.009165   2.34 172.36 356.15  90717.61
 13.0  4607.0 292.90   0.009088   2.51 202.31 354.27  90597.71
 13.0  4638.0 294.86   0.009064   2.69 240.78 358.53  90517.46
 13.0  4668.0 297.33   0.010231   2.87 253.83 377.11  90365.94
 13.0  4699.0 298.52   0.010945   2.81 253.00 388.23  90190.55
 13.0  4729.0 298.21   0.012574   2.58 251.98 393.77  90146.73
 14.0  4760.0 296.83   0.014536   2.15 253.78 395.12  90095.33
 14.0  4791.0 296.45   0.014550   1.95 233.97 396.12  90111.47
 14.0  4819.0 295.55   0.014128   2.22 251.49 388.60  90262.71
 14.0  4850.0 295.04   0.012432   2.32 222.46 381.29  90371.13
 14.0  4880.0 294.13   0.011485   2.30 178.86 379.37  90443.14
 14.0  4911.0 291.96   0.010199   2.27 148.79 369.87  90648.45
 14.0  4941.0 291.53   0.009314   2.31 168.45 357.52  90660.02
 14.0  4972.0 293.49   0.009576   2.46 196.36 361.37  90513.45
 14.0  5003.0 295.05   0.009061   2.71 235.39 357.56  90537.95
 14.0  5033.0 297.42   0.010341   2.84 259.81 374.62  90318.62
 14.0  5064.0 298.26   0.011762   2.73 250.82 391.48  90199.77
 14.0  5094.0 297.94   0.012875   2.48 251.14 396.05  90123.55
 15.0  5125.0 296.04   0.014680   2.07 238.86 395.37  90107.12
 15.0  5156.0 295.33   0.015537   1.88 251.99 391.45  90156.84
 15.0  5184.0 295.31   0.014879   2.00 249.82 389.56  90255.06
 15.0  5215.0 294.80   0.013767   2.19 220.24 387.59  90372.58
 15.0  5245.0 293.65   0.011896   2.23 196.34 375.30  90476.03
 15.0  5276.0 291.90   0.010336   2.21 156.42 369.00  90652.41
 15.0  5306.0 291.67   0.009682   2.37 160.70 362.14  90738.00
 15.0  5337.0 293.17   0.009412   2.51 206.88 356.55  90614.33
 15.0  5368.0 295.30   0.009852   2.65 226.18 368.17  90464.35
 15.0  5398.0 298.03   0.010805   2.83 257.83 380.25  90222.86
 15.0  5429.0 298.75   0.011561   2.85 263.49 389.52  90173.86
 15.0  5459.0 297.88   0.013387   2.41 254.73 396.36  90123.17
 16.0  5490.0 296.36   0.015145   1.91 245.23 396.12  90071.94
 16.0  5521.0 296.93   0.015149   1.98 246.22 398.06  90087.72
 16.0  5549.0 295.95   0.014625   2.15 245.97 392.32  90208.95
 16.0  5580.0 295.41   0.013168   2.23 215.21 387.86  90350.89
 16.0  5610.0 293.80   0.011467   2.37 196.87 374.52  90496.84
 16.0  5641.0 291.36   0.009789   2.35 156.31 364.18  90734.81
 16.0  5671.0 290.94   0.008901   2.32 170.66 353.74  90744.09
 16.0  5702.0 293.23   0.009216   2.51 209.47 354.51  90550.41
 16.0  5733.0 295.25   0.009153   2.73 250.00 357.62  90491.62
 16.0  5763.0 297.38   0.010222   2.82 265.38 373.31  90326.74
 16.0  5794.0 298.68   0.011052   2.78 261.49 387.01  90177.45
 16.0  5824.0 297.49   0.012669   2.50 251.67 392.22  90145.78
 17.0  5855.0 296.75   0.014270   2.08 240.82 397.18  90052.72
 17.0  5886.0 296.15   0.014853   1.95 247.44 393.89  90162.84
 17.0  5914.0 296.03   0.015027   1.96 244.93 394.24  90169.05
 17.0  5945.0 295.13   0.013512   2.24 224.24 387.16  90338.11
 17.0  5975.0 293.30   0.011152   2.28 183.39 375.65  90539.66
 17.0  6006.0 292.05   0.010298   2.32 157.16 368.00  90683.95
 17.0  6036.0 291.57   0.009378   2.39 175.23 356.77  90724.90
 17.0  6067.0 293.24   0.009109   2.51 210.78 352.48  90593.67
 17.0  6098.0 295.16   0.009713   2.72 233.46 365.22  90590.55
 17.0  6128.0 297.27   0.011091   2.77 254.92 380.04  90330.03
 17.0  6159.0 298.05   0.012103   2.72 255.13 392.01  90240.22
 17.0  6189.0 298.26   0.012903   2.53 244.09 397.26  90166.90
 18.0  6220.0 297.40   0.014326   2.18 245.78 398.87  90159.61
 18.0  6251.0 297.04   0.014511   2.17 252.36 397.75  90182.52
 18.0  6279.0 296.84   0.014462   2.22 250.81 395.75  90224.56
 18.0  6310.0 296.55   0.013052   2.38 226.47 390.22  90321.53
 18.0  6340.0 294.88   0.011507   2.34 189.76 380.64  90465.80
 18.0  6371.0 292.63   0.010285   2.32 159.46 368.69  90644.05
 18.0  6401.0 291.21   0.009147   2.38 170.20 354.04  90772.61
 18.0  6432.0 293.11   0.008920   2.46 210.84 351.07  90634.65
 18.0  6463.0 295.71   0.009113   2.76 253.74 357.38  90448.69
 18.0  6493.0 298.11   0.009965   2.92 265.66 374.29  90294.21
 18.0  6524.0 298.45   0.011178   2.83 260.88 386.86  90221.80
 18.0  6554.0 298.62   0.012287   2.55 250.25 395.55  90160.06
 19.0  6585.0 297.00   0.015127   1.94 236.82 400.04  90118.81
 19.0  6616.0 296.56   0.015665   1.95 249.49 399.28  90149.43
 19.0  6644.0 296.06   0.014612   2.12 244.39 394.04  90264.91
 19.0  6675.0 295.70   0.012480   2.34 226.17 384.74  90378.14
 19.0  6705.0 294.06   0.011382   2.27 179.77 376.97  90505.22
 19.0  6736.0 293.10   0.010020   2.30 170.39 367.03  90551.84
 19.0  6766.0 291.93   0.008851   2.41 181.42 353.06  90644.18
 19.0  6797.0 293.91   0.008791   2.58 221.00 351.35  90536.89
 19.0  6828.0 296.35   0.009695   2.76 250.83 364.22  90411.08
 19.0  6858.0 297.36   0.010859   2.82 255.37 379.55  90289.50
 19.0  6889.0 298.86   0.011027   2.85 263.09 387.56  90245.31
 19.0  6919.0 298.44   0.012770   2.49 246.91 398.40  90153.06
 20.0  6950.0 296.31   0.014845   2.02 252.43 395.57  90225.95
 20.0  6981.0 296.20   0.015430   1.91 242.97 396.35  90188.27
 20.0  7009.0 295.78   0.014815   2.06 252.91 391.82  90253.59
 20.0  7040.0 295.02   0.013656   2.21 227.50 386.83  90359.22
 20.0  7070.0 293.51   0.011431   2.23 192.23 374.77  90536.42
 20.0  7101.0 291.63   0.009964   2.31 163.61 364.05  90718.46
 20.0  7131.0 291.14   0.008807   2.34 171.57 353.27  90754.45
 20.0  7162.0 293.07   0.008903   2.56 213.09 351.98  90638.32
 20.0  7193.0 295.56   0.009405   2.72 239.88 364.04  90537.95
 20.0  7223.0 297.99   0.010309   2.91 269.95 377.11  90329.66
 20.0  7254.0 298.47   0.011570   2.84 262.36 390.53  90249.88
 20.0  7284.0 297.89   0.013378   2.45 250.61 397.60  90167.56
 21.0  7315.0 296.70   0.014889   1.99 239.59 399.35  90100.66
 21.0  7346.0 296.34   0.015283   1.90 243.62 398.20  90130.34
 21.0  7374.0 296.36   0.015141   2.00 244.10 397.16  90226.93
 21.0  7405.0 295.82   0.013941   2.20 227.84 391.16  90325.86
 21.0  7435.0 293.67   0.011831   2.40 191.36 376.75  90564.42
 21.0  7466.0 291.52   0.009726   2.27 163.06 361.51  90676.27
 21.0  7496.0 291.59   0.009083   2.28 165.26 357.52  90699.41
 21.0  7527.0 293.45   0.009840   2.48 199.44 366.09  90628.67
 21.0  7558.0 295.70   0.009864   2.67 234.85 368.65  90472.66
 21.0  7588.0 297.63   0.011219   2.79 255.60 383.99  90330.59
 21.0  7619.0 298.60   0.011998   2.71 246.70 396.10  90175.45
 21.0  7649.0 298.71   0.012354   2.60 256.12 394.77  90115.36
 22.0  7680.0 297.42   0.014880   2.12 242.05 400.27  90045.20
 22.0  7711.0 296.99   0.015086   1.96 241.61 399.56  90077.39
 22.0  7739.0 296.68   0.014116   2.10 242.38 392.15  90191.39
 22.0  7770.0 295.21   0.013128   2.25 210.99 388.70  90395.15
 22.0  7800.0 294.14   0.011533   2.33 181.99 379.51  90517.72
 22.0  7831.0 292.33   0.009962   2.33 164.15 364.43  90697.78
 22.0  7861.0 291.90   0.008995   2.36 178.93 353.75  90704.52
 22.0  7892.0 293.40   0.008368   2.65 232.42 342.81  90627.95
 22.0  7923.0 295.71   0.009889   2.72 234.88 368.35  90476.02
 22.0  7953.0 298.15   0.009914   2.89 273.75 374.09  90263.28
 22.0  7984.0 299.33   0.011754   2.80 254.71 396.11  90182.04
 22.0  8014.0 297.72   0.012991   2.39 237.92 395.51  90180.43
 23.0  8045.0 297.04   0.014192   2.15 245.62 397.23  90174.04
 23.0  8076.0 296.60   0.014880   2.08 251.37 396.67  90207.09
 23.0  8104.0 296.73   0.014310   2.17 231.84 397.32  90203.06
 23.0  8135.0 296.02   0.012981   2.34 217.31 390.65  90359.64
 23.0  8165.0 293.87   0.011481   2.41 185.55 377.93  90571.14
 23.0  8196.0 292.77   0.010218   2.30 167.82 368.93  90632.58
 23.0  8226.0 291.94   0.009351   2.43 163.36 360.26  90764.43
 23.0  8257.0 293.85   0.009017   2.59 214.66 354.24  90555.08
 23.0  8288.0 296.10   0.009592   2.71 236.41 367.20  90438.59
 23.0  8318.0 297.63   0.011090   2.76 236.28 387.05  90373.96
 23.0  8349.0 298.51   0.011998   2.73 254.24 392.93  90253.45
 23.0  8379.0 298.46   0.012992   2.52 257.50 396.93  90100.49
 24.0  8410.0 296.29   0.015414   1.94 250.07 397.50  90139.09
 24.0  8441.0 297.01   0.014968   1.97 237.74 400.79  90144.98
 24.0  8469.0 296.95   0.014138   2.23 248.45 396.99  90253.41
 24.0  8500.0 296.65   0.012964   2.40 223.92 392.35  90358.16
 24.0  8530.0 294.26   0.011307   2.33 184.53 377.14  90537.00
 24.0  8561.0 292.82   0.010417   2.40 163.41 371.72  90678.01
 24.0  8591.0 293.24   0.009790   2.43 178.51 362.37  90585.48
 24.0  8622.0 294.54   0.009793   2.60 209.75 365.58  90537.59
 24.0  8653.0 295.70   0.009373   2.81 250.77 361.08  90508.05
 24.0  8683.0 298.20   0.010618   2.91 261.11 380.26  90308.52
 24.0  8714.0 299.16   0.011590   2.89 264.38 390.95  90167.50
 24.0  8744.0 298.06   0.013446   2.50 245.47 398.61  90201.30
 25.0  8775.0 297.06   0.014424   2.12 240.08 398.12  90174.53
 25.0  8806.0 297.29   0.015046   1.96 244.19 401.59  90106.47
 25.0  8834.0 296.79   0.014189   2.14 245.29 395.14  90187.22
 25.0  8865.0 295.81   0.012902   2.29 216.58 388.42  90386.71
 25.0  8895.0 293.58   0.010998   2.33 179.87 374.13  90590.84
 25.0  8926.0 292.33   0.010265   2.35 161.04 368.97  90720.28
 25.0  8956.0 291.69   0.009229   2.35 166.16 357.85  90761.19
 25.0  8987.0 293.11   0.008788   2.55 215.30 350.69  90625.91
 25.0  9018.0 295.89   0.009608   2.72 228.70 367.42  90525.12
 25.0  9048.0 298.03   0.011169   2.85 241.24 389.29  90308.56
 25.0  9079.0 298.63   0.012530   2.68 244.44 397.02  90163.19
 25.0  9109.0 298.29   0.013129   2.55 254.15 396.02  90144.12
 26.0  9140.0 297.96   0.013529   2.29 240.92 399.08  90120.65
 26.0  9171.0 297.93   0.013855   2.27 234.79 401.03  90111.20
 26.0  9199.0 297.10   0.014358   2.17 233.28 396.13  90213.78
 26.0  9230.0 296.34   0.012644   2.42 217.82 389.74  90377.34
 26.0  9260.0 294.43   0.011528   2.36 181.35 379.66  90514.50
 26.0  9291.0 292.77   0.010094   2.35 155.44 370.83  90630.28
 26.0  9321.0 292.97   0.009714   2.40 172.96 363.86  90656.95
 26.0  9352.0 293.93   0.008939   2.60 217.95 354.13  90556.36
 26.0  9383.0 296.38   0.010218   2.74 233.64 374.10  90447.10
 26.0  9413.0 298.12   0.010878   2.85 241.83 386.10  90353.81
 26.0  9444.0 299.61   0.010997   2.90 264.76 390.59  90163.32
 26.0  9474.0 299.77   0.012604   2.59 249.71 402.20  90073.33
 27.0  9505.0 297.51   0.014730   2.16 245.58 401.64  90157.61
 27.0  9536.0 297.14   0.015402   1.96 239.13 402.11  90126.44
 27.0  9564.0 296.54   0.014610   2.14 243.99 397.04  90270.83
 27.0  9595.0 295.90   0.013371   2.25 222.87 389.55  90349.13
 27.0  9625.0 294.24   0.011466   2.37 188.73 376.40  90512.02
 27.0  9656.0 292.22   0.010115   2.28 156.95 368.07  90679.97
 27.0  9686.0 292.19   0.009431   2.40 170.07 359.96  90718.59
 27.0  9717.0 293.51   0.009195   2.49 203.06 357.71  90654.86
 27.0  9748.0 296.03   0.009214   2.75 249.47 363.36  90476.10
 27.0  9778.0 297.70   0.010391   2.84 248.83 381.37  90409.99
 27.0  9809.0 299.89   0.011068   2.93 272.75 391.21  90164.83
 27.0  9839.0 299.02   0.012937   2.59 256.49 399.95  90143.23
 28.0  9870.0 298.33   0.013885   2.24 241.72 401.33  90113.99
 28.0  9901.0 297.54   0.015179   2.10 241.17 402.43  90142.31
 28.0  9929.0 297.28   0.013913   2.28 239.86 397.27  90257.22
 28.0  9960.0 296.62   0.012523   2.36 218.03 389.10  90352.12
 28.0  9990.0 294.98   0.011191   2.37 195.66 377.19  90487.08
 28.0 10021.0 293.44   0.010401   2.36 168.88 368.94  90589.91
 28.0 10051.0 292.07   0.008958   2.38 175.92 356.50  90732.30
 28.0 10082.0 293.74   0.009221   2.54 206.49 357.61  90600.38
 28.0 10113.0 295.64   0.009296   2.74 239.42 364.01  90571.53
 28.0 10143.0 298.48   0.010709   2.89 254.19 384.08  90295.25
 28.0 10174.0 299.36   0.011505   2.87 268.56 391.23  90166.78
 28.0 10204.0 297.76   0.013672   2.35 247.47 397.73  90139.04
 29.0 10235.0 297.13   0.014855   2.06 245.11 400.07  90106.64
 29.0 10266.0 296.52   0.014874   2.14 254.73 396.89  90175.62
 29.0 10294.0 296.22   0.014848   2.09 244.93 395.29  90202.75
 29.0 10325.0 295.50   0.013592   2.34 224.93 389.63  90390.42
 29.0 10355.0 294.23   0.011391   2.34 184.96 378.35  90531.81
 29.0 10386.0 292.34   0.010293   2.31 161.07 367.69  90696.04
 29.0 10416.0 292.00   0.009394   2.39 171.47 360.27  90773.66
 29.0 10447.0 293.45   0.008908   2.51 206.48 354.13  90648.94
 29.0 10478.0 295.28   0.009792   2.68 231.42 367.03  90566.50
 29.0 10508.0 297.27   0.010074   2.74 240.34 377.40  90416.81
 29.0 10539.0 299.26   0.011471   2.82 261.95 393.36  90238.59
 29.0 10569.0 298.73   0.012950   2.47 249.49 398.62  90119.97
 30.0 10600.0 297.01   0.015101   2.11 253.78 399.68  90145.40
 30.0 10631.0 296.59   0.015862   1.87 242.17 399.93  90111.86
 30.0 10659.0 296.36   0.014971   2.08 243.35 397.27  90259.38
 30.0 10690.0 295.83   0.013589   2.32 226.34 391.76  90388.67
 30.0 10720.0 293.91   0.011768   2.30 183.13 380.30  90533.68
 30.0 10751.0 292.51   0.010730   2.22 153.59 373.74  90635.34
 30.0 10781.0 292.01   0.009210   2.39 175.28 356.90  90713.13
 30.0 10812.0 294.04   0.009491   2.53 205.93 361.23  90556.12
 30.0 10843.0 295.67   0.010029   2.67 228.86 371.59  90526.42
 30.0 10873.0 298.00   0.010720   2.83 256.38 383.00  90345.81
 30.0 10904.0 299.64   0.011323   2.87 269.66 390.07  90167.32
 30.0 10934.0 298.96   0.012631   2.57 237.06 399.66  90171.70
 31.0 10965.0 298.13   0.014507   2.24 243.48 403.69  90130.97
 31.0 10996.0 297.54   0.015498   2.08 252.70 402.28  90140.84
 31.0 11024.0 297.13   0.014855   2.14 233.90 399.32  90231.03
 31.0 11055.0 296.18   0.013418   2.28 209.93 393.92  90367.02
 31.0 11085.0 294.57   0.011317   2.35 183.73 378.40  90543.86
 31.0 11116.0 293.10   0.010437   2.31 156.52 373.09  90625.43
 31.0 11146.0 292.72   0.009723   2.38 166.09 366.45  90740.19
 31.0 11177.0 294.24   0.009565   2.54 201.59 363.70  90575.27
 31.0 11208.0 296.11   0.009899   2.73 231.09 370.47  90521.96
 31.0 11238.0 299.15   0.010806   2.88 261.08 385.92  90247.88
 31.0 11269.0 298.77   0.012022   2.79 262.39 394.76  90257.55
 31.0 11299.0 299.25   0.013056   2.56 244.22 402.80  90151.98
 32.0 11330.0 297.93   0.014598   2.19 244.29 402.77  90172.84
 32.0 11361.0 297.19   0.014575   2.13 246.30 398.81  90213.56
 32.0 11389.0 297.09   0.014274   2.22 243.80 397.82  90308.25
 32.0 11420.0 296.22   0.013066   2.35 222.85 388.98  90366.94
 32.0 11450.0 294.53   0.011480   2.41 185.66 381.52  90554.50
 32.0 11481.0 293.21   0.010369   2.31 161.80 371.92  90618.41
 32.0 11511.0 292.89   0.009705   2.37 169.80 366.40  90664.62
 32.0 11542.0 293.81   0.009052   2.56 211.92 354.60  90549.89
 32.0 11573.0 296.27   0.009516   2.80 250.10 362.97  90467.41
 32.0 11603.0 298.17   0.010464   2.89 252.72 381.15  90337.39
 32.0 11634.0 298.88   0.011797   2.77 255.87 393.98  90237.54
 32.0 11664.0 298.88   0.012744   2.61 257.59 398.19  90115.08
 33.0 11695.0 297.45   0.014253   2.19 241.25 400.36  90145.80
 33.0 11726.0 297.52   0.014856   2.12 234.36 402.78  90125.75
 33.0 11754.0 297.52   0.013737   2.28 235.26 397.72  90214.24
 33.0 11785.0 296.57   0.012456   2.42 211.70 390.21  90340.48
 33.0 11815.0 295.14   0.011750   2.38 178.48 383.31  90425.34
 33.0 11846.0 293.15   0.010277   2.36 158.78 373.29  90593.69
 33.0 11876.0 291.90   0.009105   2.40 172.09 358.26  90731.85
 33.0 11907.0 293.81   0.009226   2.54 205.37 357.50  90557.33
 33.0 11938.0 295.82   0.009932   2.76 231.35 369.20  90453.62
 33.0 11968.0 298.37   0.011177   2.88 247.26 388.00  90259.38
 33.0 11999.0 298.85   0.011549   2.76 246.50 393.67  90182.19
 33.0 12029.0 298.51   0.012510   2.57 244.10 397.36  90187.34
 34.0 12060.0 297.84   0.014216   2.12 241.93 400.77  90084.05
 34.0 12091.0 297.74   0.014385   2.15 233.42 401.86  90178.74
 34.0 12119.0 297.72   0.013902   2.26 236.47 400.18  90219.19
 34.0 12150.0 296.63   0.012326   2.33 214.08 386.71  90360.89
 34.0 12180.0 294.27   0.010806   2.43 183.46 375.84  90562.47
 34.0 12211.0 292.72   0.009999   2.32 155.28 369.07  90719.80
 34.0 12241.0 293.09   0.009749   2.38 174.21 364.36  90606.71
 34.0 12272.0 292.97   0.008888   2.53 207.54 354.23  90658.22
 34.0 12303.0 296.12   0.009694   2.76 236.39 367.82  90452.38
 34.0 12333.0 298.33   0.009902   2.93 265.02 375.93  90318.90
 34.0 12364.0 299.90   0.011012   2.89 270.14 391.01  90155.38
 34.0 12394.0 299.28   0.012208   2.64 251.60 397.11  90130.73
 35.0 12425.0 296.85   0.014927   2.05 243.50 399.44  90147.58
 35.0 12456.0 296.61   0.015095   2.06 262.36 395.76  90176.50
 35.0 12484.0 296.43   0.014152   2.16 246.32 393.41  90270.93
 35.0 12515.0 295.98   0.012914   2.26 226.97 385.96  90349.56
 35.0 12545.0 294.32   0.011372   2.26 184.79 377.40  90475.66
 35.0 12576.0 292.75   0.010314   2.33 158.02 370.78  90698.33
 35.0 12606.0 291.54   0.009296   2.37 160.33 362.43  90808.97
 35.0 12637.0 292.99   0.008971   2.53 206.11 355.14  90673.09
 35.0 12668.0 295.73   0.009385   2.79 241.33 362.84  90543.88
 35.0 12698.0 298.10   0.010792   2.83 251.34 384.81  90292.36
 35.0 12729.0 299.11   0.011258   2.82 271.92 389.64  90228.91
 35.0 12759.0 298.79   0.012786   2.53 249.80 399.68  90154.66
 36.0 12790.0 297.66   0.014804   2.13 245.34 402.06  90105.43
 36.0 12821.0 296.90   0.016022   1.97 247.58 402.30  90106.94
 36.0 12849.0 296.71   0.014535   2.16 241.67 397.09  90227.47
 36.0 12880.0 296.40   0.013303   2.19 204.62 394.22  90347.58
 36.0 12910.0 294.26   0.011303   2.33 179.22 377.50  90528.21
 36.0 12941.0 292.38   0.009787   2.31 157.48 366.90  90686.70
 36.0 12971.0 292.04   0.008678   2.39 172.14 352.56  90668.50
 36.0 13002.0 294.45   0.009254   2.59 217.56 357.14  90536.77
 36.0 13033.0 296.46   0.009558   2.75 233.84 369.21  90418.30
 36.0 13063.0 298.30   0.010495   2.84 256.63 381.81  90312.53
 36.0 13094.0 299.90   0.011419   2.83 252.97 394.00  90127.48
 36.0 13124.0 297.90   0.013344   2.38 239.06 398.18  90129.41
 37.0 13155.0 297.36   0.014911   2.09 245.58 401.34  90157.56
 37.0 13186.0 297.03   0.015626   1.95 237.48 403.24  90176.41
 37.0 13214.0 296.56   0.015158   2.05 240.71 398.44  90231.14
 37.0 13245.0 295.76   0.013165   2.27 224.53 389.03  90414.82
 37.0 13275.0 293.71   0.011214   2.32 178.78 376.60  90565.69
 37.0 13306.0 292.60   0.010200   2.34 169.18 368.10  90630.77
 37.0 13336.0 292.36   0.009385   2.35 172.07 360.97  90693.38
 37.0 13367.0 294.75   0.009282   2.58 222.44 356.89  90513.41
 37.0 13398.0 296.84   0.010036   2.68 238.63 372.61  90428.16
 37.0 13428.0 297.94   0.010623   2.82 255.59 382.32  90418.05
 37.0 13459.0 299.91   0.011456   2.76 262.22 394.15  90162.01
 37.0 13489.0 298.00   0.013797   2.37 247.08 399.46  90176.89
 38.0 13520.0 298.39   0.015123   2.12 251.04 405.04  90068.91
 38.0 13551.0 297.75   0.014666   2.12 249.89 402.80  90173.28
 38.0 13579.0 298.02   0.013972   2.31 246.88 400.53  90262.30
 38.0 13610.0 297.15   0.012669   2.45 224.16 392.03  90382.18
 38.0 13640.0 294.75   0.011750   2.33 181.09 381.89  90534.05
 38.0 13671.0 293.58   0.010310   2.33 166.14 370.66  90600.88
 38.0 13701.0 292.91   0.009392   2.46 175.53 362.91  90745.17
 38.0 13732.0 293.74   0.009280   2.53 198.76 361.97  90596.60
 38.0 13763.0 296.94   0.009465   2.79 258.97 361.16  90394.59
 38.0 13793.0 298.11   0.010775   2.89 257.99 383.33  90335.38
 38.0 13824.0 299.76   0.010956   2.94 277.40 389.10  90217.05
 38.0 13854.0 299.02   0.012822   2.51 244.14 401.09  90149.39
 39.0 13885.0 298.56   0.013951   2.19 240.91 403.43  90114.48
 39.0 13916.0 296.69   0.015918   1.78 242.56 400.13  90123.66
 39.0 13944.0 296.77   0.014759   2.06 241.27 397.10  90282.25
 39.0 13975.0 295.79   0.013205   2.33 220.33 390.88  90450.03
 39.0 14005.0 294.12   0.011733   2.30 175.34 381.49  90545.41
 39.0 14036.0 292.42   0.010203   2.23 152.24 367.60  90647.51
 39.0 14066.0 292.60   0.009082   2.41 190.58 350.50  90677.14
 39.0 14097.0 293.40   0.009423   2.52 197.01 360.07  90623.48
 39.0 14128.0 296.66   0.009601   2.76 248.90 365.51  90464.21
 39.0 14158.0 298.51   0.011052   2.80 252.12 386.42  90325.05
 39.0 14189.0 299.38   0.012016   2.78 250.75 397.39  90196.13
 39.0 14219.0 299.01   0.012724   2.62 242.27 400.26  90218.20
 40.0 14250.0 298.09   0.014517   2.28 244.81 403.99  90216.06
 40.0 14281.0 298.43   0.014339   2.29 241.28 405.02  90195.44
 40.0 14309.0 297.97   0.014818   2.26 233.62 404.87  90238.68
 40.0 14340.0 297.35   0.013504   2.35 219.15 396.64  90266.75
 40.0 14370.0 295.37   0.011602   2.39 184.05 382.49  90494.86
 40.0 14401.0 293.61   0.010483   2.39 166.23 370.94  90637.89
 40.0 14431.0 293.06   0.009623   2.40 170.32 364.01  90698.10
 40.0 14462.0 293.41   0.008846   2.59 202.85 356.84  90712.34
 40.0 14493.0 296.74   0.009399   2.80 253.92 364.96  90483.16
 40.0 14523.0 298.37   0.009956   2.87 263.83 375.62  90414.38
 40.0 14554.0 299.07   0.012157   2.78 248.06 398.06  90242.55
 40.0 14584.0 299.52   0.012921   2.49 238.58 404.16  90090.42
 41.0 14615.0 297.78   0.014870   2.09 235.31 404.05  90151.66
 41.0 14646.0 297.16   0.015986   1.90 239.30 403.47  90138.73
 41.0 14674.0 296.60   0.014944   2.06 243.45 397.15  90288.89
 41.0 14705.0 296.03   0.012290   2.34 216.76 386.42  90395.29
 41.0 14735.0 294.68   0.011621   2.31 182.97 382.15  90480.42
 41.0 14766.0 292.44   0.009876   2.29 160.61 367.49  90697.42
 41.0 14796.0 292.53   0.009210   2.34 178.17 356.88  90699.84
 41.0 14827.0 293.68   0.008645   2.60 227.10 345.72  90644.00
 41.0 14858.0 296.06   0.009568   2.69 242.31 365.15  90500.84
 41.0 14888.0 298.09   0.010770   2.83 242.43 381.87  90333.78
 41.0 14919.0 299.18   0.011861   2.67 245.98 396.20  90124.95
 41.0 14949.0 297.49   0.013286   2.26 242.51 395.94  90163.83
 42.0 14980.0 297.59   0.014326   2.17 250.70 399.62  90197.54
 42.0 15011.0 297.41   0.014508   1.98 227.55 401.62  90164.55
 42.0 15039.0 297.07   0.013714   2.17 233.10 395.40  90214.92
 42.0 15070.0 296.21   0.012485   2.33 216.64 388.26  90379.84
 42.0 15100.0 293.98   0.011191   2.36 182.39 376.45  90557.67
 42.0 15131.0 292.06   0.009643   2.27 146.43 367.43  90690.06
 42.0 15161.0 292.10   0.009504   2.34 164.48 362.32  90721.34
 42.0 15192.0 294.03   0.009151   2.58 212.35 360.07  90645.05
 42.0 15223.0 296.78   0.009190   2.81 246.62 363.29  90444.98
 42.0 15253.0 298.29   0.010660   2.88 252.03 383.45  90342.06
 42.0 15284.0 299.46   0.011696   2.74 255.95 394.76  90138.09
 42.0 15314.0 297.95   0.013423   2.38 238.27 398.12  90153.55
 43.0 15345.0 298.19   0.013782   2.19 234.89 403.06  90177.53
 43.0 15376.0 297.91   0.015100   2.05 234.22 405.72  90117.95
 43.0 15404.0 296.53   0.014843   2.10 243.70 397.07  90237.19
 43.0 15435.0 295.53   0.012731   2.30 210.66 389.25  90428.94
 43.0 15465.0 294.14   0.011435   2.27 175.22 379.43  90511.42
 43.0 15496.0 292.22   0.010245   2.33 151.90 370.55  90677.53
 43.0 15526.0 291.72   0.009375   2.31 162.65 360.01  90737.02
 43.0 15557.0 293.66   0.009264   2.53 201.72 359.17  90575.26
 43.0 15588.0 295.97   0.009296   2.76 248.82 359.30  90427.75
 43.0 15618.0 298.26   0.010433   2.94 267.12 378.47  90334.58
 43.0 15649.0 298.17   0.011937   2.72 258.60 390.31  90174.93
 43.0 15679.0 298.36   0.012978   2.51 252.51 397.91  90152.59
 44.0 15710.0 296.91   0.015297   1.96 241.72 399.92  90111.25
 44.0 15741.0 296.30   0.014995   2.00 253.19 396.06  90168.52
 44.0 15769.0 296.08   0.014478   2.05 233.42 393.83  90234.47
 44.0 15800.0 295.89   0.012833   2.30 214.74 388.86  90325.70
 44.0 15830.0 293.95   0.011467   2.31 181.90 378.77  90547.45
 44.0 15861.0 292.63   0.010450   2.26 156.02 371.86  90664.86
 44.0 15891.0 292.27   0.009476   2.35 174.13 359.81  90742.72
 44.0 15922.0 294.01   0.009327   2.55 205.53 360.72  90583.02
 44.0 15953.0 295.69   0.009580   2.71 238.74 364.46  90526.39
 44.0 15983.0 298.27   0.010894   2.90 258.13 384.05  90352.22
 44.0 16014.0 298.89   0.011794   2.81 264.05 390.94  90248.81
 44.0 16044.0 298.72   0.013045   2.53 243.71 401.01  90161.03
 45.0 16075.0 297.42   0.014607   2.22 250.97 400.53  90157.42
 45.0 16106.0 296.72   0.015375   2.02 251.95 399.03  90193.27
 45.0 16134.0 297.10   0.014420   2.12 241.71 397.40  90260.81
 45.0 16165.0 296.54   0.013148   2.32 224.09 391.06  90357.05
 45.0 16195.0 294.82   0.012305   2.33 189.17 385.36  90543.40
 45.0 16226.0 292.33   0.010337   2.37 160.70 370.35  90726.39
 45.0 16256.0 292.47   0.009900   2.29 159.35 366.92  90707.98
 45.0 16287.0 293.16   0.009189   2.51 206.58 353.73  90670.12
 45.0 16318.0 295.88   0.009490   2.74 241.94 363.82  90510.42
 45.0 16348.0 298.21   0.010762   2.87 258.55 383.33  90361.75
 45.0 16379.0 299.85   0.012012   2.80 255.72 397.62  90169.58
 45.0 16409.0 298.56   0.013407   2.48 249.14 400.72  90198.83
 46.0 16440.0 298.30   0.014147   2.28 246.56 402.64  90199.75
 46.0 16471.0 297.44   0.015180   2.07 249.60 401.69  90185.26
 46.0 16499.0 297.74   0.014582   2.23 233.33 403.06  90199.62
 46.0 16530.0 296.98   0.013008   2.37 221.03 393.64  90325.91
 46.0 16560.0 294.95   0.011742   2.31 185.30 383.25  90470.05
 46.0 16591.0 293.26   0.010373   2.32 161.77 371.72  90633.03
 46.0 16621.0 292.84   0.009304   2.34 173.48 361.54  90712.73
 46.0 16652.0 293.46   0.009272   2.59 199.94 361.45  90649.97
 46.0 16683.0 296.07   0.010040   2.69 233.07 368.07  90466.75
 46.0 16713.0 298.61   0.010737   2.89 256.67 384.62  90306.93
 46.0 16744.0 299.61   0.011596   2.84 259.78 392.74  90170.80
 46.0 16774.0 299.06   0.013218   2.43 248.73 401.10  90106.86
 47.0 16805.0 297.68   0.014204   2.12 246.34 400.59  90085.55
 47.0 16836.0 296.67   0.015264   1.92 243.79 398.28  90169.31
 47.0 16864.0 296.69   0.014492   2.09 239.00 397.03  90253.61
 47.0 16895.0 295.72   0.012998   2.30 214.19 391.37  90419.29
 47.0 16925.0 294.40   0.011632   2.34 178.34 383.07  90575.31
 47.0 16956.0 292.94   0.010410   2.34 161.68 371.57  90696.66
 47.0 16986.0 292.58   0.009557   2.35 173.72 361.49  90663.35
 47.0 17017.0 293.32   0.009062   2.56 205.52 357.63  90690.12
 47.0 17048.0 296.72   0.009697   2.78 244.50 367.58  90473.48
 47.0 17078.0 298.79   0.010769   2.95 268.10 382.35  90315.11
 47.0 17109.0 300.01   0.011611   2.88 269.99 396.31  90173.74
 47.0 17139.0 298.77   0.013359   2.51 253.11 400.88  90165.84
 48.0 17170.0 298.13   0.014734   2.20 257.64 401.48  90117.91
 48.0 17201.0 297.42   0.014825   2.18 242.88 402.81  90209.47
 48.0 17229.0 297.45   0.014365   2.24 240.88 399.28  90284.53
 48.0 17260.0 296.37   0.012694   2.35 205.50 391.09  90408.70
 48.0 17290.0 295.39   0.011936   2.32 176.54 386.97  90454.38
 48.0 17321.0 293.24   0.010809   2.37 154.62 376.94  90650.52
 48.0 17351.0 292.94   0.009634   2.36 171.21 362.97  90621.72
 48.0 17382.0 294.36   0.009140   2.61 218.20 354.30  90577.88
 48.0 17413.0 296.21   0.009735   2.78 237.34 368.41  90561.00
 48.0 17443.0 297.96   0.011075   2.82 243.34 387.63  90431.00
 48.0 17474.0 298.88   0.011926   2.78 246.88 396.92  90278.00
 48.0 17504.0 298.46   0.013628   2.45 252.77 399.11  90214.86
 49.0 17535.0 297.76   0.014712   2.18 250.14 401.37  90212.53
 49.0 17566.0 297.26   0.015586   2.03 247.56 403.70  90176.20
 49.0 17594.0 297.27   0.014944   2.10 244.44 400.66  90259.27
 49.0 17625.0 296.96   0.013600   2.34 227.83 394.23  90369.12
 49.0 17655.0 294.69   0.011779   2.36 184.02 383.98  90573.85
 49.0 17686.0 294.27   0.010885   2.24 170.88 375.45  90554.94
 49.0 17716.0 293.28   0.009777   2.36 175.97 364.22  90643.16
 49.0 17747.0 293.30   0.008990   2.52 197.40 358.84  90688.47
 49.0 17778.0 296.46   0.009304   2.72 244.44 364.79  90504.48
 49.0 17808.0 297.97   0.010988   2.81 242.52 386.94  90410.97
 49.0 17839.0 299.54   0.011838   2.81 254.26 397.33  90205.38
 49.0 17869.0 298.96   0.012524   2.59 234.89 402.25  90213.02
 50.0 17900.0 298.44   0.014111   2.29 242.37 404.17  90131.54
 50.0 17931.0 296.39   0.015962   1.99 246.71 399.17  90237.61
 50.0 17959.0 296.77   0.014616   2.15 238.61 398.58  90235.27
 50.0 17990.0 296.21   0.013306   2.40 225.07 391.03  90380.62
 50.0 18020.0 294.76   0.012064   2.40 194.65 382.66  90519.44
 50.0 18051.0 292.93   0.010620   2.30 158.00 373.99  90661.27
 50.0 18081.0 292.35   0.009969   2.28 152.65 368.09  90762.95
 50.0 18112.0 293.66   0.009370   2.56 206.37 358.81  90602.89
 50.0 18143.0 296.54   0.010527   2.71 223.44 374.44  90450.84
 50.0 18173.0 298.37   0.011156   2.87 240.68 389.31  90427.97
 50.0 18204.0 299.99   0.011891   2.86 262.85 397.57  90153.09
 50.0 18234.0 298.68   0.013848   2.46 246.78 402.72  90181.42
 51.0 18265.0 297.27   0.015730   2.03 252.14 402.48  90203.36
 51.0 18296.0 297.00   0.015289   2.04 255.92 398.09  90207.48
 51.0 18324.0 297.29   0.015451   2.17 247.87 402.16  90273.53
 51.0 18355.0 295.75   0.013492   2.28 218.41 391.01  90473.93
 51.0 18385.0 295.08   0.012149   2.32 188.74 384.39  90487.80
 51.0 18416.0 292.87   0.010636   2.30 157.02 373.13  90708.63
 51.0 18446.0 293.01   0.009780   2.36 170.97 366.33  90713.16
 51.0 18477.0 293.68   0.009471   2.52 196.60 362.22  90699.30
 51.0 18508.0 296.44   0.009370   2.75 251.47 361.67  90534.38
 51.0 18538.0 298.40   0.010975   2.89 256.33 384.94  90406.95
 51.0 18569.0 299.82   0.011770   2.87 255.35 398.86  90240.73
 51.0 18599.0 298.82   0.013768   2.42 253.41 402.16  90164.59
 52.0 18630.0 296.93   0.015451   1.99 244.67 400.75  90170.98
 52.0 18661.0 296.07   0.015921   1.93 247.63 398.08  90242.55
 52.0 18689.0 296.80   0.014250   2.09 241.11 396.29  90314.45
 52.0 18720.0 296.44   0.013561   2.27 225.10 391.97  90351.50
 52.0 18750.0 295.08   0.012266   2.31 186.41 385.15  90507.23
 52.0 18781.0 293.39   0.010854   2.29 163.44 373.88  90631.38
 52.0 18811.0 292.89   0.009842   2.34 175.12 364.67  90682.38
 52.0 18842.0 293.54   0.009536   2.52 203.92 360.27  90668.36
 52.0 18873.0 295.83   0.009100   2.73 242.93 361.44  90600.34
 52.0 18903.0 298.17   0.010311   2.84 255.28 379.65  90386.62
 52.0 18934.0 298.94   0.012330   2.75 247.65 398.88  90237.39
 52.0 18964.0 298.94   0.013718   2.47 245.42 404.64  90174.06
 53.0 18995.0 297.59   0.014874   2.20 249.26 402.42  90182.91
 53.0 19026.0 298.63   0.014846   2.26 248.58 406.05  90176.33
 53.0 19054.0 297.62   0.014296   2.27 234.64 401.15  90301.14
 53.0 19085.0 297.27   0.013157   2.39 212.75 396.57  90388.09
 53.0 19115.0 295.41   0.011604   2.38 182.71 385.11  90537.52
 53.0 19146.0 294.00   0.010838   2.39 166.09 375.44  90625.88
 53.0 19176.0 292.85   0.009527   2.37 157.67 366.19  90770.89
 53.0 19207.0 294.81   0.009341   2.62 214.72 359.86  90535.45
 53.0 19238.0 296.39   0.009857   2.73 230.91 372.35  90534.20
 53.0 19268.0 299.29   0.010679   3.01 275.25 381.03  90321.06
 53.0 19299.0 299.27   0.012082   2.74 243.94 398.23  90234.23
 53.0 19329.0 299.05   0.013847   2.45 247.85 405.60  90182.30
 54.0 19360.0 297.54   0.015436   2.04 240.88 402.36  90124.74
 54.0 19391.0 297.18   0.015834   1.99 241.95 403.40  90193.75
 54.0 19419.0 297.37   0.015010   2.15 236.68 403.37  90277.16
 54.0 19450.0 296.89   0.013114   2.34 225.23 393.51  90390.22
 54.0 19480.0 294.74   0.011833   2.34 178.35 384.13  90540.70
 54.0 19511.0 293.14   0.010624   2.35 159.64 373.34  90716.02
 54.0 19541.0 292.75   0.009705   2.38 160.82 366.09  90710.89
 54.0 19572.0 293.53   0.009311   2.53 199.58 359.25  90683.56
 54.0 19603.0 296.50   0.009061   2.78 256.18 361.51  90530.06
 54.0 19633.0 298.56   0.010921   2.83 256.47 382.53  90336.20
 54.0 19664.0 299.44   0.011422   2.86 269.68 391.43  90261.41
 54.0 19694.0 298.79   0.013634   2.47 247.74 402.19  90211.80
 55.0 19725.0 297.65   0.015363   2.06 243.86 403.22  90212.38
 55.0 19756.0 296.29   0.016453   1.89 255.28 398.72  90231.64
 55.0 19784.0 297.18   0.015375   2.04 248.07 401.63  90219.25
 55.0 19815.0 296.49   0.013355   2.28 224.44 393.09  90394.70
 55.0 19845.0 294.53   0.011600   2.29 182.39 382.27  90544.75
 55.0 19876.0 293.40   0.010766   2.28 154.37 376.20  90646.27
 55.0 19906.0 292.17   0.009280   2.40 165.83 362.27  90807.39
 55.0 19937.0 293.72   0.009314   2.49 203.67 357.84  90598.73
 55.0 19968.0 296.54   0.010539   2.70 235.04 373.40  90465.91
 55.0 19998.0 297.98   0.010612   2.89 264.16 380.00  90449.35
 55.0 20029.0 299.76   0.012092   2.84 262.71 399.26  90223.11
 55.0 20059.0 299.09   0.013108   2.54 249.18 400.59  90166.20
