  1.0    15.0 295.03   0.016088   1.37 206.38 390.02  89300.90
  1.0    46.0 295.69   0.015815   1.69 204.75 393.44  89279.95
  1.0    74.0 296.45   0.013781   2.28 200.43 396.42  89252.46
  1.0   105.0 296.07   0.013482   2.34 205.54 387.41  89249.70
  1.0   135.0 296.61   0.010919   2.86 214.93 376.33  89253.01
  1.0   166.0 296.15   0.011057   2.62 185.07 381.34  89297.23
  1.0   196.0 294.84   0.008375   3.33 233.44 350.99  89568.84
  1.0   227.0 297.58   0.008652   3.26 272.94 357.21  89335.36
  1.0   258.0 299.24   0.010865   2.62 252.37 385.89  89265.93
  1.0   288.0 298.65   0.013274   2.41 221.77 400.98  89209.57
  1.0   319.0 298.08   0.014397   1.92 207.11 401.29  89235.94
  1.0   349.0 295.38   0.015619   1.62 208.94 390.83  89316.83
  2.0   380.0 295.38   0.015508   1.56 206.17 390.89  89354.08
  2.0   411.0 295.40   0.015451   1.63 201.73 392.65  89322.88
  2.0   439.0 296.40   0.013962   2.10 214.00 388.71  89284.22
  2.0   470.0 295.79   0.012427   2.52 185.10 388.84  89347.15
  2.0   500.0 295.33   0.010945   2.87 192.49 378.22  89320.29
  2.0   531.0 294.75   0.009759   2.90 182.41 369.22  89418.97
  2.0   561.0 295.71   0.009540   2.98 211.43 365.86  89397.82
  2.0   592.0 297.87   0.010666   2.92 214.65 382.20  89261.41
  2.0   623.0 299.19   0.010963   2.75 244.89 388.00  89196.45
  2.0   653.0 298.13   0.014324   2.12 212.38 402.85  89143.10
  2.0   684.0 296.38   0.015690   1.77 209.94 398.32  89249.66
  2.0   714.0 294.91   0.015801   1.63 207.03 389.79  89357.07
  3.0   745.0 294.81   0.015645   1.60 201.94 388.60  89315.19
  3.0   776.0 296.00   0.015406   1.52 207.95 394.52  89270.68
  3.0   804.0 296.62   0.014489   2.08 216.42 392.81  89293.79
  3.0   835.0 296.60   0.012868   2.45 199.79 389.00  89248.12
  3.0   865.0 295.73   0.010439   3.05 195.97 374.70  89393.02
  3.0   896.0 294.63   0.010060   3.04 170.48 374.41  89453.96
  3.0   926.0 295.18   0.008653   3.16 220.33 357.09  89467.13
  3.0   957.0 296.86   0.008415   3.17 261.06 354.54  89397.15
  3.0   988.0 299.20   0.009595   3.06 270.57 375.63  89206.88
  3.0  1018.0 298.57   0.011169   2.55 245.12 385.94  89272.72
  3.0  1049.0 296.87   0.013734   2.07 215.54 394.56  89297.88
  3.0  1079.0 295.82   0.014466   1.69 201.42 391.46  89299.42
  4.0  1110.0 295.18   0.014981   1.63 210.02 388.73  89251.71
  4.0  1141.0 294.92   0.015214   1.51 214.50 388.19  89344.91
  4.0  1169.0 295.40   0.014543   2.01 212.29 387.95  89291.25
  4.0  1200.0 294.97   0.012364   2.66 186.59 384.58  89367.03
  4.0  1230.0 294.53   0.010717   2.88 171.15 376.85  89429.42
  4.0  1261.0 293.95   0.008925   3.12 200.90 357.29  89495.55
  4.0  1291.0 295.15   0.008988   3.26 219.20 357.80  89452.47
  4.0  1322.0 297.39   0.009059   3.22 250.63 366.56  89435.42
  4.0  1353.0 299.44   0.010235   3.06 281.45 378.44  89204.02
  4.0  1383.0 299.71   0.012429   2.33 230.65 402.57  89186.91
  4.0  1414.0 298.06   0.013381   2.05 210.80 399.77  89280.23
  4.0  1444.0 296.54   0.015052   1.75 221.31 394.96  89287.20
  5.0  1475.0 296.61   0.014887   1.72 215.12 393.46  89338.50
  5.0  1506.0 296.23   0.015161   1.83 206.29 394.17  89330.34
  5.0  1534.0 296.16   0.015102   2.00 209.08 394.59  89294.02
  5.0  1565.0 296.73   0.013102   2.41 191.80 392.57  89231.93
  5.0  1595.0 295.79   0.011297   2.86 185.62 382.97  89362.97
  5.0  1626.0 294.25   0.009288   3.09 183.98 365.31  89470.94
  5.0  1656.0 296.22   0.008868   3.17 231.03 355.97  89369.84
  5.0  1687.0 299.27   0.008581   3.04 283.94 361.06  89189.79
  5.0  1718.0 298.83   0.010831   2.93 229.79 388.89  89225.83
  5.0  1748.0 297.56   0.014716   1.98 211.84 399.89  89241.96
  5.0  1779.0 296.63   0.015141   2.00 223.08 397.35  89219.92
  5.0  1809.0 294.68   0.016147   1.45 217.94 388.89  89300.45
  6.0  1840.0 295.18   0.015813   1.44 221.45 390.26  89335.49
  6.0  1871.0 295.53   0.015394   1.55 205.79 393.62  89323.59
  6.0  1899.0 296.47   0.013446   1.95 195.40 392.20  89320.80
  6.0  1930.0 295.72   0.012643   2.52 191.75 386.56  89362.44
  6.0  1960.0 295.43   0.011259   2.89 191.06 379.69  89356.02
  6.0  1991.0 295.06   0.009156   3.05 217.28 358.17  89435.05
  6.0  2021.0 294.72   0.008476   3.33 233.05 348.40  89513.22
  6.0  2052.0 297.65   0.009506   2.90 247.25 368.64  89207.30
  6.0  2083.0 299.89   0.010096   2.77 266.45 381.58  89120.06
  6.0  2113.0 299.35   0.012559   2.44 239.82 398.86  89154.46
  6.0  2144.0 296.33   0.015393   1.72 202.59 396.95  89274.84
  6.0  2174.0 295.24   0.015632   1.55 203.20 392.14  89290.77
  7.0  2205.0 294.39   0.015646   1.56 217.90 386.37  89333.89
  7.0  2236.0 296.23   0.014869   1.61 189.76 396.33  89247.59
  7.0  2264.0 295.81   0.014075   2.29 209.20 392.60  89294.32
  7.0  2295.0 296.12   0.011914   2.70 212.51 382.07  89304.59
  7.0  2325.0 296.15   0.010617   2.92 214.63 371.67  89355.93
  7.0  2356.0 294.55   0.009389   2.94 197.43 365.13  89451.67
  7.0  2386.0 296.08   0.007758   3.41 268.79 340.57  89395.65
  7.0  2417.0 298.11   0.008332   3.22 286.05 354.18  89311.48
  7.0  2448.0 299.42   0.010524   2.92 259.80 379.81  89249.89
  7.0  2478.0 299.44   0.012755   2.29 238.88 395.81  89128.25
  7.0  2509.0 298.77   0.013582   2.00 215.34 399.22  89149.71
  7.0  2539.0 295.45   0.015818   1.52 198.11 392.43  89341.18
  8.0  2570.0 295.21   0.015396   1.65 204.85 389.49  89293.16
  8.0  2601.0 295.58   0.015623   1.46 200.70 393.95  89301.71
  8.0  2629.0 297.15   0.013664   2.12 216.70 390.07  89194.41
  8.0  2660.0 296.56   0.012343   2.55 196.70 390.83  89225.32
  8.0  2690.0 296.18   0.010699   2.79 197.67 377.34  89267.96
  8.0  2721.0 295.61   0.010221   2.81 185.80 371.92  89251.64
  8.0  2751.0 295.60   0.008287   3.26 244.56 349.16  89449.64
  8.0  2782.0 298.75   0.008446   3.02 279.87 359.36  89174.21
  8.0  2813.0 298.79   0.012020   2.39 228.09 396.30  89182.36
  8.0  2843.0 298.96   0.013019   2.17 235.29 397.91  89232.66
  8.0  2874.0 297.25   0.015027   1.78 194.92 400.89  89212.23
  8.0  2904.0 294.99   0.015865   1.45 205.30 390.24  89288.79
  9.0  2935.0 294.36   0.015728   1.57 213.18 385.94  89281.67
  9.0  2966.0 294.93   0.015724   1.52 217.39 387.39  89329.80
  9.0  2994.0 296.21   0.014650   1.75 210.66 393.69  89259.44
  9.0  3025.0 296.08   0.013088   2.20 190.89 390.30  89302.91
  9.0  3055.0 296.02   0.011599   2.58 192.41 384.55  89291.93
  9.0  3086.0 295.03   0.011019   2.73 165.51 380.05  89412.34
  9.0  3116.0 295.15   0.009075   3.09 214.72 359.41  89469.38
  9.0  3147.0 297.38   0.009788   2.88 234.10 372.31  89287.05
  9.0  3178.0 299.31   0.010271   2.69 253.87 382.88  89203.09
  9.0  3208.0 298.07   0.014462   1.85 228.96 396.88  89165.16
  9.0  3239.0 296.47   0.015501   1.72 214.87 398.15  89309.73
  9.0  3269.0 295.01   0.015818   1.51 208.74 389.88  89271.01
 10.0  3300.0 294.95   0.015692   1.40 208.02 389.27  89258.91
 10.0  3331.0 295.53   0.015739   1.55 191.22 393.90  89183.82
 10.0  3359.0 295.65   0.014844   1.99 209.14 392.04  89259.28
 10.0  3390.0 295.17   0.014223   2.13 191.16 390.53  89262.60
 10.0  3420.0 294.63   0.010844   2.75 213.91 364.96  89328.73
 10.0  3451.0 294.46   0.010155   2.99 186.62 369.97  89380.09
 10.0  3481.0 296.17   0.009461   2.93 228.12 360.99  89373.08
 10.0  3512.0 299.01   0.009005   2.64 261.54 367.57  89138.20
 10.0  3543.0 297.91   0.011321   2.53 230.36 381.95  89268.56
 10.0  3573.0 296.88   0.014309   2.03 218.11 394.60  89241.10
 10.0  3604.0 296.02   0.015546   1.71 204.65 395.79  89249.41
 10.0  3634.0 294.55   0.015904   1.45 210.38 389.19  89279.48
 11.0  3665.0 294.17   0.015639   1.46 229.25 383.36  89271.56
 11.0  3696.0 295.32   0.015035   1.51 214.37 390.84  89328.07
 11.0  3724.0 295.73   0.014559   1.81 213.80 390.69  89239.06
 11.0  3755.0 295.41   0.012397   2.59 205.55 384.09  89355.37
 11.0  3785.0 294.45   0.010815   2.76 183.64 376.65  89398.53
 11.0  3816.0 293.41   0.010269   3.02 162.45 370.74  89418.15
 11.0  3846.0 294.84   0.007821   3.20 249.85 342.70  89482.83
 11.0  3877.0 297.50   0.008183   3.17 291.81 347.35  89308.09
 11.0  3908.0 298.22   0.011370   2.68 228.92 388.54  89272.62
 11.0  3938.0 299.63   0.011776   2.48 250.68 392.95  89102.96
 11.0  3969.0 296.65   0.014405   1.96 216.37 394.18  89284.92
 11.0  3999.0 295.37   0.015677   1.55 205.99 392.73  89312.38
 12.0  4030.0 295.26   0.015478   1.53 225.28 388.95  89327.25
 12.0  4061.0 295.87   0.015185   1.68 214.87 392.43  89373.69
 12.0  4089.0 295.52   0.014760   1.82 204.11 390.70  89342.70
 12.0  4120.0 296.12   0.012663   2.38 203.50 382.70  89233.25
 12.0  4150.0 294.94   0.011336   2.78 175.22 380.28  89322.02
 12.0  4181.0 294.64   0.010354   3.01 173.31 373.27  89388.22
 12.0  4211.0 296.43   0.009366   3.05 220.51 366.31  89347.23
 12.0  4242.0 298.49   0.009798   3.12 257.52 371.27  89210.95
 12.0  4273.0 298.42   0.012747   2.50 213.53 399.62  89242.19
 12.0  4303.0 297.51   0.014824   2.15 228.04 399.84  89283.34
 12.0  4334.0 296.26   0.015712   1.84 212.16 396.58  89312.93
 12.0  4364.0 295.23   0.016218   1.55 215.86 392.17  89294.27
 13.0  4395.0 294.42   0.015883   1.44 222.83 387.11  89409.82
 13.0  4426.0 295.34   0.015744   1.56 218.56 391.30  89370.34
 13.0  4454.0 296.53   0.014334   2.01 221.71 393.45  89303.11
 13.0  4485.0 295.71   0.011785   2.60 220.82 376.50  89346.43
 13.0  4515.0 295.23   0.011927   2.62 179.62 385.30  89380.54
 13.0  4546.0 295.22   0.009472   2.96 216.00 360.65  89391.54
 13.0  4576.0 295.04   0.008435   3.32 239.36 349.20  89493.14
 13.0  4607.0 297.33   0.008635   3.09 257.78 360.16  89339.55
 13.0  4638.0 298.07   0.010848   2.67 225.52 384.53  89291.34
 13.0  4668.0 298.24   0.013536   2.27 228.99 399.97  89256.17
 13.0  4699.0 296.53   0.014741   1.90 193.50 398.45  89183.58
 13.0  4729.0 294.59   0.015744   1.60 216.37 387.53  89314.44
 14.0  4760.0 294.33   0.015405   1.52 209.74 385.32  89383.29
 14.0  4791.0 295.38   0.014860   1.82 197.78 391.74  89268.86
 14.0  4819.0 296.38   0.013444   2.20 205.31 391.86  89238.62
 14.0  4850.0 296.44   0.012196   2.54 193.29 386.43  89217.07
 14.0  4880.0 295.61   0.011328   2.70 181.85 382.42  89282.86
 14.0  4911.0 295.64   0.008570   3.04 228.35 355.23  89378.64
 14.0  4941.0 296.00   0.007207   3.25 269.96 333.76  89391.73
 14.0  4972.0 297.89   0.008570   3.12 270.00 358.02  89239.41
 14.0  5003.0 299.59   0.009768   2.74 259.45 380.89  89216.23
 14.0  5033.0 298.82   0.013076   2.19 221.79 397.90  89218.98
 14.0  5064.0 296.90   0.014972   1.75 210.46 395.32  89248.71
 14.0  5094.0 295.06   0.015673   1.49 199.25 391.95  89307.22
 15.0  5125.0 294.57   0.015931   1.50 224.22 386.67  89322.73
 15.0  5156.0 295.25   0.015490   1.57 211.96 390.19  89296.84
 15.0  5184.0 296.87   0.013683   2.16 218.38 391.13  89255.48
 15.0  5215.0 295.94   0.012810   2.61 198.07 386.88  89313.59
 15.0  5245.0 296.30   0.010874   2.80 209.54 376.15  89268.76
 15.0  5276.0 294.33   0.009772   3.02 181.75 367.41  89468.05
 15.0  5306.0 295.34   0.008798   3.18 221.85 356.86  89431.20
 15.0  5337.0 298.12   0.010597   2.49 228.38 378.82  89177.53
 15.0  5368.0 299.90   0.010773   2.66 252.78 388.49  89172.64
 15.0  5398.0 297.56   0.014054   2.12 210.94 397.72  89276.89
 15.0  5429.0 297.29   0.015041   1.81 208.07 399.40  89260.13
 15.0  5459.0 295.15   0.015898   1.51 220.46 390.28  89397.37
 16.0  5490.0 294.96   0.015593   1.44 209.53 389.54  89296.59
 16.0  5521.0 294.81   0.015946   1.53 212.84 389.37  89315.57
 16.0  5549.0 295.84   0.014946   1.85 202.27 394.76  89335.88
 16.0  5580.0 296.34   0.012365   2.50 210.87 386.99  89265.03
 16.0  5610.0 296.17   0.010980   2.58 201.42 376.83  89254.70
 16.0  5641.0 294.82   0.009526   2.91 189.82 369.03  89413.14
 16.0  5671.0 296.43   0.008279   2.85 237.54 354.69  89339.84
 16.0  5702.0 298.89   0.007247   3.12 304.38 345.44  89200.70
 16.0  5733.0 299.37   0.010829   2.50 245.65 387.29  89178.17
 16.0  5763.0 298.01   0.012885   2.11 198.35 396.38  89271.38
 16.0  5794.0 296.07   0.015415   1.73 211.63 396.06  89328.90
 16.0  5824.0 294.05   0.015496   1.57 224.36 383.18  89311.07
 17.0  5855.0 293.93   0.015587   1.43 216.35 383.69  89262.63
 17.0  5886.0 294.61   0.015499   1.62 215.91 389.32  89356.04
 17.0  5914.0 295.53   0.014446   2.06 218.41 389.35  89310.73
 17.0  5945.0 295.25   0.011278   2.69 226.49 373.70  89354.83
 17.0  5975.0 294.91   0.011093   2.89 193.64 378.38  89387.48
 17.0  6006.0 295.04   0.009734   2.65 190.78 367.51  89347.65
 17.0  6036.0 295.71   0.009056   3.10 223.95 360.30  89381.45
 17.0  6067.0 297.04   0.009352   3.05 248.92 361.88  89260.12
 17.0  6098.0 298.95   0.009289   2.97 277.04 368.64  89272.66
 17.0  6128.0 298.90   0.011532   2.53 241.46 388.71  89231.27
 17.0  6159.0 295.36   0.015212   1.77 189.94 393.26  89349.12
 17.0  6189.0 295.32   0.014984   1.62 198.33 389.93  89270.57
 18.0  6220.0 294.75   0.015520   1.51 205.10 389.49  89275.21
 18.0  6251.0 296.70   0.015041   1.53 210.77 394.99  89186.92
 18.0  6279.0 296.79   0.013724   2.23 217.31 394.72  89208.16
 18.0  6310.0 297.29   0.012151   2.62 204.57 391.88  89221.37
 18.0  6340.0 296.55   0.010330   2.91 198.32 376.07  89309.22
 18.0  6371.0 296.86   0.008946   3.04 228.66 360.94  89255.29
 18.0  6401.0 296.34   0.008259   3.29 240.45 352.81  89401.59
 18.0  6432.0 297.31   0.009034   3.07 253.59 360.94  89317.62
 18.0  6463.0 299.99   0.010261   2.71 249.91 387.07  89219.05
 18.0  6493.0 299.47   0.012740   2.14 227.52 398.60  89238.95
 18.0  6524.0 296.30   0.015913   1.64 212.80 396.70  89259.27
 18.0  6554.0 295.02   0.016152   1.48 204.81 390.69  89369.08
 19.0  6585.0 294.54   0.015863   1.45 216.71 387.54  89336.46
 19.0  6616.0 295.08   0.015819   1.62 215.85 390.50  89299.85
 19.0  6644.0 294.79   0.015351   1.87 213.16 388.05  89308.54
 19.0  6675.0 295.69   0.013041   2.47 207.83 388.04  89274.14
 19.0  6705.0 294.92   0.011662   2.73 185.11 378.96  89301.15
 19.0  6736.0 295.00   0.010700   2.71 179.29 377.98  89430.33
 19.0  6766.0 295.67   0.009071   3.05 227.61 357.78  89380.05
 19.0  6797.0 298.33   0.010489   2.60 227.61 380.53  89191.16
 19.0  6828.0 298.03   0.012757   2.23 218.46 394.53  89226.30
 19.0  6858.0 298.14   0.013396   2.13 239.88 391.25  89200.66
 19.0  6889.0 296.99   0.014394   2.06 204.17 397.59  89248.22
 19.0  6919.0 295.52   0.015681   1.56 213.22 392.11  89290.59
 20.0  6950.0 294.94   0.015778   1.45 207.09 390.30  89357.40
 20.0  6981.0 295.59   0.015826   1.56 211.09 391.33  89288.31
 20.0  7009.0 296.63   0.013710   2.27 221.82 389.90  89224.59
 20.0  7040.0 296.45   0.011788   2.57 201.32 383.78  89333.39
 20.0  7070.0 296.12   0.010226   2.83 201.27 374.12  89326.88
 20.0  7101.0 295.93   0.008957   3.05 214.68 363.42  89386.95
 20.0  7131.0 297.07   0.008143   3.16 251.67 351.87  89333.89
 20.0  7162.0 298.59   0.008340   2.89 265.36 363.38  89308.72
 20.0  7193.0 298.95   0.010903   2.68 248.33 383.90  89233.60
 20.0  7223.0 298.78   0.012316   2.26 213.73 398.01  89328.89
 20.0  7254.0 296.68   0.014855   1.79 205.30 395.58  89242.84
 20.0  7284.0 294.71   0.015245   1.63 217.03 386.06  89294.46
 21.0  7315.0 293.85   0.015432   1.56 216.45 383.13  89271.02
 21.0  7346.0 295.08   0.015424   1.53 219.12 389.87  89329.02
 21.0  7374.0 295.51   0.014674   1.88 216.17 388.94  89245.00
 21.0  7405.0 295.20   0.012908   2.50 196.53 386.07  89326.00
 21.0  7435.0 293.59   0.010747   2.95 183.44 370.78  89492.70
 21.0  7466.0 295.31   0.010372   2.63 189.78 369.03  89360.24
 21.0  7496.0 294.98   0.008438   3.08 243.48 348.06  89462.05
 21.0  7527.0 297.61   0.008917   2.91 248.16 365.04  89315.74
 21.0  7558.0 298.91   0.010945   2.62 245.73 386.12  89286.74
 21.0  7588.0 297.74   0.013083   2.27 218.20 393.35  89304.66
 21.0  7619.0 296.37   0.014923   1.77 202.48 397.87  89285.22
 21.0  7649.0 296.26   0.015090   1.56 205.87 396.27  89205.15
 22.0  7680.0 295.04   0.015794   1.49 202.42 391.66  89334.00
 22.0  7711.0 294.72   0.015940   1.46 217.04 388.20  89254.80
 22.0  7739.0 296.18   0.014628   2.01 208.84 394.87  89245.91
 22.0  7770.0 296.24   0.012767   2.55 199.36 388.62  89240.75
 22.0  7800.0 295.58   0.012089   2.48 171.18 387.33  89357.09
 22.0  7831.0 295.96   0.009881   2.74 205.12 368.27  89349.02
 22.0  7861.0 296.44   0.007734   3.23 263.10 340.71  89342.30
 22.0  7892.0 297.95   0.008825   3.06 264.21 360.50  89229.65
 22.0  7923.0 299.47   0.011084   2.71 241.31 390.26  89212.19
 22.0  7953.0 298.47   0.014065   2.09 225.56 401.20  89262.98
 22.0  7984.0 297.56   0.014189   2.07 219.83 396.73  89195.53
 22.0  8014.0 295.13   0.016017   1.55 224.40 388.87  89313.34
 23.0  8045.0 294.83   0.015987   1.48 221.60 389.67  89337.53
 23.0  8076.0 296.52   0.015210   1.68 212.29 396.81  89370.18
 23.0  8104.0 297.05   0.013226   2.38 230.84 390.02  89319.51
 23.0  8135.0 296.86   0.012317   2.49 201.16 389.43  89265.46
 23.0  8165.0 296.32   0.011656   2.70 184.34 385.96  89229.55
 23.0  8196.0 295.35   0.010093   2.89 188.78 371.87  89403.23
 23.0  8226.0 296.11   0.008486   3.15 234.31 355.22  89401.17
 23.0  8257.0 297.34   0.009777   3.09 227.77 374.24  89390.95
 23.0  8288.0 299.94   0.010255   2.51 247.43 384.29  89150.34
 23.0  8318.0 298.78   0.012842   2.34 231.15 397.00  89266.81
 23.0  8349.0 297.57   0.014453   1.91 209.41 399.31  89230.25
 23.0  8379.0 296.18   0.014949   1.65 220.22 393.49  89316.32
 24.0  8410.0 295.47   0.015133   1.56 208.71 390.93  89359.98
 24.0  8441.0 295.16   0.015006   1.76 216.79 388.97  89373.84
 24.0  8469.0 296.80   0.013472   2.16 220.58 391.95  89261.27
 24.0  8500.0 297.08   0.012271   2.35 203.18 390.37  89227.08
 24.0  8530.0 295.74   0.011838   2.61 165.77 385.66  89302.62
 24.0  8561.0 295.51   0.009588   2.92 191.33 370.70  89347.98
 24.0  8591.0 295.47   0.008838   3.29 222.32 354.07  89440.64
 24.0  8622.0 298.77   0.008590   3.06 273.99 362.41  89270.95
 24.0  8653.0 300.42   0.010665   2.32 232.36 391.94  89184.07
 24.0  8683.0 298.79   0.013902   2.08 217.27 404.33  89254.62
 24.0  8714.0 298.29   0.014289   1.88 221.31 401.76  89234.87
 24.0  8744.0 295.64   0.015829   1.53 210.59 392.63  89354.38
 25.0  8775.0 294.48   0.016136   1.36 216.65 387.51  89413.61
 25.0  8806.0 295.76   0.015406   1.77 224.93 393.57  89363.09
 25.0  8834.0 295.90   0.014040   2.26 214.37 390.63  89295.80
 25.0  8865.0 295.43   0.013701   2.40 188.38 391.00  89330.19
 25.0  8895.0 294.45   0.011709   2.65 179.53 378.18  89397.15
 25.0  8926.0 295.22   0.010604   2.72 179.86 374.42  89360.69
 25.0  8956.0 296.18   0.009200   2.92 223.40 364.20  89363.38
 25.0  8987.0 298.05   0.009762   2.88 242.95 373.93  89240.96
 25.0  9018.0 298.99   0.010623   2.60 243.88 384.51  89242.62
 25.0  9048.0 297.44   0.013890   2.17 212.61 397.71  89263.85
 25.0  9079.0 295.95   0.014930   1.72 207.32 394.08  89378.34
 25.0  9109.0 294.47   0.015510   1.49 217.32 386.22  89282.06
 26.0  9140.0 293.77   0.015427   1.45 216.47 382.39  89289.16
 26.0  9171.0 294.10   0.015105   1.55 214.30 384.22  89263.32
 26.0  9199.0 295.03   0.014576   1.97 212.53 389.69  89311.23
 26.0  9230.0 295.17   0.013130   2.26 177.95 390.06  89355.98
 26.0  9260.0 294.02   0.010850   2.64 187.87 372.36  89454.18
 26.0  9291.0 294.41   0.009620   2.83 201.07 360.63  89363.06
 26.0  9321.0 296.29   0.008361   2.97 242.62 351.49  89300.23
 26.0  9352.0 297.76   0.008218   3.22 283.52 355.51  89314.99
 26.0  9383.0 298.54   0.011015   2.59 243.09 382.73  89291.30
 26.0  9413.0 298.22   0.013469   2.11 229.59 393.06  89285.42
 26.0  9444.0 295.63   0.015982   1.62 202.86 393.62  89334.59
 26.0  9474.0 295.37   0.015505   1.57 197.00 392.66  89361.72
 27.0  9505.0 294.49   0.015895   1.43 209.14 388.10  89419.59
 27.0  9536.0 294.57   0.015921   1.41 211.56 388.20  89298.87
 27.0  9564.0 295.07   0.015267   1.86 212.75 390.62  89327.98
 27.0  9595.0 295.32   0.013164   2.39 193.55 389.55  89336.44
 27.0  9625.0 294.67   0.011414   2.55 197.06 372.63  89364.93
 27.0  9656.0 295.15   0.011790   2.54 171.77 383.03  89341.24
 27.0  9686.0 295.73   0.009662   3.02 220.68 364.82  89432.02
 27.0  9717.0 296.81   0.009575   3.06 256.49 362.12  89378.27
 27.0  9748.0 297.82   0.012266   2.47 241.59 387.64  89240.04
 27.0  9778.0 298.05   0.013429   2.13 222.93 395.91  89305.23
 27.0  9809.0 296.45   0.015636   1.61 207.40 396.21  89273.59
 27.0  9839.0 294.96   0.015949   1.57 210.34 390.58  89363.23
 28.0  9870.0 294.70   0.015877   1.47 206.46 388.88  89357.02
 28.0  9901.0 295.04   0.015770   1.65 227.41 388.52  89335.17
 28.0  9929.0 295.65   0.015054   1.74 214.07 390.62  89279.55
 28.0  9960.0 295.85   0.012870   2.21 187.87 389.31  89325.12
 28.0  9990.0 294.28   0.010722   2.92 194.15 373.75  89422.65
 28.0 10021.0 293.18   0.010233   2.85 158.36 370.70  89526.48
 28.0 10051.0 295.32   0.008625   2.95 231.77 350.34  89381.83
 28.0 10082.0 296.81   0.008690   3.04 259.24 355.33  89282.70
 28.0 10113.0 298.96   0.011411   2.57 244.24 387.08  89219.94
 28.0 10143.0 298.10   0.012506   2.21 231.52 388.32  89195.11
 28.0 10174.0 296.75   0.014312   2.06 219.70 394.40  89280.64
 28.0 10204.0 295.78   0.015511   1.54 217.18 391.22  89201.38
 29.0 10235.0 294.89   0.015621   1.46 225.47 387.22  89212.84
 29.0 10266.0 294.77   0.015725   1.49 216.67 388.17  89284.05
 29.0 10294.0 295.85   0.014838   1.86 220.97 392.32  89187.41
 29.0 10325.0 295.71   0.012271   2.52 192.39 385.46  89309.30
 29.0 10355.0 294.39   0.010095   2.98 194.44 368.83  89443.95
 29.0 10386.0 294.89   0.008819   2.93 215.13 357.00  89415.59
 29.0 10416.0 295.02   0.008084   2.94 233.96 347.94  89415.02
 29.0 10447.0 298.43   0.010037   2.52 230.10 377.62  89152.25
 29.0 10478.0 299.33   0.010827   2.56 254.07 385.17  89150.80
 29.0 10508.0 297.59   0.013302   2.28 207.05 398.96  89288.91
 29.0 10539.0 296.22   0.015514   1.73 213.69 395.43  89296.05
 29.0 10569.0 295.18   0.015839   1.47 212.08 390.70  89324.98
 30.0 10600.0 294.18   0.015805   1.57 226.95 384.77  89272.36
 30.0 10631.0 294.61   0.015970   1.45 219.25 390.08  89265.01
 30.0 10659.0 295.82   0.014842   1.97 221.13 392.42  89241.70
 30.0 10690.0 295.58   0.013615   2.43 182.46 392.70  89231.51
 30.0 10720.0 294.41   0.011746   2.65 187.45 377.24  89375.81
 30.0 10751.0 294.59   0.011247   2.65 172.19 378.91  89379.72
 30.0 10781.0 295.01   0.009647   3.04 213.94 361.80  89473.23
 30.0 10812.0 296.95   0.009429   3.11 266.12 360.74  89304.10
 30.0 10843.0 298.70   0.010416   2.91 264.88 377.66  89280.64
 30.0 10873.0 298.51   0.013457   2.09 217.65 400.42  89266.17
 30.0 10904.0 296.30   0.015426   1.72 215.11 394.81  89327.52
 30.0 10934.0 294.73   0.016149   1.56 201.57 389.72  89346.39
 31.0 10965.0 294.74   0.015912   1.46 221.17 388.51  89397.95
 31.0 10996.0 294.85   0.015872   1.63 212.50 390.51  89398.92
 31.0 11024.0 295.00   0.014434   2.07 205.28 388.18  89364.36
 31.0 11055.0 295.16   0.013057   2.52 187.95 388.76  89342.11
 31.0 11085.0 293.85   0.011337   2.83 163.20 380.29  89436.70
 31.0 11116.0 293.76   0.010180   2.98 179.16 367.72  89455.37
 31.0 11146.0 294.86   0.009442   3.07 211.91 360.08  89521.05
 31.0 11177.0 296.95   0.008346   3.12 274.72 351.59  89399.90
 31.0 11208.0 299.20   0.011087   2.56 261.89 385.28  89182.81
 31.0 11238.0 298.33   0.012761   2.41 236.64 394.33  89305.91
 31.0 11269.0 296.11   0.015537   1.73 206.14 395.83  89328.28
 31.0 11299.0 295.30   0.015913   1.50 214.27 390.87  89283.97
 32.0 11330.0 295.09   0.015908   1.46 204.88 391.99  89393.85
 32.0 11361.0 295.66   0.015430   1.68 225.83 390.97  89306.75
 32.0 11389.0 295.94   0.015234   1.86 217.59 393.49  89315.20
 32.0 11420.0 295.74   0.012949   2.55 199.15 386.80  89357.88
 32.0 11450.0 295.60   0.011419   2.72 190.51 380.05  89325.11
 32.0 11481.0 294.70   0.010246   2.79 183.75 370.92  89417.54
 32.0 11511.0 296.13   0.008782   3.12 245.39 353.86  89335.86
 32.0 11542.0 298.41   0.008848   3.01 272.03 361.81  89222.03
 32.0 11573.0 299.95   0.009507   3.09 285.48 374.21  89218.36
 32.0 11603.0 299.23   0.013680   2.07 212.68 406.13  89181.24
 32.0 11634.0 297.33   0.015555   1.77 229.80 398.81  89224.09
 32.0 11664.0 295.97   0.015103   1.72 210.00 394.82  89296.71
 33.0 11695.0 295.21   0.015530   1.60 206.76 390.66  89358.74
 33.0 11726.0 295.27   0.015553   1.58 224.54 390.43  89356.54
 33.0 11754.0 296.25   0.013964   1.89 217.08 387.59  89376.59
 33.0 11785.0 296.18   0.012024   2.39 201.67 385.27  89356.38
 33.0 11815.0 295.28   0.010803   2.69 186.62 379.23  89398.48
 33.0 11846.0 295.32   0.009613   2.96 201.39 365.63  89402.91
 33.0 11876.0 295.26   0.007965   3.23 246.57 344.84  89457.46
 33.0 11907.0 298.46   0.008962   2.88 255.21 368.63  89235.59
 33.0 11938.0 298.66   0.010483   2.94 243.66 380.98  89263.26
 33.0 11968.0 299.58   0.011806   2.42 209.80 402.58  89103.56
 33.0 11999.0 297.44   0.013862   1.98 227.05 393.53  89180.06
 33.0 12029.0 296.01   0.015125   1.71 214.53 392.83  89230.08
 34.0 12060.0 295.00   0.015153   1.49 199.23 389.75  89206.73
 34.0 12091.0 294.56   0.015732   1.46 219.03 388.18  89290.41
 34.0 12119.0 294.70   0.015161   1.59 216.20 386.46  89306.57
 34.0 12150.0 294.97   0.013233   2.41 190.66 386.39  89290.70
 34.0 12180.0 294.03   0.011722   2.75 172.42 378.82  89371.31
 34.0 12211.0 294.02   0.010468   2.98 168.39 374.99  89436.98
 34.0 12241.0 294.24   0.009775   3.14 197.89 364.63  89469.91
 34.0 12272.0 297.41   0.008848   3.02 279.56 356.68  89260.80
 34.0 12303.0 299.16   0.009562   3.11 284.12 373.84  89266.37
 34.0 12333.0 298.21   0.013699   2.02 224.94 395.54  89240.60
 34.0 12364.0 298.21   0.013512   2.08 214.54 399.57  89148.16
 34.0 12394.0 295.38   0.015450   1.69 214.32 390.47  89247.29
 35.0 12425.0 294.42   0.015546   1.45 203.43 386.72  89329.70
 35.0 12456.0 296.07   0.015167   1.77 212.94 394.98  89253.69
 35.0 12484.0 296.85   0.014245   1.96 233.00 390.99  89250.87
 35.0 12515.0 295.73   0.012549   2.69 194.61 386.94  89307.85
 35.0 12545.0 294.72   0.011442   2.94 174.48 380.96  89385.38
 35.0 12576.0 295.72   0.009837   3.05 211.03 365.95  89355.73
 35.0 12606.0 295.79   0.007936   3.26 242.60 348.06  89416.85
 35.0 12637.0 297.31   0.007914   3.27 286.79 346.96  89389.73
 35.0 12668.0 300.39   0.009167   2.77 287.21 376.29  89169.73
 35.0 12698.0 297.92   0.013397   2.40 238.94 391.68  89261.51
 35.0 12729.0 296.38   0.014965   1.90 212.43 395.93  89295.05
 35.0 12759.0 296.24   0.014899   1.83 194.00 397.31  89285.40
 36.0 12790.0 294.68   0.015492   1.64 194.20 388.82  89284.29
 36.0 12821.0 295.18   0.015740   1.50 226.46 387.58  89358.91
 36.0 12849.0 296.34   0.013779   2.09 207.06 391.59  89300.49
 36.0 12880.0 295.57   0.013414   2.32 182.90 388.53  89279.46
 36.0 12910.0 294.04   0.011491   2.77 169.79 378.19  89321.48
 36.0 12941.0 294.67   0.009655   2.93 200.89 364.20  89341.07
 36.0 12971.0 296.70   0.008274   2.99 255.42 350.93  89345.95
 36.0 13002.0 298.21   0.008304   3.17 289.29 352.42  89262.66
 36.0 13033.0 298.59   0.011637   2.73 238.06 392.00  89209.86
 36.0 13063.0 297.63   0.014047   2.00 212.59 397.78  89280.38
 36.0 13094.0 296.69   0.015224   1.78 204.62 397.33  89269.85
 36.0 13124.0 294.97   0.015639   1.56 208.82 389.95  89314.72
 37.0 13155.0 295.38   0.015348   1.49 201.71 393.42  89316.16
 37.0 13186.0 295.94   0.015237   1.68 219.01 391.39  89294.59
 37.0 13214.0 297.05   0.013695   2.12 207.43 395.59  89314.36
 37.0 13245.0 297.04   0.012091   2.43 212.50 388.56  89218.02
 37.0 13275.0 295.68   0.011046   2.88 187.48 378.38  89310.65
 37.0 13306.0 295.49   0.010098   2.87 194.13 372.89  89338.29
 37.0 13336.0 296.18   0.008386   3.13 242.98 351.31  89361.81
 37.0 13367.0 297.93   0.009729   3.05 241.50 372.02  89231.91
 37.0 13398.0 299.52   0.011120   2.54 226.72 393.01  89196.64
 37.0 13428.0 297.76   0.013503   2.24 221.14 398.18  89302.80
 37.0 13459.0 296.42   0.015166   1.74 222.80 395.00  89312.66
 37.0 13489.0 294.15   0.015572   1.44 206.80 386.86  89387.50
 38.0 13520.0 294.47   0.015827   1.41 226.41 385.64  89379.94
 38.0 13551.0 295.03   0.015663   1.46 209.04 391.02  89301.83
 38.0 13579.0 295.92   0.013585   2.36 202.79 391.97  89282.84
 38.0 13610.0 295.08   0.013451   2.40 181.21 390.75  89325.80
 38.0 13640.0 295.15   0.011435   2.66 203.01 377.31  89292.73
 38.0 13671.0 295.00   0.010555   2.76 184.69 374.84  89396.38
 38.0 13701.0 295.86   0.009617   3.06 228.87 364.57  89402.67
 38.0 13732.0 298.18   0.010275   2.62 237.17 377.14  89203.06
 38.0 13763.0 299.29   0.010289   2.70 256.47 381.11  89277.78
 38.0 13793.0 298.24   0.013711   2.20 217.82 398.45  89261.78
 38.0 13824.0 296.43   0.015239   1.81 206.62 397.86  89337.45
 38.0 13854.0 295.10   0.015803   1.54 205.97 391.95  89332.98
 39.0 13885.0 295.23   0.015767   1.55 208.49 391.35  89315.42
 39.0 13916.0 295.65   0.015951   1.64 216.40 393.99  89308.33
 39.0 13944.0 296.37   0.014857   1.96 208.05 394.82  89269.78
 39.0 13975.0 296.14   0.012992   2.39 195.01 388.40  89331.30
 39.0 14005.0 296.94   0.011013   2.64 214.18 381.08  89240.22
 39.0 14036.0 295.80   0.009963   2.84 196.84 370.02  89412.23
 39.0 14066.0 295.82   0.008290   3.16 229.82 355.14  89425.03
 39.0 14097.0 297.55   0.008925   2.96 244.34 365.48  89313.72
 39.0 14128.0 299.48   0.010196   2.71 256.31 380.56  89202.58
 39.0 14158.0 299.19   0.012346   2.24 220.24 397.73  89160.35
 39.0 14189.0 297.61   0.013912   1.84 203.79 398.59  89202.01
 39.0 14219.0 295.41   0.015050   1.71 191.35 393.79  89315.07
 40.0 14250.0 295.01   0.015176   1.64 212.21 387.50  89348.92
 40.0 14281.0 294.53   0.015862   1.47 223.88 385.64  89300.98
 40.0 14309.0 296.02   0.014262   1.83 231.84 387.13  89270.17
 40.0 14340.0 295.59   0.012302   2.46 203.90 382.25  89275.27
 40.0 14370.0 294.88   0.011240   2.73 201.41 374.66  89388.85
 40.0 14401.0 294.42   0.009803   3.07 192.68 366.02  89432.28
 40.0 14431.0 295.79   0.008896   3.09 222.76 358.92  89373.59
 40.0 14462.0 298.44   0.010403   2.61 238.52 379.43  89161.91
 40.0 14493.0 298.62   0.011823   2.35 219.76 393.53  89228.58
 40.0 14523.0 297.62   0.013701   2.18 209.26 399.72  89335.20
 40.0 14554.0 295.36   0.015645   1.58 216.32 392.49  89311.72
 40.0 14584.0 294.53   0.015791   1.41 212.06 389.19  89333.89
 41.0 14615.0 294.12   0.015672   1.38 211.97 386.13  89381.34
 41.0 14646.0 294.30   0.015657   1.47 224.52 384.00  89263.23
 41.0 14674.0 295.19   0.014142   2.20 202.26 389.91  89265.66
 41.0 14705.0 295.10   0.013078   2.52 191.01 387.29  89331.50
 41.0 14735.0 294.36   0.011580   2.87 180.97 376.83  89415.21
 41.0 14766.0 295.01   0.010561   2.81 188.13 373.92  89399.39
 41.0 14796.0 295.09   0.008787   3.02 235.19 353.43  89449.01
 41.0 14827.0 297.52   0.008308   3.11 287.81 351.86  89309.97
 41.0 14858.0 298.14   0.011986   2.32 236.64 390.50  89266.05
 41.0 14888.0 297.77   0.013991   2.00 230.07 395.75  89272.23
 41.0 14919.0 296.23   0.015773   1.62 202.68 396.20  89226.78
 41.0 14949.0 294.25   0.016014   1.48 225.06 385.81  89316.04
 42.0 14980.0 294.63   0.016057   1.49 224.92 387.74  89341.62
 42.0 15011.0 294.73   0.015322   1.74 213.21 388.80  89351.82
 42.0 15039.0 296.71   0.014078   1.82 201.66 393.36  89291.50
 42.0 15070.0 295.58   0.012768   2.41 189.43 385.66  89275.65
 42.0 15100.0 294.72   0.012064   2.69 170.82 383.80  89318.74
 42.0 15131.0 294.31   0.009513   2.88 216.02 355.69  89428.84
 42.0 15161.0 296.73   0.008159   2.89 252.26 349.49  89230.95
 42.0 15192.0 296.75   0.008589   3.09 262.39 352.74  89324.13
 42.0 15223.0 299.21   0.012545   2.11 232.10 391.79  89048.26
 42.0 15253.0 298.35   0.013316   2.15 212.06 399.40  89205.16
 42.0 15284.0 296.98   0.014584   1.83 201.40 399.32  89291.97
 42.0 15314.0 296.00   0.014718   1.78 203.57 395.18  89345.92
 43.0 15345.0 294.36   0.015574   1.48 194.01 388.05  89352.41
 43.0 15376.0 296.40   0.015071   1.67 227.00 393.57  89294.12
 43.0 15404.0 295.59   0.015613   1.77 200.86 392.54  89326.16
 43.0 15435.0 295.88   0.013507   2.29 191.18 389.02  89247.03
 43.0 15465.0 294.65   0.011734   2.74 175.66 380.23  89403.98
 43.0 15496.0 295.39   0.009453   2.85 203.16 362.82  89327.09
 43.0 15526.0 296.05   0.009381   3.08 221.93 361.65  89394.95
 43.0 15557.0 298.45   0.009439   2.83 254.68 366.62  89233.94
 43.0 15588.0 299.17   0.010880   2.77 250.04 382.50  89244.29
 43.0 15618.0 299.19   0.011993   2.30 242.20 390.39  89238.65
 43.0 15649.0 298.04   0.013424   2.16 218.29 396.25  89277.98
 43.0 15679.0 296.38   0.014770   1.83 198.90 396.73  89339.16
 44.0 15710.0 294.85   0.015449   1.58 204.26 390.84  89401.88
 44.0 15741.0 295.32   0.015695   1.57 200.34 391.97  89305.97
 44.0 15769.0 295.28   0.015566   1.75 209.00 391.28  89303.79
 44.0 15800.0 295.37   0.013082   2.58 186.28 389.35  89319.43
 44.0 15830.0 294.40   0.011854   2.79 171.14 381.29  89402.60
 44.0 15861.0 294.90   0.009537   2.96 212.26 359.37  89417.91
 44.0 15891.0 296.02   0.009060   3.17 233.93 356.38  89343.85
 44.0 15922.0 298.72   0.008929   2.98 271.95 366.66  89226.70
 44.0 15953.0 299.21   0.010769   2.69 241.79 387.42  89209.18
 44.0 15983.0 299.66   0.012450   2.37 224.26 402.21  89239.30
 44.0 16014.0 298.27   0.014149   1.99 202.05 403.82  89247.92
 44.0 16044.0 296.03   0.015916   1.63 206.35 395.54  89316.31
 45.0 16075.0 295.91   0.015396   1.59 199.78 394.68  89275.61
 45.0 16106.0 295.90   0.014762   1.63 210.77 391.35  89312.28
 45.0 16134.0 297.08   0.013967   2.02 206.08 398.27  89264.73
 45.0 16165.0 296.78   0.013282   2.12 202.92 391.13  89177.92
 45.0 16195.0 295.90   0.010196   2.81 197.31 374.74  89295.43
 45.0 16226.0 295.11   0.008376   2.93 222.18 351.64  89425.99
 45.0 16256.0 297.34   0.007790   3.14 271.90 344.57  89269.95
 45.0 16287.0 298.26   0.009084   2.89 252.73 373.31  89119.73
 45.0 16318.0 299.31   0.011334   2.53 238.30 392.65  89188.97
 45.0 16348.0 298.80   0.011269   2.45 241.76 386.96  89219.42
 45.0 16379.0 298.28   0.014072   1.96 227.30 399.25  89113.65
 45.0 16409.0 294.47   0.015948   1.45 215.06 386.92  89302.17
 46.0 16440.0 295.08   0.015293   1.43 201.97 390.17  89326.66
 46.0 16471.0 295.11   0.015828   1.57 223.49 390.43  89311.13
 46.0 16499.0 295.67   0.014860   1.88 213.10 388.34  89296.11
 46.0 16530.0 296.26   0.012887   2.42 204.31 388.85  89214.90
 46.0 16560.0 294.90   0.011248   2.80 188.57 373.91  89305.83
 46.0 16591.0 295.06   0.009640   3.09 199.07 365.65  89373.08
 46.0 16621.0 295.98   0.008952   3.25 243.17 354.15  89411.00
 46.0 16652.0 297.77   0.008619   3.22 276.46 357.57  89326.64
 46.0 16683.0 298.38   0.011378   2.63 222.88 389.56  89276.60
 46.0 16713.0 299.15   0.011610   2.51 231.92 394.05  89212.26
 46.0 16744.0 298.18   0.014427   1.89 211.40 403.41  89305.41
 46.0 16774.0 296.25   0.015387   1.67 200.92 395.93  89213.21
 47.0 16805.0 295.84   0.016075   1.47 211.57 394.23  89233.59
 47.0 16836.0 295.59   0.015700   1.55 210.22 391.89  89332.85
 47.0 16864.0 296.05   0.014466   2.10 193.86 391.48  89246.33
 47.0 16895.0 296.66   0.013194   2.40 198.37 391.55  89227.35
 47.0 16925.0 295.76   0.011099   2.62 179.45 379.60  89345.02
 47.0 16956.0 295.15   0.010707   3.00 175.49 377.41  89437.79
 47.0 16986.0 295.64   0.009099   3.04 212.43 360.63  89404.10
 47.0 17017.0 297.88   0.008390   3.06 260.93 360.06  89261.99
 47.0 17048.0 299.27   0.009952   2.71 273.37 376.68  89169.50
 47.0 17078.0 298.34   0.012969   2.12 215.20 397.33  89179.93
 47.0 17109.0 296.65   0.014719   1.84 228.60 393.53  89238.00
 47.0 17139.0 295.31   0.015213   1.48 211.96 388.00  89227.77
 48.0 17170.0 294.81   0.015124   1.47 214.82 386.29  89340.08
 48.0 17201.0 295.60   0.014750   1.62 206.79 391.23  89254.95
 48.0 17229.0 295.49   0.014465   1.61 207.38 388.65  89262.95
 48.0 17260.0 295.79   0.012363   2.52 201.90 385.41  89267.76
 48.0 17290.0 293.87   0.010279   2.91 173.60 370.67  89439.60
 48.0 17321.0 294.77   0.009518   2.92 195.76 364.98  89378.20
 48.0 17351.0 295.19   0.009768   3.03 196.99 366.51  89386.05
 48.0 17382.0 298.60   0.010384   2.32 228.27 378.69  89114.80
 48.0 17413.0 298.74   0.010679   2.89 248.00 385.06  89298.49
 48.0 17443.0 299.62   0.012316   2.23 234.64 396.55  89199.93
 48.0 17474.0 296.83   0.015852   1.73 214.90 398.80  89229.23
 48.0 17504.0 295.60   0.015157   1.59 201.48 392.48  89309.35
 49.0 17535.0 295.70   0.015596   1.47 209.69 392.80  89252.16
 49.0 17566.0 296.09   0.015795   1.64 228.67 394.00  89291.41
 49.0 17594.0 296.45   0.014625   2.04 215.61 395.13  89285.32
 49.0 17625.0 296.65   0.011988   2.46 206.43 384.67  89313.71
 49.0 17655.0 295.55   0.010096   3.00 199.29 372.40  89410.43
 49.0 17686.0 295.62   0.010153   2.98 200.34 371.81  89421.80
 49.0 17716.0 297.21   0.008080   3.09 253.25 350.24  89288.43
 49.0 17747.0 299.14   0.010362   2.55 233.97 383.32  89098.77
 49.0 17778.0 298.89   0.011880   2.48 221.28 393.35  89162.45
 49.0 17808.0 298.41   0.013340   2.22 221.70 399.71  89275.80
 49.0 17839.0 295.79   0.015901   1.66 207.54 394.76  89253.61
 49.0 17869.0 294.62   0.015917   1.57 218.52 388.47  89246.21
 50.0 17900.0 294.48   0.015283   1.62 217.81 385.73  89381.07
 50.0 17931.0 295.01   0.015590   1.69 211.98 390.59  89417.63
 50.0 17959.0 296.69   0.012659   2.32 221.26 387.06  89261.16
 50.0 17990.0 296.03   0.012338   2.44 203.73 384.99  89286.17
 50.0 18020.0 295.55   0.010698   2.74 206.53 372.35  89382.75
 50.0 18051.0 295.70   0.009002   3.11 225.74 359.05  89436.55
 50.0 18081.0 296.14   0.007698   3.23 265.91 340.59  89400.15
 50.0 18112.0 298.42   0.008604   3.02 278.71 355.36  89214.59
 50.0 18143.0 298.27   0.010622   2.84 240.97 382.22  89383.66
 50.0 18173.0 297.97   0.014107   2.08 219.74 397.27  89251.97
 50.0 18204.0 297.08   0.014998   1.71 195.49 398.56  89243.43
 50.0 18234.0 297.09   0.014712   1.74 206.21 397.43  89268.62
 51.0 18265.0 296.96   0.015206   1.63 210.88 396.47  89161.32
 51.0 18296.0 296.50   0.015630   1.59 204.03 397.91  89276.55
 51.0 18324.0 297.62   0.013752   2.18 211.70 395.96  89224.94
 51.0 18355.0 297.56   0.011786   2.57 198.09 390.10  89209.90
 51.0 18385.0 296.95   0.010486   2.91 196.13 380.61  89243.68
 51.0 18416.0 294.93   0.010045   2.99 168.92 374.07  89370.34
 51.0 18446.0 297.15   0.008425   3.04 243.02 356.72  89317.54
 51.0 18477.0 298.12   0.007657   3.24 282.60 350.02  89259.38
 51.0 18508.0 299.57   0.010183   2.89 254.80 382.98  89269.06
 51.0 18538.0 298.15   0.013037   2.31 218.16 396.15  89237.61
 51.0 18569.0 296.86   0.014408   1.88 214.62 395.56  89214.88
 51.0 18599.0 295.05   0.015630   1.49 199.02 392.14  89307.87
 52.0 18630.0 294.18   0.015648   1.55 217.87 384.97  89375.18
 52.0 18661.0 295.78   0.015119   1.52 222.17 392.32  89261.05
 52.0 18689.0 296.18   0.014333   2.01 213.24 393.11  89253.69
 52.0 18720.0 295.77   0.013067   2.30 192.78 390.62  89345.24
 52.0 18750.0 294.98   0.011046   2.66 190.90 374.40  89310.87
 52.0 18781.0 295.22   0.009233   2.96 213.11 361.71  89360.88
 52.0 18811.0 295.39   0.008547   3.13 222.67 355.00  89387.16
 52.0 18842.0 298.05   0.009208   2.80 251.83 367.23  89247.77
 52.0 18873.0 299.29   0.009561   2.88 287.43 371.04  89250.42
 52.0 18903.0 298.88   0.013353   2.10 216.49 401.09  89162.55
 52.0 18934.0 296.43   0.014078   1.82 198.74 396.18  89300.77
 52.0 18964.0 295.51   0.015138   1.67 217.15 390.41  89232.94
 53.0 18995.0 294.20   0.015326   1.56 217.76 384.04  89316.38
 53.0 19026.0 295.05   0.014980   1.54 228.27 387.44  89298.12
 53.0 19054.0 295.08   0.015752   1.61 206.35 392.17  89261.73
 53.0 19085.0 294.88   0.013240   2.36 194.30 387.34  89281.95
 53.0 19115.0 294.46   0.012031   2.45 165.98 383.58  89309.05
 53.0 19146.0 293.75   0.010821   2.82 170.02 373.56  89452.25
 53.0 19176.0 295.12   0.009834   2.95 200.64 368.26  89434.24
 53.0 19207.0 296.49   0.009473   3.10 245.78 364.54  89308.85
 53.0 19238.0 299.28   0.010426   2.89 276.89 378.94  89250.95
 53.0 19268.0 298.12   0.013710   2.22 221.58 400.72  89225.45
 53.0 19299.0 296.32   0.015851   1.63 212.83 397.17  89244.09
 53.0 19329.0 294.52   0.015985   1.47 212.87 388.15  89338.57
 54.0 19360.0 294.65   0.015265   1.46 216.48 387.11  89294.05
 54.0 19391.0 295.32   0.015811   1.60 215.93 391.98  89248.26
 54.0 19419.0 295.58   0.014967   2.08 195.96 394.70  89324.32
 54.0 19450.0 295.40   0.012418   2.48 199.12 383.04  89370.57
 54.0 19480.0 295.01   0.011087   2.77 190.73 377.10  89331.01
 54.0 19511.0 295.71   0.009793   2.83 204.40 370.06  89366.70
 54.0 19541.0 295.09   0.008635   3.08 222.10 356.14  89480.02
 54.0 19572.0 298.77   0.007648   3.09 288.06 351.46  89228.64
 54.0 19603.0 298.49   0.012263   2.39 223.42 394.12  89156.22
 54.0 19633.0 297.37   0.014048   2.00 220.98 395.65  89234.98
 54.0 19664.0 296.74   0.014880   1.76 208.33 396.78  89258.84
 54.0 19694.0 295.21   0.015400   1.61 217.83 388.85  89334.94
 55.0 19725.0 294.19   0.015055   1.59 217.87 385.14  89363.98
 55.0 19756.0 295.60   0.015029   1.71 205.46 392.64  89302.31
 55.0 19784.0 296.42   0.013721   2.03 222.44 388.44  89257.26
 55.0 19815.0 296.76   0.012281   2.51 208.12 385.67  89231.42
 55.0 19845.0 296.05   0.011552   2.63 196.68 381.43  89293.08
 55.0 19876.0 295.82   0.009970   2.86 198.38 369.99  89353.27
 55.0 19906.0 296.91   0.008470   2.94 243.25 352.83  89287.67
 55.0 19937.0 299.00   0.008401   2.92 278.68 360.35  89124.70
 55.0 19968.0 299.83   0.010952   2.40 254.59 382.82  89121.55
 55.0 19998.0 298.00   0.014933   1.89 213.08 401.69  89257.40
 55.0 20029.0 296.83   0.015847   1.72 209.86 399.31  89338.08
 55.0 20059.0 296.00   0.015942   1.55 208.95 394.45  89298.34
 56.0 20090.0 295.65   0.015830   1.47 211.13 394.29  89234.01
 56.0 20121.0 295.96   0.015583   1.72 215.49 394.07  89295.56
 56.0 20149.0 296.58   0.014243   2.10 203.06 394.94  89292.70
 56.0 20180.0 296.35   0.012222   2.48 199.73 387.45  89279.59
 56.0 20210.0 295.36   0.010462   2.63 187.00 374.01  89403.69
 56.0 20241.0 296.17   0.009327   2.95 224.12 361.62  89351.60
 56.0 20271.0 294.61   0.007947   3.19 237.74 344.33  89481.70
 56.0 20302.0 297.27   0.007539   3.23 286.93 345.04  89307.39
 56.0 20333.0 298.95   0.010206   2.72 259.23 383.30  89221.50
 56.0 20363.0 296.77   0.014730   1.86 215.04 394.44  89183.48
 56.0 20394.0 296.12   0.015086   1.73 204.98 395.63  89241.30
 56.0 20424.0 294.20   0.015526   1.47 212.19 385.60  89255.12
 57.0 20455.0 294.00   0.015344   1.40 219.04 382.42  89260.17
 57.0 20486.0 295.45   0.014667   1.65 205.05 390.45  89157.95
 57.0 20514.0 295.37   0.014053   1.86 200.81 390.03  89257.16
 57.0 20545.0 294.99   0.012498   2.56 191.57 385.94  89211.20
 57.0 20575.0 294.84   0.010236   2.79 199.97 371.59  89349.20
 57.0 20606.0 293.90   0.008408   3.07 208.04 354.55  89436.67
 57.0 20636.0 296.15   0.007902   2.91 249.12 347.86  89300.24
 57.0 20667.0 298.18   0.008391   3.10 282.25 352.99  89171.53
 57.0 20698.0 299.15   0.011046   2.52 259.28 383.66  89140.39
 57.0 20728.0 298.62   0.012533   2.20 227.04 393.46  89216.57
 57.0 20759.0 297.74   0.013381   2.05 208.96 397.60  89244.07
 57.0 20789.0 295.89   0.015523   1.64 221.53 392.22  89307.92
 58.0 20820.0 295.06   0.015421   1.48 203.31 389.91  89312.02
 58.0 20851.0 295.88   0.014800   1.71 193.10 395.35  89237.56
 58.0 20879.0 296.81   0.013483   2.29 186.22 395.12  89288.63
 58.0 20910.0 296.65   0.012490   2.36 195.92 387.81  89262.09
 58.0 20940.0 296.54   0.011089   2.90 192.52 382.40  89282.73
 58.0 20971.0 295.24   0.009183   3.16 201.44 366.31  89408.30
 58.0 21001.0 295.78   0.008823   3.23 227.60 356.92  89457.59
 58.0 21032.0 299.04   0.007892   3.29 289.38 353.21  89229.45
 58.0 21063.0 299.97   0.011081   2.56 243.70 391.61  89149.39
 58.0 21093.0 298.49   0.014416   1.97 203.94 403.60  89242.27
 58.0 21124.0 297.46   0.014796   1.83 210.94 400.13  89321.09
 58.0 21154.0 295.07   0.016178   1.48 209.69 391.87  89366.02
 59.0 21185.0 294.79   0.015966   1.37 211.27 390.73  89360.49
 59.0 21216.0 295.87   0.015663   1.61 213.17 395.96  89376.55
 59.0 21244.0 296.17   0.015105   1.87 198.84 395.46  89294.84
 59.0 21275.0 296.55   0.012527   2.47 209.30 385.00  89227.38
 59.0 21305.0 295.50   0.010064   2.91 219.59 368.15  89431.06
 59.0 21336.0 297.10   0.010187   2.57 202.96 377.68  89227.73
 59.0 21366.0 296.32   0.007090   3.02 254.23 342.30  89396.98
 59.0 21397.0 297.25   0.009230   3.05 232.79 368.76  89314.38
 59.0 21428.0 298.94   0.010394   2.64 246.09 383.96  89230.02
 59.0 21458.0 298.50   0.013440   2.20 232.68 397.73  89222.87
 59.0 21489.0 296.10   0.014918   1.79 209.56 395.70  89345.36
 59.0 21519.0 294.81   0.015676   1.46 215.44 388.56  89326.49
 60.0 21550.0 294.75   0.015467   1.45 219.54 388.15  89306.56
 60.0 21581.0 295.46   0.015498   1.59 219.50 390.48  89246.84
 60.0 21609.0 296.66   0.014226   1.79 222.69 393.37  89242.55
 60.0 21640.0 296.66   0.011972   2.48 219.04 383.08  89227.37
 60.0 21670.0 294.96   0.011847   2.68 166.80 385.05  89345.61
 60.0 21701.0 294.18   0.009726   2.97 184.13 363.12  89431.25
 60.0 21731.0 294.88   0.008608   3.18 220.14 355.24  89456.86
 60.0 21762.0 298.26   0.009692   2.80 253.95 370.98  89212.93
 60.0 21793.0 298.86   0.010685   2.76 252.00 381.77  89290.82
 60.0 21823.0 298.88   0.013507   2.07 224.00 402.36  89267.26
 60.0 21854.0 297.10   0.014729   1.73 207.94 398.10  89305.68
 60.0 21884.0 294.91   0.015813   1.52 209.55 389.22  89351.48
 61.0 21915.0 294.33   0.015729   1.46 210.64 386.67  89359.95
 61.0 21946.0 295.85   0.015218   1.64 195.07 393.11  89270.15
 61.0 21974.0 295.60   0.014639   1.83 208.16 389.33  89327.71
 61.0 22005.0 295.45   0.013245   2.37 174.91 390.08  89303.65
 61.0 22035.0 294.86   0.011854   2.62 185.43 379.35  89376.88
 61.0 22066.0 294.31   0.008649   3.02 217.35 352.21  89467.41
 61.0 22096.0 295.25   0.009450   3.06 215.23 360.57  89487.05
 61.0 22127.0 298.42   0.010172   2.67 254.09 373.01  89211.00
 61.0 22158.0 299.36   0.009644   2.95 280.42 374.51  89250.84
 61.0 22188.0 298.73   0.013317   2.25 227.79 398.10  89237.30
 61.0 22219.0 296.40   0.015343   1.77 202.26 395.53  89263.48
 61.0 22249.0 295.08   0.015718   1.47 218.76 389.40  89357.41
 62.0 22280.0 294.53   0.015929   1.43 213.80 387.75  89300.84
 62.0 22311.0 295.25   0.015694   1.56 204.52 391.90  89247.90
 62.0 22339.0 296.24   0.014506   1.76 208.82 394.41  89312.45
 62.0 22370.0 295.72   0.012798   2.38 202.67 383.86  89275.05
 62.0 22400.0 295.10   0.010075   2.84 207.23 365.39  89332.91
 62.0 22431.0 295.43   0.009193   2.99 220.18 359.41  89322.85
 62.0 22461.0 296.65   0.008477   3.06 235.84 354.92  89288.37
 62.0 22492.0 298.01   0.007983   3.13 282.89 353.50  89280.55
 62.0 22523.0 298.01   0.011014   2.76 224.81 383.78  89291.55
 62.0 22553.0 296.47   0.014664   1.84 203.95 395.24  89296.58
 62.0 22584.0 297.03   0.014206   1.92 205.17 396.73  89260.44
 62.0 22614.0 294.69   0.015726   1.52 213.19 389.33  89299.93
 63.0 22645.0 293.83   0.015364   1.55 209.06 385.16  89375.59
 63.0 22676.0 294.86   0.015613   1.64 207.69 388.91  89296.14
 63.0 22704.0 296.30   0.013756   2.21 221.91 390.55  89292.90
 63.0 22735.0 296.38   0.011825   2.47 221.53 382.15  89311.79
 63.0 22765.0 294.68   0.011175   2.82 183.91 374.56  89462.23
 63.0 22796.0 294.50   0.010002   3.03 185.42 367.90  89474.62
 63.0 22826.0 295.16   0.008269   3.28 243.14 345.79  89462.41
 63.0 22857.0 297.70   0.008380   3.19 279.29 353.23  89297.33
 63.0 22888.0 299.90   0.009933   2.72 276.33 377.95  89136.41
 63.0 22918.0 299.01   0.012042   2.53 228.38 395.69  89232.61
 63.0 22949.0 297.56   0.014927   1.89 221.00 401.85  89278.16
 63.0 22979.0 295.26   0.015694   1.54 200.44 392.58  89309.90
 64.0 23010.0 295.21   0.016073   1.41 189.98 394.48  89296.79
 64.0 23041.0 295.21   0.016005   1.53 210.20 391.62  89192.52
 64.0 23069.0 296.30   0.014545   2.05 206.13 394.30  89187.05
 64.0 23100.0 296.54   0.011877   2.69 222.71 380.96  89259.74
 64.0 23130.0 295.39   0.010992   2.78 186.27 376.30  89346.88
 64.0 23161.0 294.54   0.010114   2.76 171.92 370.15  89404.68
 64.0 23191.0 296.70   0.009033   3.12 241.38 359.06  89375.10
 64.0 23222.0 298.74   0.009375   2.88 252.12 370.80  89192.55
 64.0 23253.0 299.47   0.009720   3.11 274.09 379.91  89324.99
 64.0 23283.0 299.45   0.012971   2.15 239.05 399.19  89206.67
 64.0 23314.0 296.76   0.015437   1.72 219.16 397.10  89207.75
 64.0 23344.0 294.98   0.015737   1.42 200.48 391.16  89247.70
 65.0 23375.0 295.15   0.015587   1.46 209.74 391.57  89224.99
 65.0 23406.0 294.59   0.015969   1.54 216.09 387.44  89341.91
 65.0 23434.0 296.15   0.014901   1.67 212.89 390.96  89298.11
 65.0 23465.0 295.72   0.012965   2.12 200.50 386.11  89251.84
 65.0 23495.0 295.53   0.011467   2.51 192.06 380.53  89288.67
 65.0 23526.0 293.83   0.010586   2.87 157.90 376.39  89487.63
 65.0 23556.0 295.17   0.009483   2.92 212.92 363.00  89434.73
 65.0 23587.0 298.06   0.009044   3.01 275.17 360.84  89218.84
 65.0 23618.0 299.57   0.009665   2.80 267.80 378.10  89157.88
 65.0 23648.0 298.13   0.012926   2.21 204.92 396.74  89216.70
 65.0 23679.0 297.84   0.014636   1.86 201.70 404.00  89164.32
 65.0 23709.0 294.32   0.015747   1.50 203.44 389.06  89342.50
 66.0 23740.0 294.69   0.015494   1.63 218.17 387.59  89363.57
 66.0 23771.0 295.34   0.015613   1.64 217.66 391.05  89339.80
 66.0 23799.0 296.13   0.013150   2.21 208.10 388.54  89338.42
 66.0 23830.0 295.40   0.012736   2.50 195.67 386.68  89319.49
 66.0 23860.0 294.80   0.011395   2.82 177.94 378.61  89312.96
 66.0 23891.0 294.86   0.008975   2.98 212.28 356.32  89354.88
 66.0 23921.0 295.96   0.008686   3.22 244.99 352.79  89404.34
 66.0 23952.0 298.18   0.010034   2.38 240.33 373.97  89183.15
 66.0 23983.0 298.41   0.012172   2.46 238.38 390.96  89214.63
 66.0 24013.0 298.05   0.012946   2.39 224.20 393.78  89289.55
 66.0 24044.0 297.10   0.014527   1.85 218.04 395.54  89254.98
 66.0 24074.0 295.08   0.016149   1.50 203.53 393.17  89398.88
 67.0 24105.0 295.00   0.015855   1.47 205.05 391.39  89387.48
 67.0 24136.0 296.32   0.015079   1.44 213.69 394.08  89251.17
 67.0 24164.0 295.27   0.015775   1.74 219.68 390.11  89217.06
 67.0 24195.0 295.77   0.013616   2.35 188.26 393.16  89302.22
 67.0 24225.0 295.38   0.011922   2.66 183.44 382.61  89338.86
 67.0 24256.0 294.40   0.010334   2.97 186.36 369.53  89441.68
 67.0 24286.0 294.23   0.008922   3.12 206.82 357.40  89496.68
 67.0 24317.0 297.03   0.008318   3.21 286.98 349.60  89373.23
 67.0 24348.0 298.89   0.011123   2.57 249.57 382.78  89242.36
 67.0 24378.0 298.69   0.012807   2.16 227.73 396.20  89320.60
 67.0 24409.0 296.90   0.013912   2.03 208.65 395.03  89389.77
 67.0 24439.0 294.98   0.015794   1.44 204.47 388.88  89313.06
 68.0 24470.0 295.81   0.015362   1.52 194.12 393.38  89333.64
 68.0 24501.0 296.62   0.015120   1.74 205.47 396.65  89277.98
 68.0 24529.0 297.39   0.012585   2.39 216.57 389.38  89276.95
 68.0 24560.0 297.03   0.012294   2.51 191.23 387.83  89221.46
 68.0 24590.0 296.28   0.010816   2.89 188.96 378.70  89351.27
 68.0 24621.0 295.57   0.009591   3.17 193.99 368.90  89438.95
 68.0 24651.0 296.36   0.008749   3.26 230.76 357.49  89391.72
 68.0 24682.0 299.00   0.008214   3.29 291.40 356.07  89225.92
 68.0 24713.0 299.72   0.010507   2.98 246.76 386.23  89187.19
 68.0 24743.0 299.91   0.011604   2.33 228.93 397.17  89215.28
 68.0 24774.0 298.34   0.013579   1.96 221.79 398.26  89217.01
 68.0 24804.0 295.29   0.015489   1.58 201.19 391.60  89309.98
 69.0 24835.0 295.07   0.015374   1.64 214.43 387.72  89345.86
 69.0 24866.0 295.82   0.015864   1.53 219.70 393.56  89296.35
 69.0 24894.0 297.02   0.014378   2.01 218.54 395.65  89226.43
 69.0 24925.0 296.38   0.012593   2.59 200.92 387.70  89241.55
 69.0 24955.0 295.17   0.011111   2.90 178.47 378.27  89375.18
 69.0 24986.0 295.05   0.009424   2.99 200.15 368.13  89425.30
 69.0 25016.0 296.55   0.008461   3.12 248.23 352.14  89407.45
 69.0 25047.0 297.96   0.007329   3.26 291.54 345.62  89363.67
 69.0 25078.0 299.50   0.011061   2.73 232.89 392.99  89232.62
 69.0 25108.0 299.71   0.012185   2.36 214.87 403.30  89218.91
 69.0 25139.0 297.40   0.014838   1.89 205.72 401.07  89272.95
 69.0 25169.0 295.76   0.015095   1.69 200.81 394.29  89362.99
 70.0 25200.0 296.26   0.014975   1.59 199.83 395.48  89316.14
 70.0 25231.0 295.49   0.015421   1.63 204.67 392.88  89324.41
 70.0 25259.0 297.17   0.013856   2.09 206.78 395.34  89197.12
 70.0 25290.0 296.86   0.012411   2.39 198.17 388.54  89279.41
 70.0 25320.0 296.36   0.010360   2.73 198.85 379.29  89353.98
 70.0 25351.0 296.17   0.008707   2.82 207.51 361.77  89356.93
 70.0 25381.0 296.70   0.007541   3.21 268.50 344.22  89397.71
 70.0 25412.0 298.50   0.008257   3.09 254.42 365.55  89248.23
 70.0 25443.0 299.19   0.011429   2.83 240.52 392.10  89254.80
 70.0 25473.0 299.92   0.011689   2.33 224.23 398.83  89195.76
 70.0 25504.0 297.51   0.014956   1.81 221.07 399.32  89248.82
 70.0 25534.0 295.81   0.015382   1.61 216.50 391.70  89317.27
 71.0 25565.0 295.61   0.015505   1.55 212.85 391.34  89293.80
 71.0 25596.0 295.39   0.015632   1.49 211.85 390.85  89355.66
 71.0 25624.0 295.24   0.015079   1.78 212.30 389.40  89364.76
 71.0 25655.0 296.21   0.012805   2.40 194.75 390.64  89285.97
 71.0 25685.0 295.37   0.011787   2.45 191.96 380.39  89334.25
 71.0 25716.0 295.45   0.010830   2.60 181.30 377.96  89340.40
 71.0 25746.0 295.16   0.008255   3.20 243.35 349.59  89477.90
 71.0 25777.0 298.24   0.008104   3.27 287.32 352.66  89230.18
 71.0 25808.0 298.59   0.011128   2.87 235.10 388.38  89214.72
 71.0 25838.0 298.70   0.012385   2.26 216.84 397.02  89252.36
 71.0 25869.0 296.02   0.015701   1.78 209.73 396.03  89212.77
 71.0 25899.0 294.99   0.015494   1.53 207.31 388.72  89276.62
 72.0 25930.0 294.74   0.015201   1.64 202.08 389.58  89339.24
 72.0 25961.0 294.87   0.015524   1.53 220.76 387.68  89325.66
 72.0 25989.0 295.60   0.014720   1.90 191.10 394.89  89234.79
 72.0 26020.0 296.39   0.012824   2.40 207.88 389.25  89205.77
 72.0 26050.0 295.38   0.011197   2.69 186.12 378.14  89341.17
 72.0 26081.0 294.77   0.009855   2.94 181.40 368.67  89444.30
 72.0 26111.0 296.62   0.009576   2.91 221.30 368.87  89373.24
 72.0 26142.0 298.43   0.010967   2.32 224.23 381.13  89136.12
 72.0 26173.0 299.38   0.010703   3.03 260.40 388.39  89183.96
 72.0 26203.0 297.46   0.014300   2.01 214.87 398.33  89237.79
 72.0 26234.0 296.25   0.015749   1.65 220.70 396.64  89244.59
 72.0 26264.0 295.16   0.015836   1.58 216.75 391.28  89251.21
 73.0 26295.0 294.77   0.015660   1.56 216.40 388.03  89317.30
 73.0 26326.0 295.78   0.015329   1.56 227.85 390.74  89350.29
 73.0 26354.0 295.24   0.014684   1.92 200.40 389.37  89325.21
 73.0 26385.0 295.61   0.012374   2.54 207.13 380.95  89250.24
 73.0 26415.0 294.29   0.011554   2.76 177.02 378.42  89392.53
 73.0 26446.0 293.98   0.008938   2.94 209.41 352.09  89485.95
 73.0 26476.0 296.31   0.008872   3.13 244.00 355.75  89368.98
 73.0 26507.0 297.58   0.009342   2.97 257.09 365.81  89341.23
 73.0 26538.0 298.43   0.011395   2.64 233.29 388.79  89289.62
 73.0 26568.0 297.52   0.014750   1.99 220.77 399.03  89252.51
 73.0 26599.0 296.28   0.015566   1.75 206.23 397.30  89298.73
 73.0 26629.0 295.69   0.015561   1.52 206.92 393.21  89346.08
 74.0 26660.0 294.81   0.015702   1.41 207.87 390.57  89338.91
 74.0 26691.0 295.63   0.015557   1.56 216.08 393.11  89417.44
 74.0 26719.0 296.71   0.013643   1.92 213.11 393.74  89347.37
 74.0 26750.0 295.90   0.012204   2.51 205.89 381.91  89299.89
 74.0 26780.0 295.66   0.011615   2.48 166.20 387.50  89332.92
 74.0 26811.0 295.07   0.010529   2.83 176.73 376.97  89427.12
 74.0 26841.0 296.23   0.009002   2.98 229.87 360.35  89431.62
 74.0 26872.0 298.51   0.010449   2.71 255.56 375.45  89238.08
 74.0 26903.0 298.99   0.011408   2.40 243.06 387.37  89208.52
 74.0 26933.0 297.35   0.014017   2.17 203.26 398.73  89353.02
 74.0 26964.0 296.61   0.015367   1.71 211.86 395.79  89320.44
 74.0 26994.0 295.59   0.016129   1.50 218.25 393.49  89283.52
 75.0 27025.0 295.06   0.016027   1.30 201.96 392.89  89399.06
 75.0 27056.0 296.49   0.015325   1.84 182.70 399.35  89294.33
 75.0 27084.0 296.95   0.013912   2.21 205.34 395.44  89221.55
 75.0 27115.0 295.90   0.013819   2.30 204.59 388.21  89310.34
 75.0 27145.0 295.25   0.011608   2.77 181.60 380.95  89351.53
 75.0 27176.0 294.29   0.010563   2.95 172.08 375.85  89530.44
 75.0 27206.0 295.90   0.009086   3.03 226.57 359.35  89457.03
 75.0 27237.0 297.83   0.009802   2.89 243.31 369.89  89251.14
 75.0 27268.0 298.78   0.011017   2.44 242.62 386.55  89190.41
 75.0 27298.0 298.44   0.013054   2.30 237.55 394.22  89263.79
 75.0 27329.0 295.98   0.015157   1.69 196.31 396.55  89287.85
 75.0 27359.0 295.06   0.015776   1.55 219.53 388.79  89322.09
 76.0 27390.0 293.89   0.015192   1.64 217.42 381.68  89305.10
 76.0 27421.0 295.03   0.015854   1.52 232.02 388.83  89208.56
 76.0 27449.0 295.54   0.014839   1.77 203.04 392.47  89287.59
 76.0 27480.0 294.90   0.012683   2.46 173.58 389.58  89386.48
 76.0 27510.0 294.23   0.011091   2.81 180.22 376.53  89372.87
 76.0 27541.0 293.74   0.009909   2.85 176.18 368.18  89507.07
 76.0 27571.0 296.59   0.008174   3.07 266.32 344.55  89377.39
 76.0 27602.0 297.75   0.008206   3.01 286.75 352.19  89296.34
 76.0 27633.0 298.44   0.011401   2.65 242.27 387.63  89179.74
 76.0 27663.0 298.14   0.011951   2.61 235.56 390.63  89257.07
 76.0 27694.0 296.22   0.014433   1.87 207.13 393.69  89320.12
 76.0 27724.0 295.96   0.014980   1.66 207.76 391.48  89313.44
 77.0 27755.0 294.85   0.015234   1.51 204.85 388.26  89307.94
 77.0 27786.0 295.45   0.015667   1.55 216.64 391.04  89315.18
 77.0 27814.0 296.49   0.013638   2.16 202.93 392.99  89269.95
 77.0 27845.0 296.79   0.012001   2.44 205.32 386.63  89167.24
 77.0 27875.0 295.72   0.011644   2.46 181.69 382.96  89253.30
 77.0 27906.0 294.51   0.009967   3.00 177.94 372.75  89470.66
 77.0 27936.0 295.24   0.008085   3.08 238.68 346.54  89353.96
 77.0 27967.0 298.82   0.008403   2.93 271.45 363.12  89157.00
 77.0 27998.0 298.84   0.011190   2.72 242.15 386.29  89272.30
 77.0 28028.0 298.65   0.013360   2.17 234.67 396.06  89230.80
 77.0 28059.0 297.63   0.014963   1.91 223.55 400.26  89276.95
 77.0 28089.0 294.30   0.015981   1.36 210.39 385.69  89359.64
 78.0 28120.0 294.66   0.015605   1.61 220.95 386.98  89324.13
 78.0 28151.0 294.99   0.016088   1.44 226.02 389.90  89383.63
 78.0 28179.0 296.48   0.014436   2.02 218.20 391.98  89289.37
 78.0 28210.0 295.79   0.012406   2.59 200.67 385.43  89285.08
 78.0 28240.0 295.41   0.011400   2.76 186.76 380.06  89334.50
 78.0 28271.0 295.42   0.010548   2.62 177.96 375.56  89293.41
 78.0 28301.0 296.61   0.009296   2.91 226.82 364.54  89337.91
 78.0 28332.0 297.75   0.012210   2.21 197.66 390.83  89158.11
 78.0 28363.0 299.49   0.010118   2.75 274.00 374.65  89243.31
 78.0 28393.0 299.07   0.012870   2.30 233.20 397.63  89280.22
 78.0 28424.0 296.60   0.015302   1.81 206.76 397.75  89321.26
 78.0 28454.0 295.02   0.015975   1.43 215.71 389.63  89378.51
 79.0 28485.0 294.79   0.016126   1.56 222.22 388.12  89442.63
 79.0 28516.0 295.89   0.015311   1.68 221.55 390.49  89311.38
 79.0 28544.0 296.29   0.013697   2.35 215.86 390.35  89363.86
 79.0 28575.0 295.92   0.012695   2.56 196.95 387.30  89278.14
 79.0 28605.0 296.18   0.010815   2.61 196.81 377.14  89307.70
 79.0 28636.0 295.69   0.009878   2.94 201.45 369.94  89381.38
 79.0 28666.0 296.24   0.009345   2.98 216.65 365.98  89361.87
 79.0 28697.0 298.00   0.009300   2.95 256.04 365.29  89229.23
 79.0 28728.0 298.82   0.010385   3.06 248.48 383.65  89273.69
 79.0 28758.0 298.48   0.013824   2.20 224.39 400.13  89132.05
 79.0 28789.0 297.29   0.014341   1.92 215.30 397.35  89213.47
 79.0 28819.0 295.49   0.015033   1.66 222.12 389.71  89302.99
 80.0 28850.0 293.94   0.015425   1.37 209.61 384.19  89405.28
 80.0 28881.0 294.87   0.015431   1.42 213.34 388.09  89342.48
 80.0 28909.0 294.79   0.014540   1.90 204.05 388.36  89263.83
 80.0 28940.0 295.09   0.013354   2.14 204.09 385.05  89286.48
 80.0 28970.0 294.81   0.010486   2.62 193.41 371.27  89295.27
 80.0 29001.0 293.58   0.009964   2.87 179.95 363.45  89357.66
 80.0 29031.0 294.52   0.007962   3.03 248.27 339.13  89482.27
 80.0 29062.0 296.46   0.008532   2.96 251.71 357.12  89326.28
 80.0 29093.0 299.02   0.010425   2.54 260.57 379.91  89169.73
 80.0 29123.0 298.06   0.013035   2.20 231.79 396.13  89275.41
 80.0 29154.0 295.72   0.015681   1.61 218.90 391.78  89281.22
 80.0 29184.0 294.20   0.015447   1.49 214.88 384.66  89362.60
 81.0 29215.0 294.02   0.015331   1.44 215.58 384.21  89328.16
 81.0 29246.0 294.70   0.015659   1.42 208.84 386.67  89314.71
 81.0 29274.0 295.19   0.014649   2.05 206.74 388.69  89279.64
 81.0 29305.0 295.60   0.012563   2.46 196.09 386.47  89338.61
 81.0 29335.0 294.40   0.011203   2.74 178.23 377.57  89390.20
 81.0 29366.0 295.89   0.010291   2.70 201.84 372.81  89249.40
 81.0 29396.0 296.14   0.008961   3.16 243.44 353.62  89365.09
 81.0 29427.0 297.90   0.008593   3.37 288.65 355.45  89338.52
 81.0 29458.0 299.13   0.011996   2.64 247.21 390.79  89213.38
 81.0 29488.0 297.56   0.014819   2.17 220.85 400.62  89249.22
 81.0 29519.0 297.00   0.015085   1.89 214.50 398.01  89301.57
 81.0 29549.0 295.47   0.015744   1.62 214.84 392.92  89252.08
 82.0 29580.0 295.72   0.015467   1.56 225.25 392.47  89326.65
 82.0 29611.0 295.34   0.016071   1.60 226.62 390.90  89379.61
 82.0 29639.0 295.78   0.015118   1.68 202.75 394.69  89295.39
 82.0 29670.0 296.36   0.012260   2.46 220.80 382.68  89260.28
 82.0 29700.0 295.32   0.011817   2.69 178.00 383.72  89309.34
 82.0 29731.0 294.07   0.010159   3.01 175.84 370.27  89429.69
 82.0 29761.0 296.82   0.008984   2.93 240.76 358.32  89291.70
 82.0 29792.0 298.04   0.008696   3.22 280.59 358.90  89330.90
 82.0 29823.0 299.38   0.010298   3.02 269.15 378.84  89223.69
 82.0 29853.0 298.84   0.012498   2.37 223.07 396.64  89214.50
 82.0 29884.0 296.50   0.015628   1.76 204.01 396.32  89248.88
 82.0 29914.0 295.67   0.015354   1.69 207.85 392.67  89218.51
 83.0 29945.0 294.72   0.015644   1.44 211.80 389.25  89346.60
 83.0 29976.0 295.47   0.016244   1.49 220.46 392.93  89340.53
 83.0 30004.0 295.31   0.014751   1.97 213.85 388.81  89332.79
 83.0 30035.0 295.12   0.012109   2.54 207.42 382.14  89341.19
 83.0 30065.0 294.71   0.012482   2.52 176.00 385.54  89315.87
 83.0 30096.0 295.70   0.011238   2.68 185.47 378.29  89288.77
 83.0 30126.0 296.37   0.009379   2.78 216.20 366.80  89305.38
 83.0 30157.0 298.28   0.010096   2.72 235.04 376.17  89278.67
 83.0 30188.0 298.98   0.012077   2.46 240.64 393.87  89277.49
 83.0 30218.0 297.59   0.015136   1.99 219.15 400.93  89308.50
 83.0 30249.0 295.32   0.016529   1.52 226.47 392.96  89356.07
 83.0 30279.0 294.78   0.015135   1.73 215.12 388.08  89304.86
 84.0 30310.0 294.65   0.015382   1.46 211.26 388.47  89352.96
 84.0 30341.0 296.26   0.015831   1.42 195.06 399.41  89258.06
 84.0 30369.0 296.82   0.014028   2.11 203.13 395.88  89273.99
 84.0 30400.0 296.30   0.013119   2.42 189.59 392.09  89312.65
 84.0 30430.0 295.91   0.010898   2.89 202.85 376.24  89329.26
 84.0 30461.0 295.69   0.009067   2.97 212.01 362.98  89402.59
 84.0 30491.0 296.11   0.007305   3.09 257.35 338.54  89310.00
 84.0 30522.0 298.25   0.007593   3.13 282.51 351.27  89259.16
 84.0 30553.0 298.35   0.011513   2.33 239.13 385.41  89228.46
 84.0 30583.0 298.99   0.011444   2.36 242.84 385.23  89207.33
 84.0 30614.0 296.29   0.014823   1.77 207.48 393.88  89248.79
 84.0 30644.0 294.37   0.015585   1.45 211.81 384.62  89324.00
 85.0 30675.0 293.81   0.015344   1.41 205.38 382.56  89366.10
 85.0 30706.0 294.92   0.015076   1.56 216.22 389.24  89328.79
 85.0 30734.0 295.04   0.014840   1.97 219.46 387.16  89326.60
 85.0 30765.0 295.38   0.012240   2.67 209.94 382.05  89307.25
 85.0 30795.0 294.71   0.011564   2.65 182.97 378.81  89358.05
 85.0 30826.0 294.07   0.009332   2.87 203.30 361.25  89495.68
 85.0 30856.0 295.92   0.008869   3.03 230.28 357.31  89420.26
 85.0 30887.0 296.77   0.008620   3.20 262.08 356.23  89320.61
 85.0 30918.0 299.59   0.010665   2.49 257.94 387.52  89248.90
 85.0 30948.0 298.19   0.013205   2.30 224.48 395.51  89245.47
 85.0 30979.0 296.68   0.014504   2.00 217.85 395.63  89334.84
 85.0 31009.0 294.51   0.015753   1.43 219.61 385.94  89346.63
 86.0 31040.0 294.52   0.015863   1.46 214.19 387.97  89288.65
 86.0 31071.0 294.98   0.015556   1.61 218.46 389.43  89335.45
 86.0 31099.0 295.09   0.014683   2.13 211.02 388.79  89273.13
 86.0 31130.0 295.47   0.013204   2.48 187.28 387.78  89280.29
 86.0 31160.0 294.19   0.011225   2.80 169.26 378.69  89427.70
 86.0 31191.0 295.35   0.008971   2.90 229.58 353.93  89337.73
 86.0 31221.0 295.32   0.009818   2.87 210.25 365.00  89346.97
 86.0 31252.0 298.58   0.009703   2.77 261.91 367.81  89149.45
 86.0 31283.0 299.14   0.010296   2.66 268.37 379.42  89218.48
 86.0 31313.0 296.40   0.015961   1.77 202.97 399.95  89301.72
 86.0 31344.0 296.89   0.015113   1.82 214.04 396.89  89300.21
 86.0 31374.0 294.92   0.016100   1.46 212.44 389.31  89367.73
 87.0 31405.0 294.51   0.015907   1.45 224.15 386.02  89361.01
 87.0 31436.0 295.11   0.015522   1.64 212.83 391.27  89360.46
 87.0 31464.0 296.19   0.014061   2.00 219.26 390.29  89303.02
 87.0 31495.0 295.75   0.012953   2.37 184.28 390.94  89288.15
 87.0 31525.0 295.88   0.012194   2.58 185.52 384.64  89261.32
 87.0 31556.0 294.44   0.010800   2.92 161.37 378.55  89419.29
 87.0 31586.0 295.40   0.009743   3.04 203.94 364.09  89397.02
 87.0 31617.0 297.25   0.008459   3.27 278.52 353.28  89311.59
 87.0 31648.0 298.52   0.011030   2.80 237.29 386.72  89222.86
 87.0 31678.0 297.51   0.014196   2.05 221.27 396.97  89223.35
 87.0 31709.0 296.48   0.014964   1.71 206.22 394.77  89219.09
 87.0 31739.0 294.74   0.015560   1.51 215.44 386.77  89238.38
 88.0 31770.0 294.16   0.015536   1.53 230.56 383.16  89304.62
 88.0 31801.0 295.18   0.015537   1.47 207.59 391.81  89274.20
 88.0 31829.0 295.54   0.014501   1.82 218.46 387.79  89247.46
 88.0 31860.0 294.59   0.012903   2.51 198.31 383.21  89364.34
 88.0 31890.0 294.12   0.011700   2.56 166.62 379.80  89333.53
 88.0 31921.0 293.36   0.010504   3.03 163.39 373.98  89488.59
 88.0 31951.0 295.40   0.008371   3.13 251.24 346.13  89434.70
 88.0 31982.0 297.63   0.008386   2.97 268.44 355.83  89257.83
 88.0 32013.0 299.55   0.010747   2.52 261.78 381.43  89105.66
 88.0 32043.0 298.53   0.011361   2.59 242.50 388.25  89293.84
 88.0 32074.0 296.04   0.015880   1.59 214.57 394.09  89187.55
 88.0 32104.0 294.59   0.015977   1.49 203.79 390.41  89327.98
 89.0 32135.0 294.83   0.015739   1.54 222.28 388.29  89248.97
 89.0 32166.0 295.66   0.015665   1.57 222.98 394.62  89291.75
 89.0 32194.0 296.81   0.014199   2.01 204.06 395.16  89219.21
 89.0 32225.0 295.93   0.012820   2.49 196.06 386.52  89344.93
 89.0 32255.0 294.71   0.011413   2.81 180.77 378.66  89358.84
 89.0 32286.0 294.21   0.010606   3.00 166.49 375.03  89427.54
 89.0 32316.0 296.10   0.009004   3.20 240.07 355.67  89351.08
 89.0 32347.0 299.06   0.007490   2.94 296.67 348.00  89193.06
 89.0 32378.0 299.15   0.010385   2.90 262.95 379.21  89234.66
 89.0 32408.0 299.67   0.012401   2.20 230.79 400.96  89212.88
 89.0 32439.0 297.19   0.014384   2.05 220.63 397.08  89257.82
 89.0 32469.0 295.65   0.015688   1.57 204.88 392.49  89326.27
 90.0 32500.0 294.45   0.015692   1.50 211.74 385.98  89362.88
 90.0 32531.0 295.71   0.015032   1.67 213.76 390.52  89241.91
 90.0 32559.0 296.37   0.013268   2.30 216.37 390.99  89244.23
 90.0 32590.0 296.23   0.011836   2.59 201.50 386.03  89350.81
 90.0 32620.0 296.05   0.010236   2.93 201.21 374.75  89303.87
 90.0 32651.0 295.69   0.009890   2.56 196.05 370.81  89269.98
 90.0 32681.0 296.89   0.007380   3.09 273.16 338.87  89284.72
 90.0 32712.0 299.26   0.007853   2.82 269.61 358.29  89163.51
 90.0 32743.0 298.86   0.012109   2.36 229.16 393.72  89213.05
 90.0 32773.0 298.06   0.014229   2.02 217.10 399.23  89232.84
 90.0 32804.0 296.43   0.016161   1.63 199.67 398.65  89258.81
 90.0 32834.0 295.42   0.015943   1.65 211.91 394.02  89338.77
 91.0 32865.0 295.06   0.015864   1.56 209.74 390.95  89234.16
 91.0 32896.0 294.90   0.015914   1.59 210.33 391.20  89261.43
 91.0 32924.0 296.97   0.013642   2.15 226.38 391.47  89233.98
 91.0 32955.0 296.73   0.012931   2.30 198.07 395.20  89253.50
 91.0 32985.0 296.42   0.011798   2.59 183.74 386.98  89260.74
 91.0 33016.0 295.85   0.009739   3.10 202.99 368.10  89339.26
 91.0 33046.0 296.33   0.009343   3.09 220.93 361.94  89405.41
 91.0 33077.0 297.85   0.009382   2.84 230.91 374.84  89287.55
 91.0 33108.0 299.17   0.011050   2.71 247.64 384.80  89229.41
 91.0 33138.0 298.77   0.012734   2.38 233.99 396.42  89247.19
 91.0 33169.0 296.84   0.014486   1.87 205.47 397.28  89320.37
 91.0 33199.0 294.59   0.015838   1.45 211.48 388.62  89270.34
 92.0 33230.0 294.21   0.015455   1.42 211.86 385.83  89335.51
 92.0 33261.0 294.44   0.015696   1.44 221.16 387.37  89293.90
 92.0 33289.0 295.11   0.015432   1.78 204.18 391.54  89283.84
 92.0 33320.0 295.56   0.013613   2.33 196.31 392.13  89327.94
 92.0 33350.0 294.54   0.011706   2.66 183.05 381.90  89405.10
 92.0 33381.0 294.57   0.009627   2.99 214.77 359.16  89516.36
 92.0 33411.0 294.99   0.008677   3.16 237.34 352.64  89512.25
 92.0 33442.0 297.19   0.008387   3.09 279.21 351.31  89341.98
 92.0 33473.0 298.27   0.011607   2.37 223.30 390.47  89314.36
 92.0 33503.0 298.22   0.013034   2.26 233.34 394.43  89284.30
 92.0 33534.0 296.48   0.015812   1.69 208.43 397.05  89250.99
 92.0 33564.0 294.88   0.015910   1.50 214.70 389.38  89322.80
 93.0 33595.0 294.14   0.015774   1.45 219.15 385.74  89300.38
 93.0 33626.0 294.78   0.015383   1.48 227.63 386.52  89331.12
 93.0 33654.0 296.01   0.014070   1.98 224.18 390.85  89272.34
 93.0 33685.0 295.25   0.013477   2.27 207.70 386.70  89295.40
 93.0 33715.0 294.26   0.012090   2.67 175.37 382.08  89322.86
 93.0 33746.0 293.71   0.010226   2.85 176.68 368.72  89416.16
 93.0 33776.0 295.04   0.009462   3.11 230.79 355.82  89463.66
 93.0 33807.0 297.46   0.010101   2.94 250.27 372.10  89270.86
 93.0 33838.0 298.65   0.010228   2.92 265.55 377.98  89223.98
 93.0 33868.0 297.91   0.013909   2.03 214.11 399.37  89214.83
 93.0 33899.0 295.65   0.015561   1.71 213.10 394.86  89268.68
 93.0 33929.0 294.73   0.015862   1.43 220.78 388.74  89296.75
 94.0 33960.0 294.37   0.015779   1.45 218.87 386.77  89317.60
 94.0 33991.0 295.33   0.015901   1.62 228.88 392.13  89360.97
 94.0 34019.0 295.50   0.014299   2.19 219.88 390.88  89326.66
 94.0 34050.0 295.27   0.012776   2.53 203.92 384.12  89390.07
 94.0 34080.0 294.53   0.011569   2.65 178.74 379.54  89312.41
 94.0 34111.0 294.77   0.009571   2.81 214.93 359.98  89421.42
 94.0 34141.0 294.88   0.009835   3.08 201.34 368.51  89458.21
 94.0 34172.0 296.35   0.008840   3.20 268.82 354.01  89411.78
 94.0 34203.0 297.97   0.011239   2.68 232.69 383.55  89255.88
 94.0 34233.0 297.95   0.013966   1.98 217.97 400.10  89233.05
 94.0 34264.0 296.77   0.014739   1.76 199.72 396.61  89206.23
 94.0 34294.0 295.13   0.015124   1.54 197.19 389.88  89266.60
 95.0 34325.0 294.46   0.015272   1.57 208.68 386.44  89338.75
 95.0 34356.0 294.92   0.015348   1.63 224.31 387.57  89267.29
 95.0 34384.0 295.32   0.015304   1.60 215.02 390.57  89263.54
 95.0 34415.0 295.48   0.013843   2.22 194.94 390.02  89343.89
 95.0 34445.0 294.73   0.010371   2.76 214.04 366.49  89333.68
 95.0 34476.0 294.04   0.010686   2.95 163.18 376.06  89420.55
 95.0 34506.0 294.78   0.009867   3.05 200.10 366.03  89472.23
 95.0 34537.0 297.37   0.010521   2.88 228.99 377.59  89311.08
 95.0 34568.0 298.83   0.011650   2.47 239.75 389.51  89287.61
 95.0 34598.0 297.33   0.014240   1.90 202.77 398.07  89272.28
 95.0 34629.0 296.66   0.014812   1.84 212.29 393.98  89307.84
 95.0 34659.0 295.18   0.015479   1.59 218.17 389.67  89348.68
 96.0 34690.0 294.36   0.015503   1.49 229.47 385.20  89328.30
 96.0 34721.0 295.46   0.016000   1.48 200.18 395.12  89285.65
 96.0 34749.0 295.60   0.015156   1.96 215.26 392.35  89257.39
 96.0 34780.0 294.63   0.012652   2.78 182.70 385.66  89263.26
 96.0 34810.0 295.97   0.010616   2.59 219.41 371.21  89252.39
 96.0 34841.0 295.45   0.009631   2.75 197.59 364.74  89342.70
 96.0 34871.0 295.38   0.009020   2.99 222.63 354.76  89391.66
 96.0 34902.0 297.52   0.009290   2.91 251.52 366.86  89290.94
 96.0 34933.0 299.13   0.011558   2.38 255.68 388.06  89169.30
 96.0 34963.0 298.33   0.014267   2.02 219.70 401.94  89242.88
 96.0 34994.0 296.06   0.016305   1.60 210.00 397.33  89262.30
 96.0 35024.0 294.70   0.015858   1.52 212.80 388.72  89316.05
 97.0 35055.0 295.12   0.015722   1.47 203.52 392.47  89314.20
 97.0 35086.0 295.87   0.015574   1.42 214.18 393.31  89195.09
 97.0 35114.0 296.23   0.014045   2.16 203.05 393.31  89323.06
 97.0 35145.0 294.88   0.013467   2.33 160.69 391.12  89386.48
 97.0 35175.0 294.16   0.011177   2.73 181.62 370.72  89467.43
 97.0 35206.0 295.17   0.010087   2.71 181.01 372.29  89360.08
 97.0 35236.0 295.15   0.008736   3.07 215.41 358.60  89392.15
 97.0 35267.0 297.40   0.008180   2.99 266.35 353.27  89247.52
 97.0 35298.0 298.25   0.013052   2.16 226.28 393.86  89154.28
 97.0 35328.0 297.49   0.013834   2.16 213.40 396.63  89231.38
 97.0 35359.0 296.67   0.014896   1.84 216.16 395.60  89265.70
 97.0 35389.0 295.02   0.015017   1.63 195.16 390.43  89315.22
 98.0 35420.0 294.58   0.015336   1.71 216.86 387.36  89294.37
 98.0 35451.0 294.40   0.015520   1.59 223.14 387.03  89340.14
 98.0 35479.0 295.23   0.014580   1.89 216.77 390.84  89370.62
 98.0 35510.0 295.14   0.013268   2.39 196.24 389.05  89367.34
 98.0 35540.0 294.12   0.011904   2.64 165.68 379.38  89348.01
 98.0 35571.0 294.32   0.009817   2.90 198.30 366.58  89398.23
 98.0 35601.0 295.19   0.010542   2.80 187.73 374.65  89442.58
 98.0 35632.0 297.52   0.009642   3.07 251.13 371.16  89330.78
 98.0 35663.0 299.29   0.010940   2.67 251.10 385.60  89255.98
 98.0 35693.0 298.58   0.013754   2.05 217.52 403.17  89308.76
 98.0 35724.0 297.91   0.014923   1.90 207.67 401.95  89158.54
 98.0 35754.0 295.77   0.016098   1.64 222.50 393.54  89296.14
 99.0 35785.0 295.03   0.016500   1.37 195.14 392.91  89307.74
 99.0 35816.0 295.50   0.016104   1.50 220.61 394.19  89237.59
 99.0 35844.0 296.53   0.015246   1.67 207.18 396.63  89336.97
 99.0 35875.0 295.98   0.012434   2.56 201.32 386.89  89371.87
 99.0 35905.0 296.00   0.011586   2.72 200.25 380.52  89332.66
 99.0 35936.0 295.79   0.009314   2.93 221.08 360.42  89341.67
 99.0 35966.0 295.34   0.008581   3.25 233.24 351.82  89436.66
 99.0 35997.0 297.00   0.008660   3.05 258.35 357.79  89333.12
 99.0 36028.0 299.39   0.009902   2.71 270.83 375.78  89229.68
 99.0 36058.0 298.02   0.012981   2.21 225.36 392.27  89256.52
 99.0 36089.0 296.36   0.014215   1.95 224.19 390.14  89284.41
 99.0 36119.0 294.76   0.015451   1.59 212.10 388.49  89323.54
100.0 36150.0 294.62   0.015325   1.55 222.85 385.41  89271.95
100.0 36181.0 295.62   0.014173   1.86 214.79 389.63  89262.33
100.0 36209.0 295.75   0.014228   1.83 196.63 391.43  89309.23
100.0 36240.0 296.63   0.010504   2.75 230.21 372.69  89266.20
100.0 36270.0 295.81   0.010714   2.74 188.25 378.59  89315.17
100.0 36301.0 295.19   0.009945   2.90 193.38 371.31  89355.45
100.0 36331.0 295.51   0.009125   3.12 212.72 359.38  89389.98
100.0 36362.0 298.40   0.010254   2.74 240.51 378.54  89153.86
100.0 36393.0 299.49   0.011099   2.62 239.64 393.09  89189.41
100.0 36423.0 298.41   0.013316   2.24 228.69 396.05  89262.41
100.0 36454.0 296.99   0.015058   1.85 220.89 396.84  89361.90
100.0 36484.0 295.55   0.015829   1.56 205.84 395.12  89346.71
