  1.0    15.0 294.67   0.014979   0.96 217.71 381.14  88297.52
  1.0    46.0 295.02   0.015236   0.97 227.49 380.62  88270.53
  1.0    74.0 294.01   0.014754   1.14 242.85 371.30  88452.90
  1.0   105.0 292.64   0.013189   1.25 231.59 360.42  88599.41
  1.0   135.0 291.29   0.011437   1.36 228.19 342.93  88820.96
  1.0   166.0 289.50   0.009448   1.52 219.10 324.45  88891.05
  1.0   196.0 289.43   0.008166   1.60 237.30 315.22  88970.53
  1.0   227.0 291.74   0.008420   1.75 254.59 324.23  88777.54
  1.0   258.0 293.31   0.008051   2.02 291.77 328.99  88802.62
  1.0   288.0 296.42   0.008664   2.41 325.23 341.26  88524.66
  1.0   319.0 296.56   0.011391   1.96 282.96 364.96  88391.84
  1.0   349.0 295.35   0.014629   1.12 231.67 381.61  88277.36
  2.0   380.0 294.89   0.015057   1.03 214.02 384.13  88221.24
  2.0   411.0 294.65   0.015358   1.02 216.71 381.52  88336.70
  2.0   439.0 293.95   0.014707   1.13 231.38 373.36  88463.41
  2.0   470.0 292.43   0.013207   1.22 233.27 358.49  88640.88
  2.0   500.0 290.66   0.011195   1.31 218.92 341.55  88856.27
  2.0   531.0 289.75   0.009948   1.33 215.82 329.81  88953.22
  2.0   561.0 290.05   0.008816   1.45 240.95 318.80  88885.55
  2.0   592.0 290.80   0.007743   1.79 263.54 317.15  88928.35
  2.0   623.0 293.66   0.007770   1.99 301.62 325.16  88736.34
  2.0   653.0 296.51   0.008072   2.29 325.96 338.93  88520.60
  2.0   684.0 296.96   0.011988   1.67 281.02 365.55  88286.53
  2.0   714.0 294.95   0.014630   1.09 217.87 381.68  88295.23
  3.0   745.0 294.34   0.014922   0.96 205.54 382.79  88306.39
  3.0   776.0 294.57   0.015262   0.98 213.74 380.88  88332.53
  3.0   804.0 293.86   0.014755   1.01 232.41 372.44  88449.59
  3.0   835.0 292.66   0.013153   1.21 234.51 359.35  88625.27
  3.0   865.0 290.81   0.010922   1.39 225.85 339.58  88844.17
  3.0   896.0 289.00   0.008912   1.38 228.34 317.64  88927.91
  3.0   926.0 289.26   0.007997   1.53 231.36 317.73  88979.73
  3.0   957.0 290.97   0.007479   1.72 274.54 311.17  88864.34
  3.0   988.0 293.33   0.008293   2.00 278.51 334.49  88774.80
  3.0  1018.0 296.72   0.009180   2.34 316.83 346.48  88509.56
  3.0  1049.0 296.92   0.010934   2.09 291.82 362.26  88399.24
  3.0  1079.0 295.39   0.014037   1.24 225.73 380.01  88330.63
  4.0  1110.0 294.59   0.015089   0.94 201.31 384.89  88353.36
  4.0  1141.0 294.83   0.015455   0.97 215.48 383.17  88338.80
  4.0  1169.0 294.03   0.014796   1.00 232.73 373.48  88480.16
  4.0  1200.0 292.76   0.013399   1.22 241.30 358.06  88635.57
  4.0  1230.0 291.25   0.011460   1.26 237.96 337.26  88803.30
  4.0  1261.0 289.77   0.009727   1.29 217.91 327.81  88914.34
  4.0  1291.0 290.06   0.008594   1.43 237.41 318.91  88856.94
  4.0  1322.0 291.55   0.008156   1.73 257.18 323.90  88845.05
  4.0  1353.0 294.26   0.008593   2.00 286.45 336.06  88680.51
  4.0  1383.0 296.46   0.009163   2.36 307.05 348.35  88479.91
  4.0  1414.0 296.77   0.011504   1.96 281.94 364.48  88418.37
  4.0  1444.0 295.59   0.013956   1.28 237.84 376.80  88312.23
  5.0  1475.0 294.68   0.015107   0.92 204.09 385.14  88301.82
  5.0  1506.0 294.38   0.015257   0.99 209.33 383.27  88355.09
  5.0  1534.0 293.59   0.014353   0.99 238.07 368.69  88482.32
  5.0  1565.0 291.92   0.012426   1.30 241.87 350.82  88712.03
  5.0  1595.0 290.22   0.010298   1.35 233.35 332.40  88846.59
  5.0  1626.0 288.77   0.008647   1.48 209.94 323.51  88963.59
  5.0  1656.0 289.52   0.007952   1.45 238.14 313.07  88935.38
  5.0  1687.0 291.21   0.007316   1.72 261.16 317.31  88847.88
  5.0  1718.0 293.51   0.008119   2.06 280.36 333.19  88729.70
  5.0  1748.0 296.23   0.008426   2.26 320.14 340.55  88483.00
  5.0  1779.0 296.17   0.011432   1.99 267.07 366.38  88381.27
  5.0  1809.0 294.58   0.014391   1.07 219.83 378.33  88301.07
  6.0  1840.0 294.29   0.014810   0.94 211.31 379.71  88303.84
  6.0  1871.0 294.02   0.014946   0.91 215.31 378.09  88364.20
  6.0  1899.0 293.51   0.014068   1.07 249.42 363.72  88498.77
  6.0  1930.0 292.41   0.012984   1.23 238.42 355.81  88633.18
  6.0  1960.0 290.79   0.010869   1.30 233.92 335.91  88765.77
  6.0  1991.0 289.35   0.009341   1.41 216.92 322.70  88901.75
  6.0  2021.0 289.32   0.007850   1.51 235.73 312.99  88932.53
  6.0  2052.0 290.47   0.007835   1.80 259.36 317.30  88932.88
  6.0  2083.0 293.74   0.008171   2.05 283.68 332.23  88743.76
  6.0  2113.0 296.08   0.009388   2.32 302.18 348.39  88509.12
  6.0  2144.0 295.86   0.012585   1.83 266.07 368.82  88318.44
  6.0  2174.0 294.73   0.014368   1.23 230.94 379.06  88373.94
  7.0  2205.0 294.22   0.015024   1.00 217.03 380.17  88342.77
  7.0  2236.0 294.37   0.015114   0.94 215.64 379.65  88291.77
  7.0  2264.0 293.63   0.014544   1.03 226.06 372.06  88464.01
  7.0  2295.0 292.08   0.012490   1.25 249.50 349.45  88642.80
  7.0  2325.0 290.58   0.010862   1.43 226.61 336.66  88769.98
  7.0  2356.0 289.36   0.008939   1.45 226.24 321.68  88929.58
  7.0  2386.0 289.01   0.007802   1.57 233.94 313.48  88920.93
  7.0  2417.0 291.31   0.008186   1.84 256.72 323.32  88844.04
  7.0  2448.0 294.04   0.007903   2.04 296.90 329.00  88648.70
  7.0  2478.0 296.10   0.007807   2.26 329.82 333.25  88465.29
  7.0  2509.0 295.91   0.012172   1.75 260.21 368.91  88315.69
  7.0  2539.0 294.89   0.013709   1.33 238.69 374.89  88290.15
  8.0  2570.0 294.49   0.014800   1.05 210.46 381.08  88241.30
  8.0  2601.0 294.44   0.015063   0.95 224.57 377.33  88306.11
  8.0  2629.0 293.86   0.014796   1.02 216.08 375.70  88403.35
  8.0  2660.0 291.92   0.012623   1.27 236.14 353.56  88638.99
  8.0  2690.0 290.93   0.011589   1.27 227.13 340.23  88801.90
  8.0  2721.0 289.35   0.009192   1.41 218.45 328.21  88945.21
  8.0  2751.0 289.38   0.008168   1.53 239.06 314.39  88893.80
  8.0  2782.0 291.17   0.008064   1.81 259.40 321.45  88886.19
  8.0  2813.0 293.51   0.008017   2.09 293.37 329.18  88720.67
  8.0  2843.0 296.10   0.008993   2.47 308.91 346.83  88461.98
  8.0  2874.0 295.42   0.012273   1.78 263.44 366.91  88442.76
  8.0  2904.0 295.12   0.013932   1.20 241.35 375.41  88339.07
  9.0  2935.0 294.87   0.014999   1.08 226.57 380.89  88279.81
  9.0  2966.0 294.94   0.015271   0.99 225.05 380.91  88332.99
  9.0  2994.0 294.01   0.015044   1.02 207.31 380.99  88482.25
  9.0  3025.0 292.33   0.013103   1.22 228.70 359.88  88704.78
  9.0  3055.0 290.41   0.011089   1.35 227.42 336.28  88848.12
  9.0  3086.0 288.77   0.009184   1.45 206.65 328.91  89030.98
  9.0  3116.0 288.63   0.008269   1.57 216.50 321.89  89029.25
  9.0  3147.0 291.19   0.007853   1.66 269.48 315.32  88819.32
  9.0  3178.0 293.50   0.008320   2.05 284.90 331.25  88726.66
  9.0  3208.0 296.53   0.009154   2.48 317.63 345.81  88512.20
  9.0  3239.0 296.42   0.012420   1.88 265.61 371.74  88388.60
  9.0  3269.0 294.99   0.014864   1.08 225.09 380.55  88329.02
 10.0  3300.0 294.63   0.014951   1.01 214.58 382.23  88306.67
 10.0  3331.0 294.59   0.015328   1.01 211.32 383.47  88394.32
 10.0  3359.0 294.35   0.014941   1.10 233.91 375.03  88474.04
 10.0  3390.0 293.04   0.013414   1.21 232.17 363.45  88613.05
 10.0  3420.0 290.78   0.011244   1.36 214.10 343.04  88841.46
 10.0  3451.0 289.80   0.009707   1.42 214.21 330.52  88952.30
 10.0  3481.0 289.74   0.008001   1.51 240.28 315.38  88960.05
 10.0  3512.0 291.18   0.007700   1.78 264.26 318.46  88910.45
 10.0  3543.0 294.17   0.008083   1.99 294.31 330.74  88734.81
 10.0  3573.0 296.54   0.009323   2.33 308.02 350.51  88571.12
 10.0  3604.0 297.22   0.011375   2.19 288.52 366.77  88390.70
 10.0  3634.0 296.18   0.013887   1.33 246.20 377.89  88300.51
 11.0  3665.0 294.41   0.014895   1.01 207.51 382.87  88346.13
 11.0  3696.0 294.69   0.015211   0.92 211.92 383.71  88334.91
 11.0  3724.0 294.18   0.014658   1.00 227.23 374.71  88428.50
 11.0  3755.0 292.72   0.013179   1.17 238.44 357.77  88630.99
 11.0  3785.0 290.89   0.010621   1.35 240.19 332.73  88763.09
 11.0  3816.0 289.76   0.008910   1.44 225.98 322.71  88879.01
 11.0  3846.0 289.35   0.008015   1.63 228.39 317.97  88975.65
 11.0  3877.0 291.62   0.007688   1.65 267.75 317.61  88793.02
 11.0  3908.0 293.62   0.008035   2.05 279.67 333.31  88763.74
 11.0  3938.0 296.24   0.008538   2.25 312.87 343.12  88491.20
 11.0  3969.0 296.55   0.011991   1.76 277.72 367.41  88354.84
 11.0  3999.0 294.77   0.014015   1.25 223.06 378.10  88294.30
 12.0  4030.0 294.64   0.014771   1.03 220.63 379.61  88283.36
 12.0  4061.0 294.92   0.014886   1.11 225.63 379.09  88302.53
 12.0  4089.0 294.00   0.014785   1.04 213.17 377.27  88360.52
 12.0  4120.0 292.45   0.013234   1.21 235.16 358.51  88663.73
 12.0  4150.0 290.57   0.011153   1.35 223.17 338.86  88804.75
 12.0  4181.0 289.24   0.008994   1.39 224.58 324.39  88912.95
 12.0  4211.0 288.52   0.008058   1.60 230.08 313.49  89008.80
 12.0  4242.0 291.23   0.007979   1.77 267.31 317.98  88845.80
 12.0  4273.0 293.57   0.007875   2.02 297.10 326.99  88693.16
 12.0  4303.0 296.39   0.008901   2.28 314.31 344.33  88450.90
 12.0  4334.0 295.57   0.012784   1.56 256.13 369.59  88390.70
 12.0  4364.0 294.50   0.014870   0.99 208.33 382.40  88284.74
 13.0  4395.0 294.44   0.015068   1.01 213.17 381.89  88296.37
 13.0  4426.0 294.50   0.015167   0.98 209.92 382.66  88359.59
 13.0  4454.0 293.84   0.014627   1.09 229.02 373.11  88488.44
 13.0  4485.0 292.44   0.012968   1.21 242.02 355.42  88689.06
 13.0  4515.0 290.82   0.011302   1.34 225.87 339.06  88808.51
 13.0  4546.0 289.55   0.009528   1.38 217.19 326.63  88926.60
 13.0  4576.0 289.23   0.008355   1.54 227.68 318.77  88961.16
 13.0  4607.0 290.93   0.007793   1.75 257.70 317.97  88907.38
 13.0  4638.0 293.70   0.008076   2.04 293.48 329.29  88730.44
 13.0  4668.0 296.51   0.008889   2.27 313.65 343.73  88471.24
 13.0  4699.0 296.17   0.012624   1.72 264.50 371.79  88355.72
 13.0  4729.0 294.81   0.014984   1.09 214.66 384.08  88290.66
 14.0  4760.0 294.49   0.015297   0.96 203.45 383.41  88311.63
 14.0  4791.0 294.76   0.015278   0.98 228.52 379.80  88356.20
 14.0  4819.0 294.06   0.014839   1.04 226.70 375.22  88462.57
 14.0  4850.0 292.74   0.013088   1.17 255.54 353.22  88659.27
 14.0  4880.0 290.39   0.010512   1.38 220.05 337.95  88850.30
 14.0  4911.0 288.81   0.008582   1.52 217.20 321.27  89034.81
 14.0  4941.0 289.70   0.007903   1.58 243.47 313.08  88895.09
 14.0  4972.0 290.92   0.007247   1.78 272.22 311.40  88952.98
 14.0  5003.0 293.87   0.008243   2.01 282.42 333.90  88702.73
 14.0  5033.0 296.60   0.008418   2.28 313.91 343.01  88515.98
 14.0  5064.0 296.56   0.012431   1.70 267.45 369.98  88340.88
 14.0  5094.0 294.94   0.014502   1.13 226.34 381.03  88281.81
 15.0  5125.0 294.73   0.014748   1.08 221.04 380.79  88253.09
 15.0  5156.0 294.80   0.015391   0.98 220.59 381.67  88313.04
 15.0  5184.0 293.89   0.014596   1.16 232.65 372.08  88487.05
 15.0  5215.0 292.58   0.012964   1.19 251.80 352.69  88611.55
 15.0  5245.0 290.78   0.010363   1.45 248.45 329.46  88849.74
 15.0  5276.0 289.27   0.008609   1.65 226.19 320.52  89002.05
 15.0  5306.0 289.10   0.007421   1.64 241.92 310.19  89024.26
 15.0  5337.0 291.11   0.007621   1.80 264.48 317.99  88860.46
 15.0  5368.0 293.97   0.008288   2.09 289.83 331.80  88704.29
 15.0  5398.0 296.36   0.008797   2.35 314.35 344.26  88545.16
 15.0  5429.0 296.93   0.011912   1.75 276.92 367.47  88317.61
 15.0  5459.0 294.85   0.014732   1.05 215.27 382.27  88308.46
 16.0  5490.0 294.33   0.015008   0.99 202.24 383.51  88303.48
 16.0  5521.0 294.60   0.015458   0.96 203.49 384.46  88298.51
 16.0  5549.0 293.93   0.014707   1.10 232.61 371.37  88466.93
 16.0  5580.0 292.29   0.012945   1.24 242.45 353.79  88646.96
 16.0  5610.0 290.58   0.011061   1.32 222.01 339.51  88801.55
 16.0  5641.0 289.14   0.009102   1.46 215.05 325.48  88937.06
 16.0  5671.0 289.48   0.008229   1.60 235.48 316.90  88960.70
 16.0  5702.0 290.87   0.007531   1.82 267.15 315.80  88921.27
 16.0  5733.0 293.90   0.008146   2.02 293.66 330.92  88717.40
 16.0  5763.0 296.86   0.008995   2.41 313.32 348.84  88498.96
 16.0  5794.0 295.78   0.013366   1.49 237.19 376.87  88345.78
 16.0  5824.0 294.29   0.014877   1.04 208.02 382.72  88338.48
 17.0  5855.0 294.60   0.015195   1.04 212.59 381.69  88255.35
 17.0  5886.0 294.33   0.014939   1.08 227.88 377.05  88364.93
 17.0  5914.0 293.97   0.014836   1.10 230.90 373.90  88446.81
 17.0  5945.0 292.48   0.013181   1.20 241.33 355.90  88649.99
 17.0  5975.0 290.97   0.011563   1.27 221.42 343.15  88810.66
 17.0  6006.0 289.23   0.009318   1.45 221.27 324.37  89015.82
 17.0  6036.0 289.49   0.007942   1.55 237.05 316.81  88997.91
 17.0  6067.0 290.77   0.007591   1.89 260.74 318.78  88969.04
 17.0  6098.0 294.11   0.008152   2.05 302.32 329.82  88711.03
 17.0  6128.0 296.27   0.009696   2.41 303.92 351.67  88538.41
 17.0  6159.0 297.42   0.010556   2.39 306.27 361.74  88412.93
 17.0  6189.0 295.67   0.013931   1.35 235.91 378.89  88307.91
 18.0  6220.0 295.18   0.014981   1.08 219.55 382.65  88265.83
 18.0  6251.0 295.09   0.015318   1.03 217.26 383.92  88326.49
 18.0  6279.0 294.33   0.015227   1.03 209.11 381.24  88481.06
 18.0  6310.0 292.78   0.013248   1.21 243.07 357.75  88624.00
 18.0  6340.0 291.32   0.011505   1.32 230.33 340.89  88796.08
 18.0  6371.0 289.86   0.009087   1.46 228.48 324.76  88954.97
 18.0  6401.0 289.43   0.007970   1.63 236.37 313.90  88975.50
 18.0  6432.0 291.69   0.007831   1.75 263.58 320.53  88849.30
 18.0  6463.0 294.80   0.008109   2.10 297.45 333.68  88644.93
 18.0  6493.0 297.20   0.009440   2.34 312.74 351.58  88474.98
 18.0  6524.0 296.09   0.013502   1.61 249.09 378.20  88385.45
 18.0  6554.0 294.96   0.015024   1.08 223.79 381.91  88370.00
 19.0  6585.0 294.48   0.015252   1.00 200.36 385.51  88278.39
 19.0  6616.0 294.74   0.015547   0.96 202.82 385.32  88379.34
 19.0  6644.0 294.21   0.015086   1.00 219.75 378.89  88448.27
 19.0  6675.0 292.67   0.013533   1.16 234.26 359.82  88655.95
 19.0  6705.0 290.91   0.011803   1.32 217.88 343.97  88836.50
 19.0  6736.0 289.03   0.009697   1.42 209.90 328.42  89022.70
 19.0  6766.0 288.70   0.008072   1.49 231.96 316.47  89051.47
 19.0  6797.0 290.83   0.008025   1.74 262.29 317.98  88939.93
 19.0  6828.0 293.26   0.008303   2.06 287.09 331.12  88800.73
 19.0  6858.0 296.31   0.008882   2.33 312.04 345.96  88559.83
 19.0  6889.0 296.01   0.012433   1.77 261.22 371.15  88439.66
 19.0  6919.0 295.05   0.014371   1.14 237.50 377.18  88357.11
 20.0  6950.0 294.72   0.015136   0.92 212.09 381.47  88331.12
 20.0  6981.0 294.73   0.015336   0.98 210.79 383.81  88359.89
 20.0  7009.0 294.10   0.014795   1.06 226.80 374.47  88489.70
 20.0  7040.0 292.56   0.013072   1.28 241.58 355.70  88640.88
 20.0  7070.0 291.10   0.011129   1.41 231.50 338.91  88782.39
 20.0  7101.0 290.16   0.009342   1.46 228.58 325.36  88892.77
 20.0  7131.0 290.46   0.008267   1.62 234.69 321.16  88901.34
 20.0  7162.0 291.51   0.007376   1.72 270.26 315.38  88838.35
 20.0  7193.0 294.42   0.008096   1.99 298.50 331.75  88679.16
 20.0  7223.0 296.19   0.009218   2.09 297.85 347.81  88547.72
 20.0  7254.0 297.41   0.010711   2.10 307.20 359.47  88383.06
 20.0  7284.0 295.32   0.014785   1.19 218.02 384.93  88311.29
 21.0  7315.0 294.84   0.015520   0.94 199.24 387.38  88284.39
 21.0  7346.0 294.76   0.015663   1.00 207.55 385.90  88395.25
 21.0  7374.0 294.28   0.015112   1.08 237.13 374.25  88492.55
 21.0  7405.0 292.60   0.012918   1.24 249.58 354.33  88658.96
 21.0  7435.0 290.81   0.010891   1.38 231.86 336.51  88864.63
 21.0  7466.0 289.34   0.009030   1.48 224.85 321.48  88966.41
 21.0  7496.0 289.69   0.007546   1.53 247.89 310.96  88951.12
 21.0  7527.0 291.64   0.007114   1.68 272.22 312.46  88798.57
 21.0  7558.0 294.13   0.008017   2.10 294.92 331.30  88692.38
 21.0  7588.0 296.80   0.008580   2.42 323.02 343.54  88502.73
 21.0  7619.0 297.27   0.011673   2.04 283.34 368.95  88349.18
 21.0  7649.0 295.20   0.014791   1.15 223.77 382.88  88287.39
 22.0  7680.0 294.75   0.015214   0.98 210.13 384.40  88296.76
 22.0  7711.0 294.79   0.015202   1.02 215.48 382.25  88313.55
 22.0  7739.0 294.22   0.015231   1.07 218.50 379.54  88465.72
 22.0  7770.0 292.96   0.013493   1.23 242.64 358.56  88627.68
 22.0  7800.0 290.98   0.011419   1.35 221.77 342.93  88812.09
 22.0  7831.0 288.78   0.009141   1.51 216.46 322.04  89054.33
 22.0  7861.0 288.66   0.007943   1.57 230.87 315.09  89037.73
 22.0  7892.0 290.93   0.007742   1.77 264.36 317.92  88937.06
 22.0  7923.0 293.92   0.007902   2.03 301.02 328.83  88706.66
 22.0  7953.0 296.58   0.008703   2.30 319.04 343.50  88449.15
 22.0  7984.0 297.78   0.010770   2.19 298.28 363.27  88333.90
 22.0  8014.0 296.10   0.014278   1.37 241.51 380.11  88312.74
 23.0  8045.0 295.42   0.014819   1.09 227.13 381.11  88230.38
 23.0  8076.0 295.08   0.015258   1.01 210.63 386.41  88238.77
 23.0  8104.0 294.29   0.015059   1.01 216.41 377.99  88408.61
 23.0  8135.0 292.44   0.012996   1.22 241.86 354.31  88657.26
 23.0  8165.0 290.86   0.010945   1.38 231.26 337.24  88837.12
 23.0  8196.0 289.41   0.009349   1.53 213.81 327.65  88933.57
 23.0  8226.0 289.42   0.007791   1.59 241.17 312.85  88941.91
 23.0  8257.0 291.47   0.007863   1.82 260.16 320.64  88850.20
 23.0  8288.0 294.01   0.008272   2.07 284.51 335.03  88674.59
 23.0  8318.0 296.06   0.008748   2.31 306.74 344.06  88519.62
 23.0  8349.0 296.13   0.011540   1.86 263.84 367.77  88408.75
 23.0  8379.0 294.99   0.014188   1.14 220.98 379.36  88295.09
 24.0  8410.0 294.59   0.014535   1.08 214.26 379.64  88290.00
 24.0  8441.0 294.30   0.014941   1.03 213.30 381.11  88339.49
 24.0  8469.0 293.52   0.014397   1.10 227.22 370.73  88499.97
 24.0  8500.0 292.28   0.012741   1.28 246.52 353.03  88665.59
 24.0  8530.0 290.81   0.011055   1.37 218.68 341.33  88818.33
 24.0  8561.0 289.32   0.009032   1.53 212.02 327.22  88963.17
 24.0  8591.0 289.54   0.008226   1.64 232.38 317.76  88983.47
 24.0  8622.0 291.24   0.007559   1.76 264.22 315.71  88873.14
 24.0  8653.0 293.62   0.007628   2.10 296.86 327.98  88764.91
 24.0  8683.0 296.32   0.008746   2.38 308.86 344.35  88514.25
 24.0  8714.0 296.71   0.011309   1.99 283.59 364.67  88405.45
 24.0  8744.0 295.22   0.014631   1.18 233.00 380.16  88393.11
 25.0  8775.0 295.32   0.015351   1.00 227.20 382.20  88282.61
 25.0  8806.0 294.57   0.015227   1.02 208.10 383.41  88354.05
 25.0  8834.0 293.80   0.014448   1.12 237.70 372.07  88543.12
 25.0  8865.0 292.50   0.012978   1.29 238.50 357.07  88676.59
 25.0  8895.0 290.85   0.011134   1.38 227.42 338.92  88834.38
 25.0  8926.0 289.46   0.009188   1.52 223.14 325.17  88917.52
 25.0  8956.0 289.59   0.007737   1.65 238.97 314.82  88942.58
 25.0  8987.0 291.12   0.007431   1.79 266.95 316.63  88896.06
 25.0  9018.0 293.52   0.008190   2.19 284.46 332.59  88756.79
 25.0  9048.0 296.45   0.008989   2.51 310.78 349.82  88581.23
 25.0  9079.0 296.61   0.012477   1.72 251.86 374.48  88353.18
 25.0  9109.0 294.12   0.014468   1.10 200.10 382.99  88367.30
 26.0  9140.0 294.78   0.015015   0.96 214.48 381.03  88242.84
 26.0  9171.0 294.50   0.015386   1.05 205.81 384.43  88415.51
 26.0  9199.0 293.91   0.014670   1.12 230.17 373.29  88502.96
 26.0  9230.0 292.53   0.013249   1.24 230.98 360.09  88651.52
 26.0  9260.0 290.89   0.011598   1.38 217.63 344.79  88829.34
 26.0  9291.0 289.20   0.009649   1.40 216.74 327.48  88940.68
 26.0  9321.0 289.60   0.008562   1.60 235.67 319.04  88990.42
 26.0  9352.0 291.24   0.007931   1.77 264.17 319.51  88893.27
 26.0  9383.0 293.96   0.008625   2.15 285.74 336.71  88724.98
 26.0  9413.0 296.39   0.009633   2.37 297.49 354.03  88508.92
 26.0  9444.0 296.02   0.012556   1.91 271.64 370.51  88439.09
 26.0  9474.0 295.31   0.014731   1.17 239.28 380.20  88309.32
 27.0  9505.0 295.00   0.015135   1.04 218.94 382.55  88291.20
 27.0  9536.0 294.90   0.015438   1.00 208.57 385.81  88352.47
 27.0  9564.0 294.27   0.014895   1.13 240.22 374.28  88482.62
 27.0  9595.0 292.47   0.012948   1.25 237.49 357.11  88668.19
 27.0  9625.0 290.34   0.010336   1.40 231.62 334.89  88838.10
 27.0  9656.0 289.19   0.008523   1.56 222.61 323.10  88973.16
 27.0  9686.0 289.62   0.008018   1.63 229.52 320.30  89033.14
 27.0  9717.0 291.58   0.007620   1.77 267.54 317.89  88874.74
 27.0  9748.0 294.29   0.008621   2.00 276.87 340.40  88720.20
 27.0  9778.0 296.78   0.008799   2.36 317.56 344.76  88483.65
 27.0  9809.0 296.78   0.011477   2.14 278.23 368.21  88380.29
 27.0  9839.0 295.29   0.014565   1.24 230.43 380.59  88361.68
 28.0  9870.0 294.87   0.015055   1.05 217.28 381.96  88271.04
 28.0  9901.0 295.09   0.015741   1.06 209.73 386.43  88322.29
 28.0  9929.0 294.37   0.014880   1.06 239.26 373.10  88457.34
 28.0  9960.0 292.63   0.013171   1.24 237.32 357.36  88623.93
 28.0  9990.0 291.24   0.011428   1.33 235.22 339.52  88807.34
 28.0 10021.0 289.46   0.009216   1.51 227.63 322.35  88947.05
 28.0 10051.0 289.59   0.008054   1.64 237.38 315.85  88990.86
 28.0 10082.0 291.30   0.008512   1.86 248.59 326.23  88919.02
 28.0 10113.0 293.75   0.008428   2.15 292.82 332.81  88772.32
 28.0 10143.0 296.70   0.009220   2.31 299.90 351.13  88511.52
 28.0 10174.0 297.32   0.012070   2.00 281.09 371.68  88339.78
 28.0 10204.0 295.67   0.014457   1.29 241.38 380.08  88270.50
 29.0 10235.0 294.86   0.015248   1.02 215.17 383.51  88285.21
 29.0 10266.0 294.74   0.015302   1.03 199.93 385.69  88323.00
 29.0 10294.0 294.10   0.014675   1.15 237.82 372.40  88493.90
 29.0 10325.0 292.66   0.013189   1.37 238.20 357.82  88720.34
 29.0 10355.0 290.95   0.011209   1.38 230.90 337.97  88808.11
 29.0 10386.0 289.40   0.009164   1.50 216.60 325.89  88946.75
 29.0 10416.0 289.47   0.008040   1.68 230.54 318.48  89009.86
 29.0 10447.0 291.48   0.007548   1.81 271.52 316.37  88871.40
 29.0 10478.0 293.84   0.008137   2.11 290.64 332.18  88721.96
 29.0 10508.0 296.78   0.009101   2.36 312.76 349.15  88443.26
 29.0 10539.0 295.73   0.012907   1.74 257.23 373.46  88393.86
 29.0 10569.0 295.25   0.014460   1.20 232.79 378.98  88325.61
 30.0 10600.0 294.65   0.015181   0.95 205.69 383.75  88238.01
 30.0 10631.0 294.35   0.015007   0.97 209.12 380.01  88346.04
 30.0 10659.0 294.00   0.014536   1.08 250.69 368.32  88468.69
 30.0 10690.0 292.67   0.013243   1.19 239.75 357.11  88632.92
 30.0 10720.0 290.42   0.010804   1.50 218.16 338.92  88905.33
 30.0 10751.0 289.29   0.008942   1.51 235.34 318.55  89016.98
 30.0 10781.0 290.19   0.008381   1.52 242.43 316.85  88882.02
 30.0 10812.0 291.53   0.007926   1.83 263.53 320.41  88880.17
 30.0 10843.0 293.95   0.007938   2.18 294.13 330.78  88772.59
 30.0 10873.0 296.26   0.008570   2.35 320.62 341.16  88525.78
 30.0 10904.0 297.10   0.011455   1.97 285.76 364.95  88403.82
 30.0 10934.0 295.72   0.014476   1.24 238.09 380.27  88340.23
 31.0 10965.0 295.06   0.015512   1.03 215.39 385.56  88339.88
 31.0 10996.0 294.92   0.015899   0.98 197.14 389.90  88348.13
 31.0 11024.0 294.31   0.015083   1.11 233.85 374.28  88475.38
 31.0 11055.0 293.13   0.014012   1.15 223.98 366.78  88628.87
 31.0 11085.0 290.94   0.011445   1.35 222.45 343.79  88836.27
 31.0 11116.0 289.12   0.009462   1.46 219.26 325.86  89001.55
 31.0 11146.0 288.63   0.008265   1.53 222.06 318.57  89063.43
 31.0 11177.0 290.49   0.007922   1.76 259.10 318.72  88947.73
 31.0 11208.0 293.25   0.008309   2.11 291.77 330.74  88796.95
 31.0 11238.0 296.93   0.009768   2.35 305.99 354.49  88487.63
 31.0 11269.0 297.59   0.011155   2.13 297.09 364.52  88313.59
 31.0 11299.0 295.89   0.014661   1.24 245.53 380.77  88334.55
 32.0 11330.0 294.99   0.015482   0.93 206.18 387.82  88333.22
 32.0 11361.0 295.37   0.015967   1.03 215.55 388.27  88295.42
 32.0 11389.0 294.62   0.015288   1.08 225.65 378.62  88461.00
 32.0 11420.0 292.86   0.013155   1.29 249.35 355.23  88683.37
 32.0 11450.0 290.94   0.011407   1.46 222.93 341.73  88858.31
 32.0 11481.0 289.46   0.009274   1.61 207.24 330.40  88987.01
 32.0 11511.0 289.10   0.008135   1.70 223.22 318.93  89061.36
 32.0 11542.0 291.74   0.008246   1.85 255.10 325.05  88878.05
 32.0 11573.0 293.61   0.008251   2.11 284.68 332.11  88740.24
 32.0 11603.0 296.03   0.009064   2.32 298.09 345.98  88514.91
 32.0 11634.0 296.57   0.011746   1.71 267.48 367.27  88398.32
 32.0 11664.0 294.85   0.014722   1.10 215.35 381.64  88366.30
 33.0 11695.0 294.82   0.015185   1.00 211.93 382.80  88321.76
 33.0 11726.0 294.79   0.015470   0.99 215.92 382.30  88350.14
 33.0 11754.0 294.01   0.014905   1.04 223.50 377.18  88490.52
 33.0 11785.0 292.33   0.013005   1.25 233.47 357.02  88700.58
 33.0 11815.0 290.40   0.011236   1.35 217.54 339.13  88866.65
 33.0 11846.0 288.73   0.009333   1.42 213.64 322.91  88984.73
 33.0 11876.0 289.41   0.008558   1.53 222.03 323.21  88980.49
 33.0 11907.0 290.31   0.007707   1.71 253.67 318.16  88924.74
 33.0 11938.0 293.33   0.007943   2.04 296.49 325.96  88788.47
 33.0 11968.0 297.11   0.009568   2.35 302.98 355.46  88454.38
 33.0 11999.0 296.06   0.012468   1.78 257.17 372.70  88373.30
 33.0 12029.0 294.88   0.014772   1.15 229.30 380.14  88358.30
 34.0 12060.0 294.91   0.015326   1.02 224.43 382.77  88333.45
 34.0 12091.0 294.81   0.015690   1.00 208.52 384.84  88334.28
 34.0 12119.0 294.16   0.014713   1.07 243.06 372.51  88458.45
 34.0 12150.0 292.77   0.013281   1.30 247.73 356.17  88627.70
 34.0 12180.0 291.11   0.011579   1.34 217.33 346.19  88786.11
 34.0 12211.0 289.49   0.009136   1.44 210.72 329.65  88956.02
 34.0 12241.0 289.15   0.008263   1.60 222.76 319.34  88933.30
 34.0 12272.0 291.87   0.008140   1.73 263.02 322.31  88742.18
 34.0 12303.0 293.88   0.008277   2.08 290.17 333.41  88760.88
 34.0 12333.0 296.79   0.009054   2.40 318.08 347.97  88500.67
 34.0 12364.0 296.14   0.012486   1.93 264.46 371.88  88398.65
 34.0 12394.0 295.00   0.015109   1.06 219.03 384.74  88286.66
 35.0 12425.0 294.78   0.014959   0.98 208.43 382.80  88268.52
 35.0 12456.0 294.53   0.014736   1.24 221.61 379.32  88276.54
 35.0 12484.0 294.11   0.014974   1.00 210.34 379.00  88398.62
 35.0 12515.0 292.34   0.012741   1.27 243.92 353.17  88637.67
 35.0 12545.0 291.14   0.011185   1.35 228.94 340.03  88776.47
 35.0 12576.0 290.09   0.009755   1.48 213.22 333.13  88910.30
 35.0 12606.0 289.64   0.008038   1.61 233.45 318.86  88993.59
 35.0 12637.0 291.23   0.007826   1.83 258.20 322.98  88862.61
 35.0 12668.0 294.58   0.008399   2.05 292.28 335.73  88592.60
 35.0 12698.0 296.36   0.009475   2.29 301.17 351.60  88496.18
 35.0 12729.0 296.01   0.012858   1.67 263.45 372.46  88345.27
 35.0 12759.0 295.59   0.014543   1.20 244.79 379.69  88304.25
 36.0 12790.0 294.91   0.015156   1.09 219.19 382.73  88332.73
 36.0 12821.0 295.22   0.015675   1.02 213.90 386.02  88325.59
 36.0 12849.0 294.52   0.015181   1.12 231.85 376.45  88443.55
 36.0 12880.0 293.22   0.013927   1.19 237.72 362.71  88580.49
 36.0 12910.0 291.04   0.011503   1.29 227.95 340.99  88803.99
 36.0 12941.0 289.34   0.009756   1.41 210.55 330.23  88948.54
 36.0 12971.0 289.11   0.008467   1.57 232.99 316.77  88961.60
 36.0 13002.0 291.58   0.008238   1.71 265.41 320.55  88770.05
 36.0 13033.0 293.18   0.009090   2.01 261.42 340.14  88757.52
 36.0 13063.0 295.75   0.008946   2.21 317.97 340.48  88549.17
 36.0 13094.0 296.75   0.011893   1.98 278.51 369.92  88368.28
 36.0 13124.0 295.04   0.014276   1.13 225.01 380.46  88301.04
 37.0 13155.0 294.53   0.014839   1.07 205.84 382.55  88226.19
 37.0 13186.0 294.62   0.014878   1.10 215.48 380.86  88288.59
 37.0 13214.0 294.18   0.014949   1.02 217.05 378.59  88441.64
 37.0 13245.0 292.18   0.012392   1.35 241.45 353.53  88656.42
 37.0 13275.0 291.30   0.011041   1.36 226.16 343.22  88813.49
 37.0 13306.0 289.79   0.008741   1.45 226.18 324.59  88915.43
 37.0 13336.0 288.73   0.007601   1.67 228.93 312.79  89019.69
 37.0 13367.0 290.68   0.007147   1.82 260.56 315.25  88937.88
 37.0 13398.0 293.37   0.007726   2.12 284.73 331.45  88754.17
 37.0 13428.0 296.33   0.008999   2.30 313.42 346.68  88546.75
 37.0 13459.0 296.20   0.012710   1.71 264.54 372.31  88415.62
 37.0 13489.0 295.47   0.014276   1.28 243.03 378.15  88331.62
 38.0 13520.0 294.60   0.014404   1.15 206.34 382.06  88291.95
 38.0 13551.0 295.10   0.015132   1.06 221.08 382.12  88281.93
 38.0 13579.0 294.23   0.014964   1.07 218.65 378.03  88412.17
 38.0 13610.0 292.63   0.013108   1.29 240.07 356.64  88659.29
 38.0 13640.0 291.29   0.011627   1.37 221.41 345.27  88814.90
 38.0 13671.0 289.53   0.009290   1.56 218.94 325.97  88979.59
 38.0 13701.0 289.05   0.007695   1.62 240.19 312.65  89020.39
 38.0 13732.0 291.24   0.007862   1.84 255.65 321.77  88907.59
 38.0 13763.0 293.56   0.007929   2.17 289.02 331.33  88792.20
 38.0 13793.0 296.23   0.008515   2.33 318.11 341.14  88564.24
 38.0 13824.0 296.63   0.011822   1.98 276.84 368.67  88453.00
 38.0 13854.0 296.08   0.014054   1.35 248.37 378.52  88368.27
 39.0 13885.0 295.32   0.015721   0.95 200.24 390.45  88334.87
 39.0 13916.0 294.92   0.015436   0.98 214.94 384.01  88377.80
 39.0 13944.0 294.04   0.014924   1.11 222.66 377.34  88513.09
 39.0 13975.0 292.63   0.013056   1.30 244.37 355.72  88683.51
 39.0 14005.0 291.34   0.011647   1.33 229.87 343.25  88828.45
 39.0 14036.0 289.42   0.009086   1.44 218.11 327.26  89021.65
 39.0 14066.0 289.65   0.007807   1.61 232.61 320.20  89037.87
 39.0 14097.0 292.11   0.007919   1.79 265.70 325.08  88933.86
 39.0 14128.0 294.52   0.008456   2.14 290.47 338.50  88748.46
 39.0 14158.0 296.98   0.009138   2.50 319.64 349.11  88537.80
 39.0 14189.0 296.91   0.011659   2.06 284.49 368.30  88418.80
 39.0 14219.0 295.88   0.014809   1.29 228.22 384.61  88320.65
 40.0 14250.0 294.97   0.015444   1.05 209.92 385.40  88304.16
 40.0 14281.0 295.08   0.015970   1.03 213.63 387.39  88320.20
 40.0 14309.0 294.68   0.015399   1.08 233.72 378.51  88478.55
 40.0 14340.0 293.05   0.013479   1.29 239.91 361.47  88687.39
 40.0 14370.0 290.82   0.010837   1.37 231.48 338.39  88888.74
 40.0 14401.0 289.89   0.009384   1.47 226.48 326.21  88898.57
 40.0 14431.0 289.79   0.007746   1.59 244.04 313.31  88916.72
 40.0 14462.0 291.72   0.008200   1.89 264.28 324.66  88943.36
 40.0 14493.0 294.08   0.008084   2.14 295.94 334.15  88769.13
 40.0 14523.0 296.61   0.009474   2.41 302.43 353.46  88543.58
 40.0 14554.0 296.88   0.012275   1.90 271.05 371.07  88400.82
 40.0 14584.0 295.47   0.014312   1.39 242.34 378.66  88308.68
 41.0 14615.0 294.78   0.015272   1.00 201.59 386.59  88284.67
 41.0 14646.0 294.76   0.015292   1.04 209.12 384.65  88334.89
 41.0 14674.0 294.15   0.014941   0.95 231.99 374.82  88483.97
 41.0 14705.0 293.04   0.013266   1.15 253.73 356.04  88637.74
 41.0 14735.0 291.00   0.010754   1.36 234.10 337.38  88846.71
 41.0 14766.0 289.85   0.009104   1.46 220.95 327.59  88948.20
 41.0 14796.0 290.13   0.007752   1.54 245.16 314.91  88941.32
 41.0 14827.0 291.89   0.007500   1.80 268.13 318.91  88885.80
 41.0 14858.0 294.80   0.008271   2.17 293.78 337.33  88729.02
 41.0 14888.0 296.95   0.009209   2.46 311.59 351.77  88501.74
 41.0 14919.0 296.80   0.012210   1.93 280.20 367.68  88401.95
 41.0 14949.0 295.96   0.014826   1.26 236.25 382.83  88308.98
 42.0 14980.0 294.78   0.015231   1.05 198.36 387.79  88300.85
 42.0 15011.0 294.99   0.015887   1.01 211.81 385.91  88340.79
 42.0 15039.0 294.67   0.015072   1.09 231.42 377.14  88506.91
 42.0 15070.0 293.06   0.013625   1.23 240.20 360.18  88653.73
 42.0 15100.0 291.69   0.011680   1.35 237.39 341.12  88737.28
 42.0 15131.0 290.07   0.009539   1.60 222.76 329.30  89008.39
 42.0 15161.0 289.58   0.008075   1.76 230.49 321.49  89086.99
 42.0 15192.0 291.69   0.007971   1.87 263.35 323.71  88926.13
 42.0 15223.0 294.46   0.008368   2.13 292.58 336.00  88763.01
 42.0 15253.0 296.24   0.009559   2.31 294.96 351.45  88573.70
 42.0 15284.0 297.63   0.011406   2.36 293.78 368.92  88394.44
 42.0 15314.0 295.85   0.013911   1.45 251.50 376.18  88409.11
 43.0 15345.0 295.35   0.014926   1.16 226.37 384.05  88369.16
 43.0 15376.0 295.44   0.015321   1.18 229.30 382.72  88360.57
 43.0 15404.0 294.38   0.014800   1.11 236.48 375.25  88503.02
 43.0 15435.0 293.28   0.013361   1.30 241.88 361.80  88700.34
 43.0 15465.0 292.10   0.010948   1.41 247.52 338.60  88826.80
 43.0 15496.0 290.24   0.008971   1.55 229.04 324.26  89004.27
 43.0 15526.0 290.46   0.007813   1.65 237.63 319.92  88955.23
 43.0 15557.0 292.62   0.007430   1.80 274.87 321.59  88881.55
 43.0 15588.0 294.84   0.008260   2.13 289.93 338.37  88772.51
 43.0 15618.0 297.36   0.008854   2.42 317.10 349.76  88516.19
 43.0 15649.0 297.22   0.011926   1.93 283.05 368.60  88383.38
 43.0 15679.0 296.51   0.014081   1.44 249.57 381.43  88318.90
 44.0 15710.0 295.07   0.015281   1.06 204.82 387.24  88368.40
 44.0 15741.0 294.98   0.015287   1.05 221.97 382.40  88335.56
 44.0 15769.0 294.77   0.015160   1.20 241.21 377.15  88481.47
 44.0 15800.0 293.09   0.012792   1.41 246.65 356.47  88676.65
 44.0 15830.0 291.96   0.010988   1.52 224.30 346.80  88835.49
 44.0 15861.0 290.90   0.009523   1.65 224.18 331.38  88933.24
 44.0 15891.0 291.21   0.008076   1.66 244.62 320.82  88913.72
 44.0 15922.0 292.71   0.008039   1.81 265.92 325.24  88840.80
 44.0 15953.0 294.63   0.008387   2.08 289.24 337.65  88739.43
 44.0 15983.0 297.06   0.008635   2.34 317.99 347.24  88546.48
 44.0 16014.0 297.45   0.012677   1.84 280.19 373.27  88350.47
 44.0 16044.0 295.49   0.014763   1.24 231.30 382.55  88324.18
 45.0 16075.0 295.35   0.015710   1.01 202.81 388.57  88298.12
 45.0 16106.0 295.51   0.015947   1.01 205.75 390.07  88306.46
 45.0 16134.0 294.40   0.015068   1.05 234.41 374.68  88496.57
 45.0 16165.0 293.20   0.013450   1.24 252.50 356.41  88619.77
 45.0 16195.0 291.62   0.011745   1.45 228.51 345.00  88823.15
 45.0 16226.0 290.12   0.009529   1.64 222.40 328.14  88969.48
 45.0 16256.0 289.94   0.008004   1.69 239.63 317.10  88972.55
 45.0 16287.0 291.51   0.008057   1.93 261.43 321.94  88904.01
 45.0 16318.0 294.41   0.007929   2.09 307.59 328.90  88702.45
 45.0 16348.0 297.30   0.009088   2.35 315.62 349.79  88486.59
 45.0 16379.0 297.01   0.012140   2.18 276.57 372.69  88381.81
 45.0 16409.0 296.08   0.014322   1.26 252.70 378.06  88317.51
