  1.0    15.0 294.81   0.015016   0.95 212.00 380.96  89869.51
  1.0    46.0 295.59   0.015287   0.99 234.58 379.79  89812.95
  1.0    74.0 296.66   0.015173   1.08 256.28 376.92  89756.78
  1.0   105.0 296.07   0.014473   1.28 242.16 373.73  89826.81
  1.0   135.0 295.34   0.012722   1.36 243.93 360.73  90010.46
  1.0   166.0 294.64   0.009392   1.49 256.10 338.03  90050.61
  1.0   196.0 294.33   0.007907   1.55 260.48 327.99  90118.37
  1.0   227.0 296.15   0.008384   1.68 264.65 339.78  89948.50
  1.0   258.0 297.63   0.009188   2.04 268.12 355.96  89932.00
  1.0   288.0 296.75   0.013694   1.54 224.43 378.98  89862.34
  1.0   319.0 295.36   0.015015   1.10 223.37 381.46  89870.82
  1.0   349.0 295.21   0.015377   0.90 218.70 384.07  89818.77
  2.0   380.0 295.41   0.015065   1.09 222.82 381.69  89776.21
  2.0   411.0 295.92   0.015646   0.93 223.36 385.13  89833.12
  2.0   439.0 296.13   0.015329   1.05 242.22 377.48  89815.77
  2.0   470.0 295.86   0.013991   1.48 254.90 368.22  89860.53
  2.0   500.0 295.69   0.011513   1.75 258.36 355.94  90022.92
  2.0   531.0 295.35   0.009461   1.77 254.93 344.08  90099.41
  2.0   561.0 295.62   0.008623   1.57 247.12 342.46  90020.74
  2.0   592.0 295.80   0.007597   1.84 275.02 332.79  90031.55
  2.0   623.0 297.57   0.009692   1.94 272.38 353.42  89885.98
  2.0   653.0 297.44   0.012574   1.56 244.82 373.72  89832.70
  2.0   684.0 295.80   0.015282   0.95 225.58 383.45  89820.47
  2.0   714.0 295.11   0.015313   0.87 210.91 384.94  89835.84
  3.0   745.0 295.05   0.014841   1.02 206.23 382.69  89861.91
  3.0   776.0 295.89   0.015136   0.97 226.57 382.14  89841.55
  3.0   804.0 295.85   0.015568   0.89 233.08 379.14  89830.23
  3.0   835.0 295.74   0.013900   1.34 256.19 366.48  89889.97
  3.0   865.0 295.57   0.011320   1.82 260.62 354.20  90026.94
  3.0   896.0 294.58   0.008845   1.71 256.56 335.90  90094.52
  3.0   926.0 294.31   0.007811   1.62 256.70 328.70  90128.14
  3.0   957.0 295.58   0.007803   1.59 274.60 330.16  90022.05
  3.0   988.0 297.36   0.010019   1.92 250.52 361.77  89936.34
  3.0  1018.0 296.86   0.013928   1.45 233.13 379.08  89867.09
  3.0  1049.0 295.64   0.015264   1.05 232.49 381.05  89868.98
  3.0  1079.0 294.86   0.015131   0.94 202.26 385.63  89893.32
  4.0  1110.0 295.01   0.015141   0.96 198.52 385.58  89917.74
  4.0  1141.0 295.80   0.015487   0.92 217.91 384.40  89854.53
  4.0  1169.0 296.07   0.015750   0.87 233.36 381.46  89857.49
  4.0  1200.0 295.99   0.014248   1.36 253.56 370.01  89867.88
  4.0  1230.0 295.70   0.011947   1.32 257.86 355.67  89999.84
  4.0  1261.0 295.49   0.009586   1.64 247.93 347.31  90065.12
  4.0  1291.0 295.43   0.008336   1.58 245.60 340.12  90012.49
  4.0  1322.0 296.52   0.008652   1.81 261.84 345.24  89982.18
  4.0  1353.0 297.49   0.010711   1.78 258.90 359.80  89883.15
  4.0  1383.0 296.59   0.013829   1.43 227.13 378.45  89838.26
  4.0  1414.0 295.54   0.015399   1.02 216.26 384.47  89896.88
  4.0  1444.0 294.97   0.015154   0.87 220.10 379.90  89858.75
  5.0  1475.0 294.93   0.014701   1.08 205.88 382.07  89881.38
  5.0  1506.0 295.64   0.015127   1.00 216.61 384.30  89862.73
  5.0  1534.0 295.72   0.015250   0.93 231.44 379.16  89873.20
  5.0  1565.0 295.65   0.013116   1.53 262.24 361.94  89920.77
  5.0  1595.0 295.49   0.010307   1.71 263.90 348.31  90022.00
  5.0  1626.0 293.94   0.007967   1.82 260.34 327.89  90118.64
  5.0  1656.0 294.87   0.007618   1.50 249.86 331.77  90081.58
  5.0  1687.0 295.57   0.007126   1.67 269.15 330.29  90008.11
  5.0  1718.0 297.45   0.009662   1.97 261.62 357.09  89880.76
  5.0  1748.0 296.76   0.013002   1.63 236.03 373.36  89805.03
  5.0  1779.0 295.62   0.014745   1.15 225.74 380.42  89834.48
  5.0  1809.0 294.93   0.015085   0.92 200.41 385.47  89834.79
  6.0  1840.0 294.78   0.014771   0.95 202.11 382.10  89856.10
  6.0  1871.0 295.54   0.014993   0.96 221.62 380.42  89831.40
  6.0  1899.0 295.65   0.015042   1.00 236.96 375.75  89880.92
  6.0  1930.0 295.57   0.013984   1.31 248.20 368.22  89881.16
  6.0  1960.0 295.74   0.011398   1.36 256.76 355.98  89964.85
  6.0  1991.0 295.40   0.009073   1.74 250.85 344.49  90049.43
  6.0  2021.0 294.37   0.007298   1.56 257.08 326.24  90083.71
  6.0  2052.0 295.80   0.007967   1.84 254.67 342.43  90051.59
  6.0  2083.0 297.71   0.009581   1.94 268.06 355.02  89905.26
  6.0  2113.0 296.96   0.012860   1.57 239.11 375.41  89842.70
  6.0  2144.0 295.28   0.015235   1.00 214.80 383.91  89795.30
  6.0  2174.0 294.76   0.015217   0.86 201.37 384.48  89891.75
  7.0  2205.0 294.75   0.015142   0.98 201.79 384.31  89873.99
  7.0  2236.0 295.17   0.015051   0.95 219.50 380.95  89824.02
  7.0  2264.0 295.41   0.015579   0.86 225.63 379.53  89855.38
  7.0  2295.0 295.00   0.013593   1.35 269.44 359.93  89891.55
  7.0  2325.0 294.94   0.011530   1.53 264.14 351.13  89974.66
  7.0  2356.0 293.85   0.009143   1.59 252.04 335.36  90137.53
  7.0  2386.0 293.67   0.007529   1.57 256.27 326.32  90097.85
  7.0  2417.0 295.79   0.008509   1.75 254.76 344.13  90009.84
  7.0  2448.0 297.43   0.010611   1.86 267.56 357.48  89847.97
  7.0  2478.0 297.02   0.012930   1.55 242.08 374.76  89797.34
  7.0  2509.0 295.55   0.014774   1.00 225.64 381.07  89803.02
  7.0  2539.0 294.89   0.014974   0.92 215.54 381.41  89819.56
  8.0  2570.0 294.77   0.014826   1.00 210.51 380.54  89798.19
  8.0  2601.0 295.43   0.015286   0.87 220.05 381.17  89815.03
  8.0  2629.0 295.65   0.014926   0.98 238.95 374.94  89828.45
  8.0  2660.0 295.23   0.013726   1.30 252.19 365.52  89888.36
  8.0  2690.0 295.87   0.011410   1.74 259.35 356.77  89998.40
  8.0  2721.0 294.83   0.008823   1.84 258.28 338.22  90101.21
  8.0  2751.0 294.42   0.008164   1.64 247.72 333.60  90068.68
  8.0  2782.0 295.84   0.008453   1.76 255.55 342.17  90049.09
  8.0  2813.0 297.47   0.009515   2.02 270.23 354.86  89880.65
  8.0  2843.0 296.60   0.013618   1.53 226.92 379.09  89802.45
  8.0  2874.0 295.27   0.015040   1.03 218.78 383.38  89891.43
  8.0  2904.0 294.83   0.015183   0.92 218.66 381.76  89869.05
  9.0  2935.0 295.09   0.015231   0.93 213.50 382.57  89833.46
  9.0  2966.0 295.80   0.015548   0.89 230.24 382.09  89832.75
  9.0  2994.0 295.71   0.015801   0.82 217.02 384.28  89898.27
  9.0  3025.0 295.09   0.014264   1.31 252.04 365.43  89958.30
  9.0  3055.0 294.42   0.011687   1.52 260.52 349.34  90062.95
  9.0  3086.0 293.63   0.009307   1.76 258.99 332.99  90185.94
  9.0  3116.0 294.15   0.008754   1.75 248.79 335.84  90163.40
  9.0  3147.0 296.26   0.008538   1.67 262.05 340.46  89952.97
  9.0  3178.0 297.78   0.008975   2.11 286.22 349.51  89852.40
  9.0  3208.0 297.46   0.012887   1.65 232.11 378.71  89820.47
  9.0  3239.0 295.32   0.015234   1.01 215.59 383.16  89886.44
  9.0  3269.0 295.05   0.015252   0.91 207.05 384.86  89876.34
 10.0  3300.0 295.06   0.015291   0.93 203.25 385.34  89864.96
 10.0  3331.0 295.96   0.015796   0.86 222.89 385.29  89875.58
 10.0  3359.0 296.55   0.015222   0.98 249.19 378.68  89854.09
 10.0  3390.0 295.98   0.014777   1.18 240.28 374.17  89879.17
 10.0  3420.0 295.19   0.012277   1.49 253.51 356.03  90030.88
 10.0  3451.0 295.05   0.009854   1.64 251.56 344.54  90120.91
 10.0  3481.0 294.82   0.007757   1.58 263.82 327.99  90111.84
 10.0  3512.0 295.97   0.007657   1.80 265.52 336.95  90034.82
 10.0  3543.0 298.11   0.009160   2.04 278.97 353.68  89888.41
 10.0  3573.0 297.10   0.013283   1.60 234.36 377.83  89897.64
 10.0  3604.0 295.60   0.015193   1.06 227.46 381.54  89869.38
 10.0  3634.0 295.22   0.015446   0.88 217.28 383.41  89852.07
 11.0  3665.0 294.63   0.014841   0.99 204.50 382.13  89900.96
 11.0  3696.0 295.08   0.015069   1.00 208.32 381.89  89895.59
 11.0  3724.0 295.83   0.015542   0.95 228.10 381.73  89862.50
 11.0  3755.0 295.58   0.014222   1.27 248.22 368.29  89899.51
 11.0  3785.0 295.27   0.011217   1.60 262.58 350.59  89974.16
 11.0  3816.0 294.57   0.008779   1.68 258.76 334.90  90068.77
 11.0  3846.0 294.16   0.007642   1.74 257.02 328.68  90137.80
 11.0  3877.0 296.38   0.008041   1.69 267.21 338.70  89954.81
 11.0  3908.0 297.56   0.009780   1.93 261.12 359.05  89939.73
 11.0  3938.0 296.94   0.013263   1.53 236.63 377.60  89823.80
 11.0  3969.0 295.52   0.015297   0.99 226.11 382.59  89843.16
 11.0  3999.0 294.76   0.015279   0.87 200.92 385.55  89824.05
 12.0  4030.0 294.81   0.015077   0.92 211.97 381.43  89837.84
 12.0  4061.0 295.65   0.015161   1.03 233.77 378.80  89819.35
 12.0  4089.0 295.65   0.015472   1.00 228.03 380.60  89819.73
 12.0  4120.0 295.26   0.014342   1.30 243.79 368.73  89925.07
 12.0  4150.0 295.06   0.012044   1.57 258.80 353.73  89995.33
 12.0  4181.0 294.31   0.009483   1.58 248.96 338.12  90083.48
 12.0  4211.0 293.56   0.007620   1.58 259.31 324.13  90170.70
 12.0  4242.0 296.11   0.008268   1.78 259.83 341.20  89987.21
 12.0  4273.0 297.35   0.010037   2.02 264.85 357.60  89863.27
 12.0  4303.0 296.44   0.013459   1.51 231.07 376.93  89828.61
 12.0  4334.0 295.46   0.015134   1.06 223.60 382.23  89847.13
 12.0  4364.0 294.94   0.015046   0.94 204.52 385.03  89835.59
 13.0  4395.0 295.27   0.015328   0.97 210.01 383.94  89823.02
 13.0  4426.0 295.65   0.015060   1.02 219.79 382.85  89876.95
 13.0  4454.0 296.01   0.015453   1.01 232.64 379.92  89856.02
 13.0  4485.0 295.60   0.014157   1.33 249.95 368.38  89936.21
 13.0  4515.0 295.77   0.011239   1.80 263.92 353.15  89986.27
 13.0  4546.0 295.02   0.008669   1.80 259.56 336.55  90092.16
 13.0  4576.0 294.66   0.007548   1.77 262.22 328.68  90097.33
 13.0  4607.0 296.07   0.007661   1.76 268.01 336.72  90035.58
 13.0  4638.0 297.94   0.009728   1.99 272.21 356.56  89879.51
 13.0  4668.0 297.65   0.013143   1.63 247.12 377.97  89793.55
 13.0  4699.0 295.84   0.015410   1.02 216.36 386.51  89828.08
 13.0  4729.0 295.13   0.015475   0.88 186.90 390.04  89831.94
 14.0  4760.0 295.33   0.014813   1.03 220.42 380.58  89865.76
 14.0  4791.0 296.26   0.014891   1.04 236.56 381.21  89838.05
 14.0  4819.0 296.26   0.015100   1.02 242.75 378.08  89850.41
 14.0  4850.0 296.79   0.013647   1.36 263.71 368.89  89876.03
 14.0  4880.0 296.09   0.010861   1.72 263.04 355.00  90011.97
 14.0  4911.0 294.85   0.008492   1.82 256.83 336.90  90177.34
 14.0  4941.0 295.35   0.008084   1.61 244.29 338.11  90027.90
 14.0  4972.0 296.00   0.007990   1.71 263.31 337.25  90082.19
 14.0  5003.0 297.67   0.010187   1.88 249.21 362.24  89882.40
 14.0  5033.0 297.46   0.013167   1.53 249.87 375.69  89845.38
 14.0  5064.0 295.79   0.015392   0.97 220.38 385.02  89848.27
 14.0  5094.0 295.00   0.015206   0.94 199.44 386.54  89836.04
 15.0  5125.0 295.11   0.014987   1.02 211.37 381.82  89833.27
 15.0  5156.0 295.97   0.015697   0.91 213.51 386.59  89812.27
 15.0  5184.0 296.20   0.015367   0.95 250.25 376.59  89830.50
 15.0  5215.0 296.16   0.014250   1.20 251.81 370.48  89850.25
 15.0  5245.0 295.42   0.011125   1.48 261.45 351.68  90037.66
 15.0  5276.0 294.34   0.008569   1.76 258.04 333.23  90152.74
 15.0  5306.0 294.20   0.007364   1.58 257.12 326.62  90166.59
 15.0  5337.0 295.70   0.007508   1.67 275.00 331.35  89992.87
 15.0  5368.0 297.80   0.010421   1.91 259.33 362.30  89881.11
 15.0  5398.0 297.46   0.012627   1.64 245.92 373.54  89840.88
 15.0  5429.0 295.68   0.015187   0.94 229.32 381.12  89834.63
 15.0  5459.0 295.10   0.014946   0.96 204.03 385.00  89855.52
 16.0  5490.0 295.44   0.014648   1.08 211.87 382.48  89836.90
 16.0  5521.0 296.07   0.015626   1.02 205.47 389.05  89805.45
 16.0  5549.0 296.30   0.015448   1.03 243.49 378.60  89816.08
 16.0  5580.0 296.07   0.013759   1.31 250.14 368.68  89865.66
 16.0  5610.0 296.29   0.011563   1.66 250.59 362.55  89959.04
 16.0  5641.0 295.30   0.008700   1.85 252.31 341.30  90068.30
 16.0  5671.0 295.08   0.007768   1.69 248.02 335.51  90085.92
 16.0  5702.0 295.61   0.006910   1.82 277.35 328.57  90040.90
 16.0  5733.0 297.65   0.009675   2.04 270.12 354.72  89887.17
 16.0  5763.0 297.09   0.013353   1.55 236.05 376.51  89855.60
 16.0  5794.0 295.46   0.015123   0.95 217.30 385.40  89867.12
 16.0  5824.0 295.01   0.015288   0.92 194.20 388.40  89867.00
 17.0  5855.0 295.22   0.015102   1.04 206.53 384.01  89832.73
 17.0  5886.0 295.88   0.014889   1.02 236.50 378.38  89834.86
 17.0  5914.0 296.25   0.015456   0.90 235.22 381.42  89834.02
 17.0  5945.0 296.17   0.013783   1.33 252.64 370.10  89889.40
 17.0  5975.0 295.97   0.012094   1.64 249.16 363.03  90003.08
 17.0  6006.0 294.95   0.009107   1.78 255.74 341.26  90163.37
 17.0  6036.0 294.53   0.007766   1.68 254.78 331.12  90152.08
 17.0  6067.0 295.57   0.007243   1.84 274.86 332.05  90094.23
 17.0  6098.0 297.83   0.010018   1.93 268.66 357.27  89880.66
 17.0  6128.0 297.11   0.013366   1.59 233.20 377.54  89849.09
 17.0  6159.0 295.60   0.015214   1.15 221.00 382.66  89871.70
 17.0  6189.0 295.22   0.015517   0.91 208.71 386.82  89843.12
 18.0  6220.0 295.05   0.014860   1.10 209.23 382.81  89859.54
 18.0  6251.0 295.90   0.015304   1.05 215.11 386.60  89866.48
 18.0  6279.0 296.73   0.015611   0.91 242.50 383.18  89858.53
 18.0  6310.0 296.06   0.014317   1.33 252.04 369.96  89866.85
 18.0  6340.0 295.64   0.012492   1.55 242.91 362.07  89992.95
 18.0  6371.0 294.98   0.008964   1.64 258.56 337.77  90108.51
 18.0  6401.0 294.53   0.007629   1.59 255.11 328.24  90127.20
 18.0  6432.0 296.38   0.008364   1.69 257.74 342.35  90001.82
 18.0  6463.0 297.92   0.011017   1.88 254.38 365.03  89858.82
 18.0  6493.0 296.69   0.014316   1.37 230.52 380.62  89868.55
 18.0  6524.0 295.78   0.015550   0.98 223.62 386.53  89876.78
 18.0  6554.0 295.24   0.015414   0.99 199.66 388.17  89920.54
 19.0  6585.0 295.18   0.015024   1.03 202.04 384.97  89849.17
 19.0  6616.0 295.98   0.015274   0.97 209.22 386.85  89899.58
 19.0  6644.0 296.09   0.015852   0.87 217.84 385.13  89867.45
 19.0  6675.0 295.70   0.014250   1.42 250.48 368.18  89906.16
 19.0  6705.0 295.58   0.012231   1.61 250.06 359.60  90035.45
 19.0  6736.0 294.74   0.009381   1.98 255.34 340.78  90177.27
 19.0  6766.0 294.04   0.007603   1.73 261.61 325.66  90203.58
 19.0  6797.0 296.21   0.007479   1.92 271.41 336.50  90058.67
 19.0  6828.0 297.73   0.008914   2.10 279.09 353.02  89934.66
 19.0  6858.0 297.56   0.012850   1.60 238.68 376.90  89873.25
 19.0  6889.0 295.54   0.015339   0.99 222.31 384.08  89906.75
 19.0  6919.0 295.14   0.015339   0.96 202.96 386.14  89881.01
 20.0  6950.0 295.13   0.015098   0.96 207.89 382.92  89890.66
 20.0  6981.0 295.91   0.015504   0.98 220.26 384.95  89866.77
 20.0  7009.0 296.12   0.015616   0.98 225.60 383.60  89871.97
 20.0  7040.0 295.81   0.014226   1.29 250.11 369.35  89868.64
 20.0  7070.0 295.57   0.012298   1.42 250.41 358.06  89958.67
 20.0  7101.0 295.51   0.009961   1.42 241.90 349.62  90058.39
 20.0  7131.0 295.20   0.008233   1.53 250.98 335.07  90051.79
 20.0  7162.0 296.04   0.008457   1.58 260.73 338.90  89995.34
 20.0  7193.0 297.49   0.011045   1.85 250.72 363.77  89887.26
 20.0  7223.0 297.53   0.013273   1.59 250.48 375.64  89847.38
 20.0  7254.0 296.26   0.014878   1.19 227.27 381.54  89826.97
 20.0  7284.0 295.43   0.015552   0.91 206.32 388.46  89848.62
 21.0  7315.0 295.65   0.015111   1.11 206.65 386.55  89852.54
 21.0  7346.0 296.56   0.015791   0.99 223.05 388.08  89850.38
 21.0  7374.0 296.57   0.015812   0.95 244.78 380.17  89845.36
 21.0  7405.0 296.31   0.014116   1.31 251.81 371.38  89881.84
 21.0  7435.0 295.78   0.012069   1.41 249.38 361.01  90051.27
 21.0  7466.0 295.44   0.009032   1.58 256.67 341.32  90105.31
 21.0  7496.0 294.77   0.007249   1.42 260.36 325.12  90102.98
 21.0  7527.0 296.45   0.007043   1.53 274.71 331.19  89954.10
 21.0  7558.0 298.04   0.009526   1.92 262.99 358.60  89856.09
 21.0  7588.0 297.35   0.013178   1.60 243.43 375.80  89840.36
 21.0  7619.0 295.70   0.015250   1.03 228.01 382.14  89850.56
 21.0  7649.0 295.29   0.015489   0.87 200.01 387.68  89815.80
 22.0  7680.0 295.24   0.015306   1.00 197.46 387.04  89854.37
 22.0  7711.0 295.84   0.015481   1.03 215.56 384.30  89826.42
 22.0  7739.0 296.54   0.015505   1.02 244.56 380.00  89825.41
 22.0  7770.0 296.47   0.014595   1.16 247.89 374.48  89891.36
 22.0  7800.0 295.63   0.012428   1.43 250.80 361.18  90008.42
 22.0  7831.0 294.09   0.008766   1.68 262.20 330.84  90215.70
 22.0  7861.0 294.06   0.007735   1.58 252.30 328.83  90180.07
 22.0  7892.0 295.98   0.008136   1.68 256.32 341.90  90071.87
 22.0  7923.0 297.85   0.009935   1.89 255.62 360.93  89877.81
 22.0  7953.0 296.97   0.013136   1.56 246.63 373.36  89808.89
 22.0  7984.0 295.78   0.015315   0.94 231.86 381.64  89851.10
 22.0  8014.0 295.63   0.015658   0.87 218.72 385.03  89837.01
 23.0  8045.0 295.38   0.015065   1.12 210.98 384.02  89818.55
 23.0  8076.0 295.89   0.015221   1.21 211.65 385.59  89800.80
 23.0  8104.0 296.14   0.015413   1.08 220.80 383.47  89859.76
 23.0  8135.0 296.02   0.013760   1.36 249.12 369.02  89896.26
 23.0  8165.0 296.03   0.011019   1.79 262.03 355.15  89995.70
 23.0  8196.0 295.26   0.009180   1.79 247.86 344.82  90066.83
 23.0  8226.0 294.62   0.007605   1.56 254.58 328.83  90071.25
 23.0  8257.0 296.33   0.007543   1.81 267.82 337.26  89975.29
 23.0  8288.0 297.36   0.010436   1.80 252.03 361.12  89875.17
 23.0  8318.0 296.84   0.013313   1.48 237.93 376.82  89854.99
 23.0  8349.0 295.49   0.015099   1.00 222.61 383.49  89902.32
 23.0  8379.0 294.95   0.015083   0.99 203.38 384.79  89852.16
 24.0  8410.0 294.95   0.014590   1.07 205.34 381.73  89874.61
 24.0  8441.0 295.73   0.014883   1.06 225.91 381.12  89822.53
 24.0  8469.0 295.85   0.015329   1.02 232.30 379.07  89878.74
 24.0  8500.0 295.78   0.013393   1.52 258.19 365.75  89887.04
 24.0  8530.0 295.42   0.011638   1.66 245.38 358.52  90013.63
 24.0  8561.0 294.62   0.008591   1.88 259.98 333.82  90107.44
 24.0  8591.0 294.89   0.007687   1.72 253.62 333.33  90118.09
 24.0  8622.0 296.14   0.007848   1.76 266.89 336.52  90016.98
 24.0  8653.0 297.86   0.008437   2.07 288.52 346.44  89887.14
 24.0  8683.0 297.44   0.013152   1.54 235.05 379.76  89834.20
 24.0  8714.0 296.12   0.014968   1.09 230.65 383.71  89862.09
 24.0  8744.0 295.35   0.015421   0.92 205.01 387.08  89923.28
 25.0  8775.0 295.69   0.015543   0.92 219.23 384.72  89817.30
 25.0  8806.0 296.07   0.015507   0.99 219.39 386.26  89833.22
 25.0  8834.0 296.27   0.015761   0.96 231.31 384.72  89890.47
 25.0  8865.0 295.84   0.014012   1.48 253.11 369.79  89901.77
 25.0  8895.0 295.66   0.011679   1.64 258.20 355.43  90007.39
 25.0  8926.0 294.54   0.009463   1.66 254.68 337.30  90078.31
 25.0  8956.0 294.38   0.007645   1.63 254.31 328.96  90102.30
 25.0  8987.0 295.91   0.008032   1.72 257.76 340.10  90042.23
 25.0  9018.0 297.41   0.009925   1.98 267.66 355.55  89921.02
 25.0  9048.0 297.61   0.012449   1.80 250.74 373.67  89854.59
 25.0  9079.0 295.57   0.015487   0.89 217.98 386.45  89886.70
 25.0  9109.0 294.91   0.015219   0.96 192.98 388.52  89891.30
 26.0  9140.0 295.05   0.014728   1.08 205.65 383.14  89835.45
 26.0  9171.0 296.07   0.015437   0.94 223.82 384.72  89876.48
 26.0  9199.0 296.26   0.015331   1.02 241.11 379.78  89866.98
 26.0  9230.0 296.01   0.014289   1.28 248.09 371.95  89914.70
 26.0  9260.0 295.66   0.011948   1.74 259.08 358.01  90012.27
 26.0  9291.0 294.86   0.009584   1.67 254.44 341.64  90092.00
 26.0  9321.0 294.72   0.007819   1.61 262.71 329.48  90142.95
 26.0  9352.0 296.06   0.007977   1.79 272.64 336.48  90034.14
 26.0  9383.0 297.98   0.009317   2.11 279.26 355.28  89875.36
 26.0  9413.0 296.93   0.013694   1.45 229.42 380.62  89854.30
 26.0  9444.0 295.46   0.015651   0.97 211.35 386.82  89878.00
 26.0  9474.0 295.19   0.015711   0.84 209.50 387.59  89851.95
 27.0  9505.0 295.10   0.015232   0.98 205.89 384.96  89876.09
 27.0  9536.0 295.72   0.015215   1.01 227.12 381.13  89866.30
 27.0  9564.0 296.33   0.015904   0.91 244.40 380.42  89832.73
 27.0  9595.0 295.38   0.014946   1.13 234.32 373.00  89932.68
 27.0  9625.0 294.53   0.012056   1.40 262.90 349.85  90028.95
 27.0  9656.0 293.97   0.009500   1.60 254.67 336.54  90131.37
 27.0  9686.0 294.14   0.008093   1.62 257.78 330.29  90191.08
 27.0  9717.0 296.22   0.007831   1.71 270.88 336.04  90010.09
 27.0  9748.0 297.30   0.010408   1.84 257.58 360.67  89942.38
 27.0  9778.0 297.45   0.013412   1.54 246.71 375.76  89804.01
 27.0  9809.0 295.61   0.015459   1.05 213.73 386.43  89857.60
 27.0  9839.0 295.04   0.015454   0.87 194.08 389.16  89904.67
 28.0  9870.0 295.30   0.014800   1.02 213.10 381.61  89826.88
 28.0  9901.0 296.09   0.015546   0.96 211.56 387.76  89848.32
 28.0  9929.0 296.67   0.015401   0.99 242.51 381.08  89818.60
 28.0  9960.0 295.86   0.014072   1.31 252.97 367.61  89870.91
 28.0  9990.0 295.91   0.011497   1.62 254.97 357.16  89994.05
 28.0 10021.0 295.25   0.008838   1.78 257.26 339.23  90081.50
 28.0 10051.0 294.77   0.007689   1.63 253.51 331.71  90122.73
 28.0 10082.0 296.49   0.008231   1.95 258.02 346.44  90033.73
 28.0 10113.0 297.84   0.009795   2.12 268.18 357.98  89916.81
 28.0 10143.0 297.09   0.013915   1.50 231.71 381.99  89879.77
 28.0 10174.0 295.90   0.015569   1.06 223.02 386.10  89844.59
 28.0 10204.0 295.34   0.015670   0.86 206.94 387.50  89809.11
 29.0 10235.0 295.40   0.015409   1.05 214.97 384.88  89816.45
 29.0 10266.0 295.67   0.015037   1.07 216.69 382.80  89871.83
 29.0 10294.0 296.65   0.015897   0.94 245.64 382.52  89845.05
 29.0 10325.0 296.24   0.014027   1.41 260.39 369.24  89928.82
 29.0 10355.0 296.15   0.011688   1.61 257.36 359.22  89990.86
 29.0 10386.0 295.23   0.008736   1.73 258.09 339.63  90082.97
 29.0 10416.0 294.95   0.007732   1.72 252.75 334.84  90138.91
 29.0 10447.0 296.26   0.007382   1.75 275.36 333.48  90001.25
 29.0 10478.0 297.67   0.009836   2.01 256.54 359.65  89878.33
 29.0 10508.0 297.19   0.013840   1.59 231.10 381.71  89794.51
 29.0 10539.0 295.82   0.015439   1.07 217.23 386.89  89840.16
 29.0 10569.0 295.42   0.015658   0.89 211.03 387.09  89850.59
 30.0 10600.0 294.96   0.015040   1.05 201.17 383.45  89813.55
 30.0 10631.0 295.61   0.014660   1.10 224.55 379.53  89868.48
 30.0 10659.0 296.46   0.015468   0.97 250.28 378.27  89801.46
 30.0 10690.0 296.05   0.014446   1.24 248.03 372.34  89879.45
 30.0 10720.0 295.78   0.011841   1.44 254.85 360.51  90068.95
 30.0 10751.0 294.92   0.008690   1.58 259.42 335.82  90149.97
 30.0 10781.0 295.50   0.008102   1.52 249.48 336.03  90020.12
 30.0 10812.0 296.51   0.007391   1.89 278.87 334.06  89994.12
 30.0 10843.0 297.96   0.008928   2.11 282.55 350.36  89911.74
 30.0 10873.0 297.60   0.013104   1.58 238.64 378.07  89818.88
 30.0 10904.0 296.52   0.015121   1.12 235.59 383.67  89855.24
 30.0 10934.0 295.42   0.015623   0.91 204.67 388.17  89896.05
 31.0 10965.0 295.58   0.015474   1.01 211.70 385.81  89881.27
 31.0 10996.0 296.39   0.016187   0.91 211.84 390.65  89834.99
 31.0 11024.0 296.35   0.016032   0.88 232.88 384.98  89881.04
 31.0 11055.0 295.73   0.015001   1.16 238.36 373.63  89925.96
 31.0 11085.0 294.99   0.011896   1.62 262.41 351.70  90049.62
 31.0 11116.0 294.28   0.009479   1.70 256.58 337.34  90170.07
 31.0 11146.0 293.91   0.008029   1.59 254.18 329.00  90220.37
 31.0 11177.0 295.67   0.007985   1.80 259.06 339.49  90077.94
 31.0 11208.0 297.74   0.009152   2.04 277.39 352.88  89921.53
 31.0 11238.0 297.06   0.013779   1.55 231.92 379.98  89844.66
 31.0 11269.0 295.81   0.015597   0.92 225.30 384.77  89829.65
 31.0 11299.0 295.22   0.015479   0.89 199.10 389.38  89903.05
 32.0 11330.0 295.41   0.015434   0.97 201.09 387.18  89875.86
 32.0 11361.0 296.22   0.015753   1.01 226.49 386.14  89834.82
 32.0 11389.0 296.40   0.016070   0.96 224.75 384.96  89872.75
 32.0 11420.0 296.14   0.014164   1.39 255.45 368.96  89912.75
 32.0 11450.0 295.88   0.011658   1.63 257.48 357.34  90027.41
 32.0 11481.0 295.05   0.009038   1.76 256.87 339.77  90125.42
 32.0 11511.0 294.43   0.007711   1.67 253.18 330.52  90185.44
 32.0 11542.0 296.67   0.008501   1.75 256.73 346.02  90013.15
 32.0 11573.0 297.92   0.009717   2.09 263.09 358.18  89879.99
 32.0 11603.0 297.21   0.013183   1.64 235.51 377.33  89833.09
 32.0 11634.0 295.60   0.015180   1.00 218.25 383.81  89913.12
 32.0 11664.0 295.21   0.015114   0.96 212.47 383.47  89902.06
 33.0 11695.0 295.49   0.014884   1.02 205.75 383.84  89863.74
 33.0 11726.0 296.32   0.015156   0.98 221.78 384.84  89822.28
 33.0 11754.0 296.57   0.015107   1.01 241.50 380.05  89850.47
 33.0 11785.0 296.25   0.013486   1.58 255.15 369.27  89912.76
 33.0 11815.0 296.10   0.011093   1.92 256.36 358.36  90024.23
 33.0 11846.0 294.74   0.008515   1.90 255.39 336.10  90128.78
 33.0 11876.0 295.00   0.007865   1.64 246.39 335.59  90124.81
 33.0 11907.0 295.73   0.007316   1.81 262.86 335.07  90042.59
 33.0 11938.0 298.14   0.008596   2.08 275.97 353.42  89907.60
 33.0 11968.0 297.47   0.013421   1.53 232.05 380.13  89819.74
 33.0 11999.0 295.48   0.015480   0.99 209.23 386.18  89862.44
 33.0 12029.0 295.18   0.015516   0.92 210.54 386.52  89879.60
 34.0 12060.0 295.40   0.015497   0.94 207.48 385.27  89866.10
 34.0 12091.0 295.93   0.015642   0.95 222.70 384.91  89852.76
 34.0 12119.0 296.13   0.015738   0.98 233.55 380.93  89830.11
 34.0 12150.0 295.67   0.014616   1.32 241.70 371.78  89881.65
 34.0 12180.0 295.36   0.012535   1.46 245.61 360.28  89975.41
 34.0 12211.0 294.26   0.009242   1.56 256.96 335.32  90123.14
 34.0 12241.0 294.52   0.008069   1.64 253.76 332.49  90075.91
 34.0 12272.0 296.44   0.009386   1.56 250.04 347.68  89915.50
 34.0 12303.0 297.49   0.010010   1.94 271.96 355.36  89936.39
 34.0 12333.0 296.98   0.013466   1.50 233.95 377.11  89854.52
 34.0 12364.0 295.50   0.015386   1.05 216.93 384.83  89854.39
 34.0 12394.0 295.06   0.015517   0.88 199.27 388.11  89826.80
 35.0 12425.0 294.79   0.014791   1.00 198.15 382.46  89858.48
 35.0 12456.0 295.46   0.014987   1.03 231.13 379.14  89805.14
 35.0 12484.0 295.86   0.015612   0.85 223.32 382.54  89839.70
 35.0 12515.0 295.44   0.014014   1.29 248.06 366.83  89919.23
 35.0 12545.0 295.67   0.011753   1.64 255.45 358.48  89977.20
 35.0 12576.0 295.23   0.010130   1.78 242.48 350.13  90076.24
 35.0 12606.0 294.36   0.007859   1.63 257.45 329.12  90151.42
 35.0 12637.0 296.03   0.008211   1.86 255.08 343.46  89990.30
 35.0 12668.0 297.68   0.010473   1.88 258.50 362.03  89813.05
 35.0 12698.0 297.18   0.013610   1.58 239.61 378.25  89818.06
 35.0 12729.0 295.58   0.015633   0.95 214.72 388.74  89839.25
 35.0 12759.0 295.10   0.015506   0.83 200.04 387.91  89860.94
 36.0 12790.0 295.15   0.015315   0.96 200.98 385.24  89874.02
 36.0 12821.0 295.78   0.015467   1.00 211.22 386.29  89878.05
 36.0 12849.0 296.85   0.015619   0.91 255.38 380.00  89816.44
 36.0 12880.0 296.17   0.014808   1.16 236.16 376.59  89867.95
 36.0 12910.0 295.49   0.012289   1.48 250.83 359.27  90007.35
 36.0 12941.0 294.53   0.009578   1.68 254.67 339.92  90121.91
 36.0 12971.0 294.72   0.008226   1.72 252.88 336.15  90115.38
 36.0 13002.0 296.41   0.008291   1.67 254.96 342.80  89929.71
 36.0 13033.0 296.78   0.011368   1.77 240.46 366.80  89963.45
 36.0 13063.0 297.00   0.013595   1.57 243.63 377.87  89854.92
 36.0 13094.0 295.54   0.015266   1.03 217.52 385.10  89861.95
 36.0 13124.0 295.00   0.015291   0.94 206.51 385.65  89842.66
 37.0 13155.0 294.83   0.014924   1.05 191.61 384.56  89816.17
 37.0 13186.0 295.27   0.015003   1.01 205.71 383.07  89841.73
 37.0 13214.0 296.11   0.015375   0.97 232.82 380.62  89854.36
 37.0 13245.0 295.58   0.013757   1.41 252.73 367.70  89882.45
 37.0 13275.0 295.35   0.012400   1.41 237.84 362.49  90023.47
 37.0 13306.0 295.04   0.009554   1.54 249.99 343.85  90082.63
 37.0 13336.0 294.09   0.007684   1.61 254.37 328.31  90166.24
 37.0 13367.0 295.44   0.007988   1.72 262.48 335.58  90077.95
 37.0 13398.0 297.94   0.008994   2.07 271.73 355.14  89879.70
 37.0 13428.0 296.83   0.013737   1.44 223.32 380.60  89897.09
 37.0 13459.0 295.69   0.015481   0.99 222.89 386.08  89891.66
 37.0 13489.0 295.11   0.015475   0.95 198.91 387.17  89866.61
 38.0 13520.0 294.79   0.014350   1.18 203.39 381.02  89907.14
 38.0 13551.0 295.87   0.014757   1.14 222.55 381.81  89839.55
 38.0 13579.0 296.51   0.015612   0.99 222.29 385.85  89813.43
 38.0 13610.0 296.02   0.014317   1.29 244.13 372.69  89903.98
 38.0 13640.0 295.66   0.012668   1.52 237.46 364.19  90003.21
 38.0 13671.0 295.06   0.009237   1.71 257.89 340.34  90116.65
 38.0 13701.0 294.34   0.007694   1.55 258.07 327.27  90153.78
 38.0 13732.0 296.31   0.008235   1.78 247.45 345.57  90040.66
 38.0 13763.0 298.02   0.008853   2.09 275.23 354.18  89914.66
 38.0 13793.0 298.07   0.012105   1.73 254.85 371.32  89828.48
 38.0 13824.0 296.01   0.015423   1.07 213.58 387.65  89916.50
 38.0 13854.0 295.67   0.015706   0.90 208.62 388.17  89892.45
 39.0 13885.0 295.58   0.015673   0.94 197.23 389.76  89894.27
 39.0 13916.0 295.95   0.015546   1.02 212.30 386.47  89915.66
 39.0 13944.0 296.16   0.015947   0.88 218.33 385.88  89898.04
 39.0 13975.0 295.84   0.014433   1.39 253.24 370.11  89929.75
 39.0 14005.0 295.61   0.012491   1.45 245.74 361.63  90044.48
 39.0 14036.0 294.71   0.009232   1.65 261.78 336.69  90178.88
 39.0 14066.0 294.49   0.007667   1.68 261.89 327.03  90195.81
 39.0 14097.0 296.48   0.007798   1.79 274.07 337.69  90079.66
 39.0 14128.0 298.49   0.009409   2.01 272.80 359.46  89898.21
 39.0 14158.0 297.88   0.013735   1.57 230.73 383.40  89842.62
 39.0 14189.0 296.10   0.015765   1.02 218.55 387.66  89879.66
 39.0 14219.0 295.54   0.015724   0.86 205.29 389.30  89878.72
 40.0 14250.0 295.50   0.015523   0.96 199.18 387.42  89862.49
 40.0 14281.0 296.61   0.016341   0.97 220.83 389.70  89783.59
 40.0 14309.0 296.87   0.015995   0.91 243.77 383.01  89848.73
 40.0 14340.0 296.18   0.015031   1.26 244.07 376.38  89939.17
 40.0 14370.0 295.80   0.011764   1.38 269.04 353.04  90057.00
 40.0 14401.0 295.35   0.009307   1.51 256.11 340.90  90056.92
 40.0 14431.0 295.16   0.008111   1.57 249.82 335.55  90066.09
 40.0 14462.0 296.78   0.008599   1.86 263.15 346.97  90069.16
 40.0 14493.0 298.05   0.009402   1.98 273.07 355.72  89911.29
 40.0 14523.0 297.31   0.013899   1.58 231.00 382.55  89876.52
 40.0 14554.0 296.35   0.015724   1.02 226.34 387.97  89865.15
 40.0 14584.0 295.44   0.015738   0.91 208.37 388.02  89825.58
 41.0 14615.0 295.13   0.015000   1.04 196.89 386.37  89858.62
 41.0 14646.0 295.68   0.015225   0.99 213.36 384.76  89866.12
 41.0 14674.0 296.35   0.015498   0.92 238.00 380.68  89867.88
 41.0 14705.0 295.85   0.014929   1.13 236.40 374.95  89930.02
 41.0 14735.0 295.43   0.011695   1.64 260.70 354.40  90044.80
 41.0 14766.0 294.88   0.009442   1.61 251.38 340.85  90119.81
 41.0 14796.0 294.90   0.007945   1.47 261.46 329.37  90106.48
 41.0 14827.0 296.43   0.007357   1.76 275.84 334.91  90034.26
 41.0 14858.0 297.98   0.010475   1.95 261.38 362.68  89933.76
 41.0 14888.0 298.19   0.012892   1.72 252.28 377.66  89795.02
 41.0 14919.0 296.20   0.015596   1.09 223.89 386.85  89873.05
 41.0 14949.0 295.64   0.015636   0.94 212.12 387.86  89869.45
 42.0 14980.0 295.64   0.015553   1.07 195.78 390.16  89839.20
 42.0 15011.0 296.20   0.015751   1.00 221.08 386.70  89843.37
 42.0 15039.0 296.72   0.015518   0.96 229.49 386.25  89921.94
 42.0 15070.0 296.79   0.013829   1.51 262.66 370.39  89877.34
 42.0 15100.0 296.92   0.011503   1.78 259.84 361.19  89920.64
 42.0 15131.0 295.62   0.009164   2.03 257.47 343.19  90149.96
 42.0 15161.0 295.17   0.008311   1.82 243.16 342.02  90206.57
 42.0 15192.0 296.64   0.008493   1.82 261.76 345.22  90055.71
 42.0 15223.0 298.54   0.010116   2.04 263.22 362.60  89922.01
 42.0 15253.0 297.81   0.013553   1.67 237.17 382.79  89876.32
 42.0 15284.0 296.28   0.015755   1.03 216.56 388.11  89867.20
 42.0 15314.0 295.46   0.015555   0.96 216.42 384.16  89914.59
 43.0 15345.0 295.47   0.015456   1.00 209.01 385.78  89937.06
 43.0 15376.0 296.15   0.015853   1.01 225.32 386.49  89869.83
 43.0 15404.0 296.44   0.016474   0.97 221.39 387.47  89865.73
 43.0 15435.0 296.14   0.014633   1.45 254.53 371.83  89938.84
 43.0 15465.0 295.93   0.012239   1.55 256.17 358.44  90029.84
 43.0 15496.0 295.17   0.009744   1.55 251.42 343.21  90172.99
 43.0 15526.0 295.04   0.008102   1.59 253.20 334.47  90130.34
 43.0 15557.0 296.77   0.008162   1.79 269.81 339.96  90042.50
 43.0 15588.0 298.20   0.008991   2.14 290.24 349.58  89937.47
 43.0 15618.0 297.45   0.014115   1.43 231.71 382.92  89891.72
 43.0 15649.0 296.08   0.015880   0.97 225.74 386.47  89878.05
 43.0 15679.0 295.45   0.015596   0.97 210.26 387.67  89870.95
 44.0 15710.0 295.56   0.015332   1.05 201.22 388.86  89944.38
 44.0 15741.0 296.28   0.015494   1.01 223.35 385.36  89845.80
 44.0 15769.0 297.17   0.016112   0.95 239.67 386.03  89809.91
 44.0 15800.0 297.01   0.014708   1.27 247.95 379.38  89896.77
 44.0 15830.0 296.44   0.012412   1.65 249.81 364.84  90005.09
 44.0 15861.0 295.82   0.009689   1.66 253.15 346.59  90086.81
 44.0 15891.0 295.93   0.008247   1.55 255.97 337.65  90070.77
 44.0 15922.0 297.41   0.008769   1.79 258.21 348.66  89998.37
 44.0 15953.0 298.38   0.011336   1.87 245.11 371.12  89919.81
 44.0 15983.0 298.17   0.013548   1.61 242.17 382.02  89855.06
 44.0 16014.0 296.36   0.015835   0.97 215.73 390.49  89863.83
 44.0 16044.0 295.49   0.015555   0.94 205.56 388.41  89858.59
 45.0 16075.0 295.67   0.015292   1.07 199.79 387.90  89879.92
 45.0 16106.0 296.69   0.015945   0.98 215.30 390.68  89817.32
 45.0 16134.0 296.91   0.016042   0.92 236.77 385.10  89852.83
 45.0 16165.0 296.52   0.014533   1.36 248.05 372.95  89858.81
 45.0 16195.0 296.79   0.012110   1.71 256.33 365.26  89984.19
 45.0 16226.0 295.74   0.009289   1.83 258.30 344.22  90106.28
 45.0 16256.0 294.91   0.007430   1.56 262.54 327.16  90118.56
 45.0 16287.0 296.71   0.007663   1.86 270.63 340.33  90022.55
 45.0 16318.0 298.49   0.008959   2.00 278.04 354.22  89846.50
 45.0 16348.0 297.63   0.013588   1.46 240.50 379.03  89857.55
 45.0 16379.0 296.10   0.015670   1.02 213.77 388.54  89843.98
 45.0 16409.0 295.46   0.015649   0.87 211.37 386.51  89864.53
