  1.0    15.0 289.54   0.010140   0.94 272.95 316.82  88415.58
  1.0    46.0 290.01   0.010137   1.00 275.27 317.42  88301.11
  1.0    74.0 290.36   0.010049   1.24 305.77 311.35  88423.15
  1.0   105.0 290.18   0.009575   1.47 295.91 306.15  88443.85
  1.0   135.0 289.25   0.009203   1.91 282.52 294.60  88612.38
  1.0   166.0 288.09   0.007861   1.83 270.41 279.45  88742.27
  1.0   196.0 288.23   0.007160   2.06 279.68 271.43  88794.98
  1.0   227.0 289.39   0.006416   2.21 306.24 269.54  88587.53
  1.0   258.0 291.26   0.006711   1.44 313.46 286.72  88476.32
  1.0   288.0 289.43   0.008342   1.43 294.61 305.65  88532.07
  1.0   319.0 288.65   0.009754   1.11 265.22 315.40  88479.41
  1.0   349.0 288.56   0.010468   0.93 221.69 326.68  88557.08
  2.0   380.0 288.77   0.010228   1.02 242.43 322.13  88418.52
  2.0   411.0 290.00   0.010403   0.86 280.98 319.51  88412.23
  2.0   439.0 290.54   0.010451   0.98 287.94 319.44  88427.99
  2.0   470.0 290.50   0.009868   1.49 296.24 308.33  88579.48
  2.0   500.0 289.34   0.008279   1.74 289.80 285.86  88697.11
  2.0   531.0 288.56   0.007944   1.96 274.23 279.74  88863.04
  2.0   561.0 288.71   0.007381   1.90 278.20 276.75  88750.70
  2.0   592.0 290.48   0.006291   1.69 292.61 279.09  88545.41
  2.0   623.0 291.72   0.006799   1.66 305.99 289.55  88496.53
  2.0   653.0 290.48   0.008689   1.69 299.84 307.16  88510.11
  2.0   684.0 289.53   0.009403   1.14 292.53 311.12  88504.92
  2.0   714.0 289.32   0.010087   1.06 279.13 315.46  88549.67
  3.0   745.0 289.84   0.010691   0.99 267.39 323.47  88393.78
  3.0   776.0 290.43   0.010866   1.03 271.68 325.39  88415.54
  3.0   804.0 290.74   0.011570   0.88 247.17 336.52  88566.89
  3.0   835.0 291.03   0.010869   1.52 283.42 318.99  88625.35
  3.0   865.0 289.91   0.009784   1.82 271.22 303.58  88758.16
  3.0   896.0 288.88   0.008115   1.78 271.83 282.67  88754.84
  3.0   926.0 288.71   0.007540   1.82 271.59 279.93  88654.70
  3.0   957.0 290.11   0.007447   1.96 292.31 282.91  88569.74
  3.0   988.0 291.07   0.007041   1.66 318.69 284.83  88533.62
  3.0  1018.0 292.09   0.008175   1.51 319.01 301.47  88448.05
  3.0  1049.0 289.22   0.009863   1.18 270.93 316.92  88478.21
  3.0  1079.0 289.26   0.009699   1.22 283.14 311.62  88372.77
  4.0  1110.0 289.01   0.010080   1.12 251.75 320.52  88376.05
  4.0  1141.0 289.60   0.009945   0.98 273.99 317.75  88447.52
  4.0  1169.0 290.41   0.010870   0.98 279.47 325.28  88475.64
  4.0  1200.0 290.04   0.010320   1.63 286.39 314.04  88560.34
  4.0  1230.0 288.89   0.009483   1.68 267.77 299.25  88693.97
  4.0  1261.0 288.32   0.008130   1.74 270.25 282.38  88701.77
  4.0  1291.0 288.40   0.007539   1.92 277.88 276.59  88665.09
  4.0  1322.0 289.46   0.007021   1.98 288.30 279.72  88621.11
  4.0  1353.0 291.60   0.007243   1.81 313.21 288.39  88461.98
  4.0  1383.0 291.42   0.007825   1.72 294.19 300.94  88424.18
  4.0  1414.0 288.65   0.009228   1.32 288.78 309.03  88360.91
  4.0  1444.0 289.10   0.009842   1.21 284.24 312.99  88432.73
  5.0  1475.0 288.90   0.010324   1.18 254.25 322.10  88431.79
  5.0  1506.0 289.63   0.010557   1.19 245.35 326.84  88458.98
  5.0  1534.0 290.41   0.010282   1.03 296.75 316.25  88432.66
  5.0  1565.0 290.07   0.010382   1.24 279.54 314.17  88466.41
  5.0  1595.0 289.20   0.009462   1.80 275.84 298.60  88667.95
  5.0  1626.0 288.23   0.008451   1.89 263.12 286.09  88762.98
  5.0  1656.0 288.94   0.008113   1.99 273.39 282.57  88774.75
  5.0  1687.0 289.99   0.007256   2.12 291.51 281.50  88683.87
  5.0  1718.0 291.87   0.006932   1.81 319.98 287.15  88566.80
  5.0  1748.0 291.10   0.008331   1.56 307.73 306.28  88470.40
  5.0  1779.0 290.42   0.010007   1.19 269.58 321.91  88407.41
  5.0  1809.0 290.03   0.010864   1.11 276.65 322.37  88314.96
  6.0  1840.0 289.81   0.011085   0.98 251.06 330.42  88535.30
  6.0  1871.0 291.10   0.011060   1.25 305.62 323.33  88477.98
  6.0  1899.0 291.37   0.011407   1.17 281.69 330.97  88607.79
  6.0  1930.0 291.39   0.011080   1.53 297.27 319.77  88564.66
  6.0  1960.0 290.29   0.009895   1.89 276.89 305.93  88697.62
  6.0  1991.0 288.53   0.007703   1.84 273.96 278.89  88839.13
  6.0  2021.0 288.73   0.007221   1.74 276.99 278.00  88697.42
  6.0  2052.0 290.27   0.006727   2.09 305.05 274.19  88636.76
  6.0  2083.0 292.15   0.007507   1.88 302.77 298.16  88498.93
  6.0  2113.0 291.59   0.007226   1.21 313.30 297.73  88422.44
  6.0  2144.0 289.12   0.010225   1.19 225.34 328.71  88387.38
  6.0  2174.0 288.56   0.010710   0.98 204.79 333.26  88422.20
  7.0  2205.0 289.36   0.010277   1.02 257.98 321.34  88359.95
  7.0  2236.0 290.13   0.010597   0.86 287.49 320.48  88409.77
  7.0  2264.0 290.55   0.011217   0.92 247.58 331.29  88471.04
  7.0  2295.0 290.16   0.010464   1.33 261.37 318.94  88538.37
  7.0  2325.0 288.92   0.008867   1.60 277.48 294.52  88653.39
  7.0  2356.0 287.43   0.007317   1.73 274.60 272.35  88762.71
  7.0  2386.0 288.40   0.007685   1.79 274.99 278.83  88654.38
  7.0  2417.0 288.96   0.007184   2.00 302.89 273.83  88635.39
  7.0  2448.0 290.91   0.007026   2.03 308.22 284.06  88526.96
  7.0  2478.0 291.59   0.008110   1.59 302.29 306.27  88459.48
  7.0  2509.0 289.68   0.009538   1.33 290.77 314.71  88474.05
  7.0  2539.0 288.97   0.010193   1.05 275.91 314.19  88559.66
  8.0  2570.0 289.33   0.010194   1.33 272.06 318.21  88488.42
  8.0  2601.0 290.15   0.010524   1.07 276.08 322.88  88446.59
  8.0  2629.0 290.84   0.010397   1.09 294.15 318.61  88487.24
  8.0  2660.0 290.33   0.010515   1.39 286.01 312.24  88559.61
  8.0  2690.0 289.47   0.009423   1.84 273.08 300.24  88750.78
  8.0  2721.0 288.65   0.008490   1.97 262.53 288.94  88787.77
  8.0  2751.0 289.31   0.007452   1.95 278.21 279.39  88725.88
  8.0  2782.0 290.07   0.006702   2.30 293.58 277.42  88640.24
  8.0  2813.0 291.96   0.007148   1.74 318.55 287.93  88538.59
  8.0  2843.0 291.25   0.008795   1.43 278.48 311.74  88455.79
  8.0  2874.0 289.67   0.010183   1.16 264.03 321.33  88408.74
  8.0  2904.0 288.92   0.010595   1.10 233.77 326.87  88472.43
  9.0  2935.0 289.23   0.010570   0.98 228.48 328.94  88494.84
  9.0  2966.0 290.02   0.010992   0.89 255.76 328.86  88523.52
  9.0  2994.0 290.98   0.010350   0.89 297.39 318.91  88449.94
  9.0  3025.0 290.35   0.010283   1.49 289.62 313.40  88517.95
  9.0  3055.0 289.40   0.009707   1.76 273.21 301.79  88671.74
  9.0  3086.0 288.84   0.008436   1.95 267.40 286.20  88782.82
  9.0  3116.0 288.54   0.007756   2.11 280.31 276.55  88821.64
  9.0  3147.0 289.51   0.007493   1.69 292.21 280.62  88634.54
  9.0  3178.0 290.80   0.007909   1.34 300.85 296.61  88462.72
  9.0  3208.0 290.19   0.007437   1.70 311.91 296.62  88393.05
  9.0  3239.0 289.76   0.008730   1.46 285.85 308.60  88471.60
  9.0  3269.0 288.58   0.010500   1.12 215.45 329.75  88455.27
 10.0  3300.0 288.94   0.010296   1.06 233.64 324.11  88412.26
 10.0  3331.0 289.15   0.010382   1.03 233.65 325.84  88384.12
 10.0  3359.0 290.21   0.011259   0.76 247.07 329.04  88365.20
 10.0  3390.0 289.81   0.010670   1.27 252.79 321.68  88593.71
 10.0  3420.0 288.94   0.009651   1.71 274.10 298.37  88630.84
 10.0  3451.0 288.07   0.008226   1.91 267.60 283.20  88737.58
 10.0  3481.0 287.87   0.007342   1.78 272.10 274.36  88657.35
 10.0  3512.0 288.71   0.007376   2.04 304.60 271.84  88658.26
 10.0  3543.0 290.73   0.007568   1.45 306.94 291.06  88494.45
 10.0  3573.0 291.53   0.007615   1.67 309.41 297.76  88522.85
 10.0  3604.0 289.60   0.009952   1.17 272.59 317.41  88433.84
 10.0  3634.0 288.66   0.010097   1.11 227.92 322.09  88353.74
 11.0  3665.0 289.31   0.009657   1.00 281.84 311.33  88328.12
 11.0  3696.0 290.09   0.009702   1.08 281.58 315.29  88337.73
 11.0  3724.0 290.44   0.011077   0.99 264.47 329.64  88445.98
 11.0  3755.0 290.24   0.010379   1.20 284.12 314.16  88566.84
 11.0  3785.0 288.83   0.009066   1.81 277.69 294.58  88680.29
 11.0  3816.0 287.72   0.008091   1.80 259.51 283.86  88735.68
 11.0  3846.0 287.57   0.007150   2.01 280.04 269.82  88824.27
 11.0  3877.0 289.44   0.006532   1.91 305.50 268.92  88608.53
 11.0  3908.0 289.67   0.007484   1.54 298.41 292.90  88470.09
 11.0  3938.0 291.04   0.007158   1.48 319.77 295.61  88468.35
 11.0  3969.0 288.65   0.009882   1.05 266.72 317.09  88427.88
 11.0  3999.0 288.75   0.010443   1.08 229.53 326.60  88376.30
 12.0  4030.0 289.20   0.009866   1.17 251.57 319.92  88432.54
 12.0  4061.0 290.16   0.009991   0.89 290.23 314.68  88436.77
 12.0  4089.0 290.85   0.010943   0.95 288.62 323.20  88389.38
 12.0  4120.0 290.54   0.010578   1.37 290.50 314.19  88514.26
 12.0  4150.0 289.62   0.009697   1.83 276.63 301.55  88692.55
 12.0  4181.0 287.70   0.007615   2.04 275.63 274.32  88915.26
 12.0  4211.0 288.28   0.007200   1.76 274.84 275.09  88719.83
 12.0  4242.0 289.93   0.006771   2.05 298.48 275.87  88602.30
 12.0  4273.0 291.42   0.007829   1.49 299.70 299.02  88421.93
 12.0  4303.0 290.30   0.008294   1.34 298.95 307.08  88487.98
 12.0  4334.0 289.33   0.009803   1.14 267.63 319.46  88605.11
 12.0  4364.0 289.42   0.009984   1.14 271.14 317.49  88539.85
 13.0  4395.0 289.85   0.010436   1.28 263.93 323.15  88432.84
 13.0  4426.0 290.58   0.010436   1.09 299.06 318.92  88350.78
 13.0  4454.0 290.78   0.010571   1.11 279.61 323.13  88545.04
 13.0  4485.0 290.63   0.010609   1.48 285.57 315.76  88621.77
 13.0  4515.0 289.78   0.009522   1.75 271.54 301.31  88686.00
 13.0  4546.0 288.69   0.007913   1.83 273.14 280.76  88828.83
 13.0  4576.0 288.50   0.007194   1.84 276.93 274.84  88723.02
 13.0  4607.0 289.37   0.006391   1.91 299.65 271.86  88624.63
 13.0  4638.0 290.31   0.007295   1.92 302.81 289.50  88492.76
 13.0  4668.0 289.29   0.008629   1.38 279.98 310.99  88469.34
 13.0  4699.0 289.14   0.010085   1.06 272.75 317.40  88441.13
 13.0  4729.0 288.64   0.010569   0.92 206.34 329.70  88427.93
 14.0  4760.0 288.85   0.010049   0.97 236.89 322.83  88449.47
 14.0  4791.0 290.15   0.009724   0.93 293.61 313.08  88387.08
 14.0  4819.0 290.58   0.009676   1.01 296.61 312.82  88429.25
 14.0  4850.0 290.10   0.010029   1.31 278.82 314.86  88494.22
 14.0  4880.0 289.07   0.009128   1.85 270.33 297.11  88628.32
 14.0  4911.0 287.89   0.007257   1.89 277.76 271.87  88840.74
 14.0  4941.0 287.31   0.006548   2.03 284.80 262.05  88805.16
 14.0  4972.0 288.71   0.006654   2.11 305.47 267.55  88693.45
 14.0  5003.0 291.10   0.007087   1.96 314.10 285.73  88473.97
 14.0  5033.0 291.92   0.007719   1.18 311.21 302.08  88394.73
 14.0  5064.0 290.92   0.008540   1.16 287.87 308.48  88419.81
 14.0  5094.0 288.42   0.010485   1.02 219.31 328.42  88430.81
 15.0  5125.0 289.57   0.009549   1.11 267.77 314.56  88287.37
 15.0  5156.0 289.82   0.010122   1.04 271.37 320.63  88441.50
 15.0  5184.0 290.37   0.010963   0.91 266.37 326.83  88308.08
 15.0  5215.0 290.22   0.010166   1.35 281.13 314.54  88526.20
 15.0  5245.0 288.55   0.009190   1.73 267.84 301.44  88640.30
 15.0  5276.0 287.79   0.007773   1.82 269.67 278.79  88673.20
 15.0  5306.0 287.57   0.007315   1.91 281.82 270.20  88757.29
 15.0  5337.0 289.51   0.007000   2.14 303.11 273.43  88688.56
 15.0  5368.0 290.95   0.007550   1.46 281.00 301.57  88537.14
 15.0  5398.0 291.66   0.007518   1.27 305.66 301.61  88408.67
 15.0  5429.0 289.23   0.009346   1.53 287.31 310.41  88442.45
 15.0  5459.0 288.78   0.009894   1.22 259.91 317.11  88386.24
 16.0  5490.0 289.32   0.009854   1.12 259.66 316.64  88349.73
 16.0  5521.0 290.04   0.010177   1.05 282.04 319.08  88457.89
 16.0  5549.0 290.74   0.010775   0.97 279.25 325.48  88444.71
 16.0  5580.0 290.05   0.009560   1.49 297.25 306.50  88581.30
 16.0  5610.0 288.57   0.009190   1.76 279.45 295.28  88607.51
 16.0  5641.0 287.90   0.008337   1.74 263.00 285.09  88674.76
 16.0  5671.0 287.89   0.006769   1.90 278.27 270.47  88747.06
 16.0  5702.0 289.93   0.006631   2.16 297.52 276.58  88515.49
 16.0  5733.0 290.68   0.007941   1.27 288.37 302.12  88397.24
 16.0  5763.0 290.44   0.008461   1.21 295.38 305.52  88379.96
 16.0  5794.0 289.86   0.009687   1.24 260.84 322.05  88463.66
 16.0  5824.0 288.67   0.010568   1.05 216.27 330.96  88500.97
 17.0  5855.0 288.46   0.010231   0.96 208.51 328.38  88500.72
 17.0  5886.0 289.75   0.010171   0.99 267.72 320.57  88416.30
 17.0  5914.0 290.64   0.011309   0.86 258.85 330.86  88425.34
 17.0  5945.0 290.25   0.010246   1.40 283.90 311.84  88471.52
 17.0  5975.0 289.25   0.009286   1.86 262.61 301.92  88646.53
 17.0  6006.0 287.73   0.007772   1.87 265.27 280.65  88714.38
 17.0  6036.0 287.58   0.007114   1.88 278.66 272.47  88798.26
 17.0  6067.0 288.79   0.006912   1.86 298.46 270.25  88659.07
 17.0  6098.0 290.78   0.006871   1.79 322.74 279.15  88582.59
 17.0  6128.0 292.31   0.007333   1.56 319.15 296.00  88391.55
 17.0  6159.0 288.86   0.009931   1.01 257.76 320.12  88490.38
 17.0  6189.0 289.18   0.010061   1.05 262.89 317.03  88371.33
 18.0  6220.0 289.95   0.009158   1.00 293.38 307.76  88356.80
 18.0  6251.0 290.00   0.010188   1.05 277.39 319.19  88518.62
 18.0  6279.0 290.81   0.010497   1.19 297.98 319.55  88432.73
 18.0  6310.0 290.37   0.010475   1.45 289.67 313.72  88559.95
 18.0  6340.0 289.48   0.009519   1.69 283.05 296.96  88725.28
 18.0  6371.0 288.52   0.008431   1.92 273.29 282.68  88746.08
 18.0  6401.0 289.38   0.007663   1.99 279.35 278.35  88717.98
 18.0  6432.0 290.78   0.007244   1.87 289.17 287.35  88644.31
 18.0  6463.0 292.21   0.007113   1.53 310.39 292.56  88497.26
 18.0  6493.0 291.88   0.008698   1.03 300.60 312.56  88455.12
 18.0  6524.0 289.51   0.009916   1.38 267.30 320.90  88554.93
 18.0  6554.0 289.65   0.010988   1.25 226.86 336.35  88484.84
 19.0  6585.0 289.87   0.010590   1.00 263.84 323.04  88475.30
 19.0  6616.0 290.38   0.010633   0.99 276.94 323.47  88540.66
 19.0  6644.0 291.07   0.011598   0.85 262.63 333.18  88436.17
 19.0  6675.0 290.54   0.010408   1.16 273.17 318.68  88528.83
 19.0  6705.0 289.29   0.009778   1.77 266.51 304.60  88678.99
 19.0  6736.0 288.32   0.008216   1.89 270.78 282.21  88766.62
 19.0  6766.0 287.96   0.007424   2.01 273.60 275.19  88782.66
 19.0  6797.0 289.58   0.007401   1.86 293.12 281.30  88660.12
 19.0  6828.0 291.47   0.007352   1.84 318.38 286.43  88571.19
 19.0  6858.0 291.41   0.008357   1.73 309.97 303.28  88441.73
 19.0  6889.0 289.09   0.009241   1.34 291.86 309.87  88516.72
 19.0  6919.0 288.72   0.010294   1.01 249.92 321.44  88509.24
 20.0  6950.0 288.81   0.010307   1.03 251.61 322.55  88469.06
 20.0  6981.0 290.16   0.009937   1.11 278.99 319.29  88388.30
 20.0  7009.0 290.55   0.011346   1.02 259.63 332.47  88488.79
 20.0  7040.0 290.15   0.010666   1.36 261.05 320.46  88531.99
 20.0  7070.0 289.06   0.009316   1.72 275.42 296.70  88733.55
 20.0  7101.0 288.30   0.007907   1.93 276.65 277.50  88690.54
 20.0  7131.0 287.92   0.007146   1.85 281.85 269.61  88814.18
 20.0  7162.0 289.00   0.006623   1.93 302.93 269.24  88626.01
 20.0  7193.0 290.90   0.007151   2.19 301.72 287.58  88549.82
 20.0  7223.0 290.10   0.008618   1.24 299.56 306.86  88417.74
 20.0  7254.0 288.81   0.010513   1.10 244.42 324.01  88452.01
 20.0  7284.0 288.33   0.010425   0.91 202.99 330.33  88398.03
 21.0  7315.0 289.40   0.010746   1.00 254.04 324.48  88369.43
 21.0  7346.0 289.37   0.010382   0.91 255.45 321.67  88459.55
 21.0  7374.0 290.28   0.010874   0.88 264.66 327.33  88484.12
 21.0  7405.0 290.06   0.009963   1.55 296.01 307.40  88658.79
 21.0  7435.0 289.43   0.009025   1.87 284.57 292.37  88774.77
 21.0  7466.0 288.33   0.007992   2.00 267.49 281.80  88805.74
 21.0  7496.0 288.30   0.007567   1.95 273.75 277.14  88780.56
 21.0  7527.0 289.19   0.006903   1.80 298.39 273.56  88648.41
 21.0  7558.0 290.34   0.007886   1.54 283.62 299.06  88541.16
 21.0  7588.0 290.44   0.007723   1.26 308.34 299.56  88496.70
 21.0  7619.0 288.94   0.009291   1.49 298.35 309.09  88521.29
 21.0  7649.0 288.85   0.010231   1.25 257.30 320.71  88608.48
 22.0  7680.0 289.66   0.010045   0.96 266.41 317.20  88460.65
 22.0  7711.0 290.01   0.010301   1.02 279.47 318.38  88432.91
 22.0  7739.0 290.44   0.010792   1.06 269.58 323.62  88508.78
 22.0  7770.0 290.40   0.010551   1.20 283.55 317.14  88579.39
 22.0  7800.0 289.11   0.009104   1.98 275.34 295.02  88748.70
 22.0  7831.0 287.64   0.007642   1.87 262.59 281.94  88859.73
 22.0  7861.0 287.46   0.006643   1.88 285.07 262.69  88874.21
 22.0  7892.0 290.06   0.006969   2.04 295.80 279.13  88549.35
 22.0  7923.0 291.97   0.006957   1.92 309.74 290.86  88522.99
 22.0  7953.0 290.09   0.008899   1.22 290.64 308.05  88495.67
 22.0  7984.0 289.47   0.009113   1.24 296.72 309.41  88349.34
 22.0  8014.0 288.54   0.010147   1.08 207.15 329.52  88431.93
 23.0  8045.0 289.54   0.009946   0.99 271.13 316.30  88352.27
 23.0  8076.0 289.93   0.010314   0.91 268.22 323.05  88381.36
 23.0  8104.0 290.60   0.010743   0.93 285.43 322.31  88445.34
 23.0  8135.0 289.98   0.010592   1.14 257.47 320.60  88529.73
 23.0  8165.0 289.15   0.009301   1.68 274.18 298.41  88698.91
 23.0  8196.0 287.59   0.007318   1.86 272.73 273.28  88767.41
 23.0  8226.0 288.32   0.006829   1.65 273.77 270.82  88587.38
 23.0  8257.0 290.28   0.007813   1.69 289.36 288.68  88584.78
 23.0  8288.0 291.60   0.006894   2.07 308.61 287.41  88563.69
 23.0  8318.0 290.68   0.008726   1.36 298.91 307.90  88463.00
 23.0  8349.0 288.95   0.010155   1.19 257.70 322.30  88547.99
 23.0  8379.0 289.04   0.010238   1.06 247.56 321.78  88427.73
 24.0  8410.0 289.19   0.010349   1.25 265.21 318.01  88373.49
 24.0  8441.0 290.44   0.010059   1.00 301.21 316.12  88393.45
 24.0  8469.0 290.18   0.010893   0.96 248.58 329.68  88548.92
 24.0  8500.0 290.29   0.010736   1.10 245.66 325.49  88587.85
 24.0  8530.0 289.54   0.008940   1.60 277.44 297.36  88703.68
 24.0  8561.0 288.73   0.008502   1.68 262.25 290.78  88703.91
 24.0  8591.0 287.80   0.006823   1.91 282.96 266.78  88793.92
 24.0  8622.0 289.66   0.007109   1.64 294.79 281.02  88566.12
 24.0  8653.0 291.78   0.007198   1.82 312.87 290.92  88520.55
 24.0  8683.0 290.44   0.008520   1.49 296.41 308.18  88520.08
 24.0  8714.0 289.00   0.009500   1.18 264.81 315.93  88575.76
 24.0  8744.0 288.44   0.010577   0.90 203.55 330.19  88522.80
 25.0  8775.0 288.69   0.010255   1.14 235.76 323.85  88464.19
 25.0  8806.0 289.82   0.010318   0.96 278.18 319.18  88359.88
 25.0  8834.0 290.34   0.010382   0.89 289.04 317.05  88416.79
 25.0  8865.0 290.26   0.010121   1.39 285.59 312.94  88604.95
 25.0  8895.0 289.35   0.009437   1.95 266.88 301.90  88705.27
 25.0  8926.0 288.74   0.008468   1.98 267.08 286.45  88836.66
 25.0  8956.0 288.09   0.007406   2.04 280.94 271.39  88796.14
 25.0  8987.0 289.26   0.006930   1.97 303.45 271.58  88727.70
 25.0  9018.0 291.55   0.006805   1.94 312.81 286.52  88512.26
 25.0  9048.0 289.78   0.009114   1.00 285.93 312.61  88526.92
 25.0  9079.0 290.46   0.009993   1.24 268.29 322.22  88557.77
 25.0  9109.0 289.47   0.010981   0.98 235.51 330.96  88485.15
 26.0  9140.0 290.19   0.009955   1.02 285.36 316.09  88448.81
 26.0  9171.0 290.68   0.010392   1.11 297.07 318.75  88379.63
 26.0  9199.0 291.30   0.011046   1.06 292.63 324.90  88467.84
 26.0  9230.0 290.70   0.010437   1.53 279.66 318.86  88617.45
 26.0  9260.0 289.40   0.009550   1.74 273.00 299.27  88672.45
 26.0  9291.0 288.62   0.008086   1.99 266.61 283.42  88848.66
 26.0  9321.0 288.64   0.007139   1.78 281.93 273.09  88672.98
 26.0  9352.0 290.10   0.007325   1.74 297.66 280.15  88563.66
 26.0  9383.0 292.08   0.007968   1.90 308.71 296.86  88531.27
 26.0  9413.0 292.47   0.008200   1.79 318.36 302.68  88475.38
 26.0  9444.0 290.47   0.008680   1.55 295.69 306.75  88469.91
 26.0  9474.0 288.52   0.009981   1.23 275.27 314.96  88421.58
 27.0  9505.0 289.46   0.010230   1.00 272.75 317.85  88423.34
 27.0  9536.0 290.58   0.010453   0.94 289.15 321.63  88396.94
 27.0  9564.0 290.48   0.010724   1.03 266.22 325.55  88515.69
 27.0  9595.0 290.43   0.010254   1.68 288.92 313.05  88634.70
 27.0  9625.0 288.80   0.009749   1.62 272.47 303.34  88608.88
 27.0  9656.0 287.77   0.007660   1.61 269.94 279.78  88725.91
 27.0  9686.0 288.42   0.007289   1.91 277.22 275.98  88631.37
 27.0  9717.0 289.71   0.005990   2.04 305.19 267.61  88685.20
 27.0  9748.0 291.74   0.007223   1.75 318.44 288.56  88452.98
 27.0  9778.0 290.27   0.008536   1.40 299.37 306.67  88479.45
 27.0  9809.0 289.34   0.009599   1.21 290.65 312.54  88415.18
 27.0  9839.0 289.59   0.009470   1.23 272.30 314.91  88467.04
 28.0  9870.0 289.03   0.010361   1.01 244.47 322.99  88517.11
 28.0  9901.0 289.43   0.010541   0.97 264.42 324.20  88423.27
 28.0  9929.0 290.53   0.010603   1.14 279.66 321.52  88432.65
 28.0  9960.0 290.46   0.010208   1.48 274.37 317.02  88539.67
 28.0  9990.0 289.46   0.009480   1.65 278.24 299.20  88693.92
 28.0 10021.0 288.91   0.008259   1.83 273.73 283.47  88754.05
 28.0 10051.0 288.19   0.006123   1.65 282.46 264.81  88724.59
 28.0 10082.0 290.60   0.006439   1.72 300.21 277.84  88539.70
 28.0 10113.0 291.09   0.007851   1.45 307.37 295.19  88471.40
 28.0 10143.0 289.58   0.008900   1.24 292.47 308.65  88502.77
 28.0 10174.0 288.95   0.009688   1.04 257.55 318.87  88610.50
 28.0 10204.0 289.00   0.009720   1.13 249.51 317.96  88433.98
 29.0 10235.0 289.18   0.009575   1.12 268.51 314.65  88373.13
 29.0 10266.0 289.85   0.009653   1.07 278.69 315.11  88293.99
 29.0 10294.0 290.51   0.010426   1.16 291.00 318.25  88386.12
 29.0 10325.0 290.27   0.009866   1.58 294.38 307.53  88582.51
 29.0 10355.0 289.40   0.009335   1.82 274.95 297.32  88655.87
 29.0 10386.0 288.39   0.007778   1.86 261.65 281.43  88711.19
 29.0 10416.0 287.74   0.006257   1.87 281.60 263.36  88716.85
 29.0 10447.0 289.75   0.006096   1.95 304.50 268.46  88563.48
 29.0 10478.0 290.47   0.007566   1.25 296.62 297.31  88464.71
 29.0 10508.0 289.41   0.008797   1.34 286.21 308.92  88483.72
 29.0 10539.0 289.25   0.009233   1.21 285.41 308.67  88406.95
 29.0 10569.0 288.58   0.010256   1.01 216.44 328.10  88394.77
 30.0 10600.0 289.29   0.010426   0.83 267.32 318.12  88373.56
 30.0 10631.0 290.20   0.009546   1.03 299.36 312.07  88344.54
 30.0 10659.0 290.76   0.010485   0.94 284.96 322.26  88425.18
 30.0 10690.0 290.21   0.010321   1.35 278.74 312.84  88541.91
 30.0 10720.0 289.48   0.008632   1.92 281.21 292.08  88737.68
 30.0 10751.0 288.11   0.007610   1.92 273.56 276.01  88832.05
 30.0 10781.0 288.43   0.007404   1.92 278.34 274.32  88711.43
 30.0 10812.0 289.91   0.006740   1.91 293.70 277.77  88561.12
 30.0 10843.0 291.40   0.006645   1.63 306.53 286.85  88512.01
 30.0 10873.0 290.35   0.008033   1.30 306.11 302.57  88503.14
 30.0 10904.0 288.81   0.009349   1.19 287.49 310.18  88526.49
 30.0 10934.0 288.81   0.010064   1.14 237.83 323.88  88463.55
 31.0 10965.0 289.58   0.010220   0.97 273.76 317.61  88363.64
 31.0 10996.0 290.04   0.010022   0.92 297.14 315.09  88399.70
 31.0 11024.0 290.85   0.009878   0.95 306.02 313.44  88449.45
 31.0 11055.0 290.12   0.010108   1.71 290.49 308.80  88664.84
 31.0 11085.0 288.52   0.008339   1.75 285.16 284.10  88755.13
 31.0 11116.0 287.70   0.007245   1.88 276.66 270.14  88817.98
 31.0 11146.0 288.99   0.007326   2.26 281.26 274.20  88780.50
 31.0 11177.0 290.05   0.006649   2.23 305.80 270.84  88589.22
 31.0 11208.0 291.36   0.006290   2.00 327.02 276.19  88548.47
 31.0 11238.0 290.82   0.007890   1.34 309.42 300.20  88471.17
 31.0 11269.0 288.84   0.009838   1.10 274.10 314.97  88387.00
 31.0 11299.0 288.82   0.010208   1.22 248.82 319.91  88396.31
 32.0 11330.0 289.30   0.009910   1.03 270.45 315.00  88345.99
 32.0 11361.0 289.84   0.009610   1.25 294.59 311.79  88458.25
 32.0 11389.0 290.40   0.010687   1.01 277.02 322.37  88429.67
 32.0 11420.0 290.01   0.010330   1.40 277.19 315.37  88529.43
 32.0 11450.0 288.79   0.009114   1.59 278.10 294.44  88716.59
 32.0 11481.0 288.05   0.008248   1.87 258.57 288.39  88750.66
 32.0 11511.0 287.86   0.007370   1.86 274.15 275.87  88726.17
 32.0 11542.0 289.57   0.006539   1.85 298.33 274.26  88621.77
 32.0 11573.0 291.39   0.006775   1.92 312.97 284.23  88522.84
 32.0 11603.0 289.70   0.008154   1.34 290.31 306.20  88518.11
 32.0 11634.0 289.05   0.008973   1.29 297.23 305.93  88428.01
 32.0 11664.0 289.12   0.009910   1.21 251.31 320.42  88386.38
 33.0 11695.0 289.03   0.010649   0.90 232.88 325.96  88405.66
 33.0 11726.0 290.40   0.010023   1.10 295.09 315.08  88395.57
 33.0 11754.0 290.54   0.011004   0.85 265.66 327.64  88456.51
 33.0 11785.0 290.34   0.010648   1.33 271.59 319.07  88489.06
 33.0 11815.0 289.29   0.009396   1.80 269.27 302.11  88666.66
 33.0 11846.0 288.56   0.008333   2.11 261.89 288.48  88807.34
 33.0 11876.0 287.86   0.007421   1.98 282.68 270.49  88832.07
 33.0 11907.0 289.08   0.007344   2.05 304.37 273.66  88683.12
 33.0 11938.0 291.09   0.007240   1.63 307.60 292.11  88508.59
 33.0 11968.0 292.58   0.007604   1.15 312.87 303.69  88442.23
 33.0 11999.0 289.49   0.009424   1.21 281.21 316.90  88468.15
 33.0 12029.0 289.27   0.010228   1.05 266.61 318.80  88489.37
 34.0 12060.0 289.69   0.009515   0.93 292.66 308.76  88418.76
 34.0 12091.0 290.26   0.010354   0.91 281.15 318.70  88411.09
 34.0 12119.0 290.70   0.010376   1.17 297.17 318.11  88420.00
 34.0 12150.0 290.01   0.010422   1.41 271.09 315.19  88517.41
 34.0 12180.0 288.81   0.009530   1.86 261.17 301.62  88732.09
 34.0 12211.0 288.51   0.008382   1.74 272.09 283.87  88734.97
 34.0 12241.0 288.12   0.006957   1.95 277.09 270.71  88760.04
 34.0 12272.0 289.72   0.006574   2.22 307.21 269.04  88685.10
 34.0 12303.0 291.33   0.007383   1.48 303.96 295.40  88502.08
 34.0 12333.0 289.56   0.007942   1.37 301.53 300.86  88481.55
 34.0 12364.0 288.65   0.009892   1.06 277.36 313.83  88529.10
 34.0 12394.0 288.52   0.010267   1.04 219.12 326.51  88468.80
 35.0 12425.0 288.36   0.009681   1.38 251.22 316.35  88421.38
 35.0 12456.0 289.99   0.010322   1.11 278.41 319.23  88365.27
 35.0 12484.0 290.36   0.009885   1.09 300.52 312.86  88430.19
 35.0 12515.0 290.12   0.010163   1.43 282.11 311.89  88485.09
 35.0 12545.0 289.41   0.008943   1.88 282.17 292.61  88646.64
 35.0 12576.0 288.69   0.008123   1.71 265.99 285.25  88748.48
 35.0 12606.0 287.57   0.006602   1.90 279.75 265.75  88799.45
 35.0 12637.0 289.99   0.006190   2.07 302.61 269.80  88625.35
 35.0 12668.0 291.62   0.006440   1.72 320.68 280.50  88523.21
 35.0 12698.0 291.40   0.008544   1.21 296.49 311.69  88465.91
 35.0 12729.0 289.69   0.009910   1.16 279.44 318.47  88507.09
 35.0 12759.0 289.25   0.010309   1.18 254.80 321.53  88569.54
 36.0 12790.0 288.75   0.010548   0.89 210.09 330.88  88473.23
 36.0 12821.0 290.59   0.010619   1.02 285.24 322.11  88430.86
 36.0 12849.0 291.43   0.011245   1.17 301.10 324.27  88508.60
 36.0 12880.0 291.21   0.010411   1.67 300.24 311.87  88642.33
 36.0 12910.0 289.97   0.009885   1.92 260.70 309.92  88669.53
 36.0 12941.0 288.24   0.007797   1.99 267.02 282.38  88918.99
 36.0 12971.0 288.69   0.007116   1.85 282.96 271.56  88754.06
 36.0 13002.0 290.77   0.006949   1.93 289.98 284.37  88664.32
 36.0 13033.0 292.66   0.006654   1.58 325.48 286.53  88461.87
 36.0 13063.0 291.59   0.009238   1.65 267.95 318.89  88562.83
 36.0 13094.0 291.23   0.010225   1.29 288.28 321.18  88532.39
 36.0 13124.0 290.46   0.010793   1.19 274.77 323.60  88451.49
 37.0 13155.0 290.44   0.010735   1.15 272.01 325.01  88416.31
 37.0 13186.0 290.99   0.011304   1.05 286.37 327.92  88409.35
 37.0 13214.0 291.18   0.011527   1.10 265.90 332.80  88580.10
 37.0 13245.0 290.83   0.010788   1.40 289.73 316.73  88480.66
 37.0 13275.0 290.01   0.009193   1.89 286.24 294.73  88725.32
 37.0 13306.0 288.97   0.008290   1.92 274.95 282.25  88825.12
 37.0 13336.0 288.71   0.006994   1.69 278.62 274.22  88741.18
 37.0 13367.0 290.26   0.006115   1.72 306.39 270.50  88538.77
 37.0 13398.0 291.80   0.007315   1.72 314.01 290.42  88436.98
 37.0 13428.0 290.05   0.008757   1.42 299.06 307.40  88455.84
 37.0 13459.0 289.51   0.010091   1.08 261.51 323.11  88378.38
 37.0 13489.0 288.84   0.010612   0.91 221.90 330.11  88448.44
 38.0 13520.0 289.20   0.010078   1.13 259.57 320.07  88386.74
 38.0 13551.0 290.01   0.010479   0.91 273.59 321.84  88351.12
 38.0 13579.0 290.68   0.010679   1.08 285.91 322.34  88415.17
 38.0 13610.0 290.42   0.010158   1.31 283.12 315.53  88471.23
 38.0 13640.0 289.30   0.009183   1.70 274.76 297.69  88698.63
 38.0 13671.0 288.47   0.008108   1.79 269.92 282.43  88727.34
 38.0 13701.0 287.64   0.007006   1.94 282.37 267.38  88752.40
 38.0 13732.0 288.56   0.006896   1.93 300.05 271.91  88693.09
 38.0 13763.0 291.15   0.007172   1.90 312.73 289.75  88489.30
 38.0 13793.0 290.63   0.008326   1.36 308.28 302.26  88391.44
 38.0 13824.0 289.01   0.009438   0.99 252.65 317.76  88499.51
 38.0 13854.0 288.88   0.010079   0.98 259.82 317.35  88434.19
 39.0 13885.0 289.37   0.009388   1.00 291.76 307.84  88378.85
 39.0 13916.0 289.36   0.010270   0.96 258.74 320.95  88431.89
 39.0 13944.0 290.49   0.009867   1.14 297.73 314.15  88410.50
 39.0 13975.0 290.14   0.009625   1.68 297.33 305.88  88590.53
 39.0 14005.0 288.90   0.008655   2.00 277.83 291.42  88744.62
 39.0 14036.0 288.47   0.007564   1.86 271.25 278.52  88767.99
 39.0 14066.0 289.64   0.007381   2.03 271.16 282.14  88630.12
 39.0 14097.0 290.14   0.006620   2.32 297.54 274.15  88603.55
 39.0 14128.0 291.30   0.006909   1.43 301.26 289.67  88397.47
 39.0 14158.0 291.00   0.008490   1.34 303.93 307.67  88463.48
 39.0 14189.0 289.28   0.009722   1.23 286.29 315.25  88465.06
 39.0 14219.0 289.20   0.010521   0.98 253.28 322.86  88492.02
 40.0 14250.0 289.50   0.010056   1.08 260.56 317.85  88398.52
 40.0 14281.0 290.89   0.010338   0.82 297.68 317.83  88451.10
 40.0 14309.0 291.00   0.010911   1.01 280.90 327.07  88440.80
 40.0 14340.0 290.54   0.009351   1.64 303.42 304.91  88506.52
 40.0 14370.0 289.49   0.009240   1.88 277.98 297.26  88685.38
 40.0 14401.0 288.70   0.008153   1.65 254.74 289.63  88670.93
 40.0 14431.0 289.11   0.007181   1.95 273.48 277.66  88622.34
 40.0 14462.0 289.90   0.006661   2.32 297.04 273.76  88710.03
 40.0 14493.0 291.63   0.006722   1.80 319.30 283.57  88530.84
 40.0 14523.0 290.69   0.007959   1.19 307.00 302.17  88383.23
 40.0 14554.0 288.83   0.009950   1.05 246.02 321.65  88427.20
 40.0 14584.0 288.53   0.010365   1.28 224.37 327.91  88501.18
 41.0 14615.0 288.92   0.010559   0.86 241.20 325.67  88344.88
 41.0 14646.0 289.77   0.010500   1.08 269.06 323.04  88399.79
 41.0 14674.0 290.20   0.010721   0.87 257.04 327.87  88409.07
 41.0 14705.0 290.18   0.010112   1.59 274.45 313.94  88499.12
 41.0 14735.0 288.95   0.008871   1.87 268.65 295.76  88676.09
 41.0 14766.0 287.99   0.007667   1.70 272.53 277.44  88741.98
 41.0 14796.0 287.86   0.007072   1.65 275.40 273.95  88643.20
 41.0 14827.0 288.30   0.006510   1.92 299.16 266.32  88636.37
 41.0 14858.0 291.02   0.007168   1.71 317.96 286.71  88490.92
 41.0 14888.0 291.20   0.007624   1.28 315.45 296.76  88403.76
 41.0 14919.0 288.88   0.008345   1.43 280.03 305.08  88430.57
 41.0 14949.0 289.05   0.009685   1.04 252.00 315.09  88440.83
 42.0 14980.0 288.66   0.009229   0.95 257.27 311.49  88439.93
 42.0 15011.0 289.95   0.009588   0.89 298.91 309.24  88381.90
 42.0 15039.0 290.00   0.010728   1.17 280.26 323.32  88460.10
 42.0 15070.0 289.81   0.010315   1.35 273.02 315.22  88501.27
 42.0 15100.0 288.91   0.009335   1.91 269.37 299.63  88701.52
 42.0 15131.0 288.27   0.008308   1.85 268.24 283.78  88671.81
 42.0 15161.0 288.18   0.007169   1.75 278.22 273.41  88663.05
 42.0 15192.0 289.90   0.006988   2.01 291.54 279.43  88628.20
 42.0 15223.0 291.68   0.006894   1.64 309.60 288.24  88483.12
 42.0 15253.0 291.30   0.007456   1.42 309.77 297.81  88433.37
 42.0 15284.0 288.52   0.010450   1.14 230.88 326.65  88518.79
 42.0 15314.0 288.45   0.010002   1.08 232.69 321.52  88379.86
 43.0 15345.0 289.16   0.010051   1.15 260.75 318.52  88371.88
 43.0 15376.0 289.63   0.010145   1.06 274.36 319.05  88431.80
 43.0 15404.0 290.24   0.010582   0.88 274.69 321.61  88508.33
 43.0 15435.0 289.39   0.009536   1.45 278.31 309.65  88617.30
 43.0 15465.0 288.97   0.008781   1.80 282.76 291.39  88682.44
 43.0 15496.0 287.66   0.007614   1.90 266.96 277.10  88795.87
 43.0 15526.0 288.05   0.007372   1.93 279.86 272.77  88773.01
 43.0 15557.0 289.67   0.006746   1.98 294.82 276.85  88630.23
 43.0 15588.0 291.68   0.006646   1.73 319.80 284.63  88474.09
 43.0 15618.0 291.84   0.007854   1.40 300.89 306.54  88512.51
 43.0 15649.0 288.79   0.009055   1.25 281.50 309.50  88474.86
 43.0 15679.0 288.26   0.010142   1.21 217.25 326.38  88488.19
 44.0 15710.0 288.80   0.009868   1.35 239.73 322.79  88468.38
 44.0 15741.0 288.77   0.010401   0.94 223.80 325.71  88443.59
 44.0 15769.0 290.44   0.009908   1.17 306.83 311.72  88461.57
 44.0 15800.0 289.90   0.010496   1.40 277.95 314.62  88616.48
 44.0 15830.0 289.08   0.008782   1.83 286.29 289.09  88754.60
 44.0 15861.0 288.03   0.007810   1.90 277.01 275.48  88736.57
 44.0 15891.0 288.05   0.006862   1.86 283.13 267.29  88751.45
 44.0 15922.0 289.92   0.006040   2.19 308.15 265.13  88582.57
 44.0 15953.0 291.82   0.007152   1.59 310.54 293.14  88433.95
 44.0 15983.0 289.33   0.009203   1.06 284.72 313.85  88528.22
 44.0 16014.0 289.16   0.010788   1.07 250.87 327.47  88511.88
 44.0 16044.0 289.29   0.010386   1.06 252.60 322.28  88431.76
 45.0 16075.0 289.24   0.010552   1.02 226.50 328.85  88485.61
 45.0 16106.0 290.58   0.009784   1.14 309.40 312.93  88513.80
 45.0 16134.0 290.93   0.010927   0.89 280.71 324.68  88442.73
 45.0 16165.0 290.43   0.010109   1.71 289.51 311.46  88550.22
 45.0 16195.0 289.30   0.008796   1.85 283.03 290.32  88615.39
 45.0 16226.0 288.87   0.008196   1.81 269.76 284.28  88673.09
 45.0 16256.0 288.86   0.007417   1.76 276.65 278.91  88634.45
 45.0 16287.0 290.48   0.006975   2.03 298.36 278.86  88591.80
 45.0 16318.0 291.92   0.007292   1.61 306.19 294.24  88462.00
 45.0 16348.0 290.91   0.009441   1.29 261.83 320.66  88365.98
 45.0 16379.0 291.14   0.008727   1.59 291.52 310.20  88500.17
 45.0 16409.0 289.59   0.010127   1.13 248.25 322.21  88432.54
 46.0 16440.0 288.74   0.010589   0.87 214.16 329.59  88499.34
 46.0 16471.0 289.90   0.009972   1.01 285.81 316.51  88497.17
 46.0 16499.0 290.13   0.011175   0.92 247.11 330.65  88449.21
 46.0 16530.0 290.21   0.010742   1.38 265.95 322.26  88605.38
 46.0 16560.0 289.49   0.009313   1.81 279.39 296.90  88775.84
 46.0 16591.0 288.67   0.008256   1.72 270.23 284.28  88764.02
 46.0 16621.0 288.68   0.007684   1.89 278.85 276.20  88729.98
 46.0 16652.0 289.46   0.007639   1.67 278.68 288.50  88602.49
 46.0 16683.0 291.38   0.006965   1.99 300.82 288.11  88554.22
 46.0 16713.0 292.79   0.007133   1.82 318.67 293.75  88498.94
 46.0 16744.0 290.31   0.008873   1.31 283.85 311.45  88415.81
 46.0 16774.0 289.95   0.009421   1.18 289.62 311.61  88408.09
 47.0 16805.0 289.64   0.009754   1.01 275.73 315.32  88427.88
 47.0 16836.0 290.20   0.009880   1.14 288.03 317.55  88501.35
 47.0 16864.0 290.85   0.010454   1.21 292.41 321.02  88517.24
 47.0 16895.0 290.02   0.010075   1.61 289.33 310.04  88554.09
 47.0 16925.0 288.67   0.009556   1.50 272.04 300.65  88624.76
 47.0 16956.0 287.89   0.008160   1.71 273.79 282.21  88738.50
 47.0 16986.0 288.23   0.006750   1.94 281.91 269.62  88677.15
 47.0 17017.0 290.22   0.006864   2.20 301.12 276.58  88563.67
 47.0 17048.0 291.35   0.006704   2.09 316.13 282.47  88528.80
 47.0 17078.0 290.86   0.008114   1.40 289.98 302.39  88351.76
 47.0 17109.0 289.02   0.008585   1.50 286.52 304.33  88415.24
 47.0 17139.0 288.65   0.010122   1.17 255.93 316.73  88380.78
 48.0 17170.0 288.73   0.009997   1.02 251.06 318.59  88362.48
 48.0 17201.0 289.66   0.010453   0.92 274.93 321.13  88376.00
 48.0 17229.0 290.08   0.010573   1.04 284.72 318.61  88409.86
 48.0 17260.0 289.62   0.010065   1.50 287.04 309.36  88517.28
 48.0 17290.0 288.48   0.009016   1.71 267.20 296.49  88636.41
 48.0 17321.0 287.89   0.008056   1.86 267.09 282.06  88749.91
 48.0 17351.0 287.74   0.006940   1.80 273.18 270.32  88741.82
 48.0 17382.0 289.08   0.007151   1.97 302.17 273.19  88621.80
 48.0 17413.0 291.06   0.006751   1.98 307.33 283.46  88559.17
 48.0 17443.0 290.84   0.008082   1.32 304.79 303.45  88510.43
 48.0 17474.0 288.72   0.008884   1.30 281.50 309.95  88417.19
 48.0 17504.0 288.64   0.010234   1.07 248.46 322.23  88490.17
 49.0 17535.0 289.06   0.009618   0.96 270.05 313.48  88455.12
 49.0 17566.0 289.38   0.010127   1.15 245.98 323.20  88396.80
 49.0 17594.0 289.98   0.010786   0.94 252.80 326.64  88470.23
 49.0 17625.0 289.83   0.010282   1.39 274.04 315.27  88645.30
 49.0 17655.0 289.01   0.009402   1.79 277.43 294.90  88685.30
 49.0 17686.0 288.07   0.007828   1.88 267.75 279.63  88758.09
 49.0 17716.0 288.00   0.007014   1.83 280.87 269.60  88680.05
 49.0 17747.0 289.78   0.006957   1.84 294.27 277.84  88608.22
 49.0 17778.0 291.53   0.006813   1.73 311.62 286.90  88474.47
 49.0 17808.0 292.44   0.007789   1.50 314.12 302.20  88387.88
 49.0 17839.0 289.39   0.009166   1.24 277.14 312.31  88552.52
 49.0 17869.0 289.37   0.009738   1.07 275.01 312.47  88426.11
 50.0 17900.0 289.86   0.009145   1.08 294.26 307.31  88373.05
 50.0 17931.0 290.30   0.009446   0.99 306.30 308.70  88415.87
 50.0 17959.0 290.59   0.009863   1.19 295.87 313.39  88477.16
 50.0 17990.0 289.86   0.009679   1.74 300.53 305.00  88567.30
 50.0 18020.0 288.87   0.008921   1.87 284.36 292.25  88703.91
 50.0 18051.0 289.27   0.007162   2.08 272.23 278.18  88746.61
 50.0 18081.0 289.73   0.006678   2.03 276.51 276.67  88719.93
 50.0 18112.0 290.24   0.006950   2.46 303.02 276.39  88683.11
 50.0 18143.0 292.06   0.006876   1.72 314.33 288.71  88562.14
 50.0 18173.0 290.54   0.008478   1.37 302.45 305.15  88460.13
 50.0 18204.0 290.13   0.008235   1.54 296.03 304.53  88437.49
 50.0 18234.0 288.30   0.009928   1.16 236.87 321.34  88422.85
 51.0 18265.0 288.97   0.010316   0.93 245.32 322.36  88361.67
 51.0 18296.0 289.98   0.010696   0.89 269.78 324.31  88327.69
 51.0 18324.0 290.38   0.010518   1.04 274.80 323.13  88464.70
 51.0 18355.0 289.83   0.010307   1.60 280.59 313.80  88628.61
 51.0 18385.0 288.74   0.008323   1.71 273.06 289.85  88667.71
 51.0 18416.0 287.70   0.007169   1.85 274.05 271.64  88633.93
 51.0 18446.0 288.10   0.007202   1.83 277.08 271.07  88742.09
 51.0 18477.0 289.60   0.006709   1.67 300.28 274.65  88568.84
 51.0 18508.0 291.21   0.007152   1.59 313.41 288.69  88459.30
 51.0 18538.0 288.97   0.007725   1.73 276.49 300.90  88515.91
 51.0 18569.0 289.62   0.009997   1.06 281.25 315.63  88404.78
 51.0 18599.0 289.18   0.010353   0.99 256.46 322.84  88454.89
 52.0 18630.0 289.25   0.010632   0.89 255.04 323.47  88422.08
 52.0 18661.0 290.36   0.010245   1.01 294.12 317.58  88516.64
 52.0 18689.0 290.81   0.010815   1.00 283.54 323.60  88482.02
 52.0 18720.0 290.44   0.010495   1.52 279.68 315.83  88615.51
 52.0 18750.0 289.35   0.008759   1.78 284.10 291.70  88673.76
 52.0 18781.0 288.71   0.008092   1.95 266.04 284.38  88817.65
 52.0 18811.0 288.46   0.006928   1.94 283.64 267.62  88707.70
 52.0 18842.0 289.76   0.007602   1.91 292.45 283.98  88597.20
 52.0 18873.0 291.75   0.007538   1.84 300.11 296.90  88508.11
 52.0 18903.0 290.37   0.008108   1.56 307.69 301.34  88438.25
 52.0 18934.0 290.24   0.008501   1.42 300.33 306.38  88495.65
 52.0 18964.0 288.67   0.010027   1.09 268.17 315.16  88415.84
 53.0 18995.0 289.30   0.010281   1.10 266.99 318.65  88367.74
 53.0 19026.0 290.21   0.010813   0.93 273.83 324.62  88457.74
 53.0 19054.0 290.71   0.011110   0.89 280.44 324.41  88437.03
 53.0 19085.0 290.22   0.010908   1.40 266.69 320.73  88561.23
 53.0 19115.0 289.14   0.009172   1.75 279.73 293.62  88686.05
 53.0 19146.0 287.93   0.007566   1.72 274.88 276.43  88644.40
 53.0 19176.0 287.21   0.006829   2.07 274.77 268.48  88864.03
 53.0 19207.0 289.21   0.007079   2.11 298.78 275.48  88701.34
 53.0 19238.0 291.38   0.006605   1.91 321.01 281.81  88522.28
 53.0 19268.0 291.48   0.007470   1.47 321.48 294.53  88378.07
 53.0 19299.0 288.72   0.009018   1.31 267.85 312.34  88374.41
 53.0 19329.0 288.21   0.010147   1.21 227.75 323.68  88341.89
 54.0 19360.0 288.47   0.009998   0.94 242.64 320.25  88427.50
 54.0 19391.0 289.29   0.009914   0.99 274.56 315.26  88323.95
 54.0 19419.0 290.09   0.010131   0.99 292.78 314.01  88330.03
 54.0 19450.0 290.03   0.009387   1.71 302.31 301.23  88509.74
 54.0 19480.0 288.98   0.009016   2.05 272.15 296.31  88654.96
 54.0 19511.0 288.06   0.007731   1.97 277.63 274.40  88722.43
 54.0 19541.0 287.47   0.006412   2.28 281.14 263.56  88831.13
 54.0 19572.0 289.34   0.006056   2.21 310.39 263.04  88618.05
 54.0 19603.0 290.87   0.006503   2.14 323.30 276.68  88538.84
 54.0 19633.0 291.82   0.007279   1.45 308.01 297.67  88477.57
 54.0 19664.0 288.66   0.009218   1.18 281.83 310.81  88423.25
 54.0 19694.0 288.20   0.010195   1.10 234.71 322.25  88437.97
 55.0 19725.0 288.58   0.009707   1.11 244.48 318.44  88452.29
 55.0 19756.0 289.96   0.009973   0.95 295.33 312.82  88432.26
 55.0 19784.0 290.39   0.010794   0.93 272.60 325.17  88488.90
 55.0 19815.0 290.08   0.010743   1.15 272.18 318.68  88469.20
 55.0 19845.0 288.76   0.008644   1.67 278.18 290.25  88733.80
 55.0 19876.0 287.37   0.007063   1.73 276.28 268.46  88833.71
 55.0 19906.0 287.94   0.007135   1.85 281.68 271.33  88796.47
 55.0 19937.0 289.64   0.006532   1.68 300.06 272.60  88626.54
 55.0 19968.0 291.30   0.006467   1.82 324.16 279.19  88489.32
 55.0 19998.0 290.36   0.008535   1.33 287.47 308.57  88453.64
 55.0 20029.0 288.57   0.010214   1.08 232.61 327.57  88507.95
 55.0 20059.0 288.46   0.010252   0.88 219.55 325.14  88453.87
 56.0 20090.0 288.77   0.010080   1.05 244.11 320.07  88404.80
 56.0 20121.0 290.41   0.009099   1.10 312.22 304.95  88378.96
 56.0 20149.0 290.43   0.010125   1.05 288.00 316.42  88466.74
 56.0 20180.0 290.13   0.009941   1.56 290.14 308.71  88539.59
 56.0 20210.0 288.42   0.009748   1.76 271.48 300.80  88692.88
 56.0 20241.0 288.83   0.008625   1.84 267.05 287.99  88816.29
 56.0 20271.0 288.86   0.007609   1.86 276.35 278.31  88666.62
 56.0 20302.0 289.96   0.006842   1.81 296.65 277.29  88664.64
 56.0 20333.0 291.61   0.006549   1.80 319.86 283.63  88558.29
 56.0 20363.0 291.34   0.008178   1.24 309.10 306.00  88461.09
 56.0 20394.0 289.79   0.008886   1.26 292.91 307.91  88509.66
 56.0 20424.0 288.82   0.010545   1.03 235.16 326.31  88445.94
 57.0 20455.0 288.95   0.010710   1.06 221.72 330.08  88443.47
 57.0 20486.0 289.28   0.010493   0.91 248.57 324.15  88520.98
 57.0 20514.0 290.34   0.011088   0.87 274.64 324.72  88451.35
 57.0 20545.0 290.22   0.010226   1.37 277.70 314.84  88576.50
 57.0 20575.0 289.11   0.008706   1.69 283.07 292.55  88713.17
 57.0 20606.0 288.43   0.008359   1.74 269.25 284.48  88722.43
 57.0 20636.0 288.29   0.007315   1.83 282.37 272.56  88743.95
 57.0 20667.0 290.01   0.007403   1.94 288.13 284.33  88601.62
 57.0 20698.0 290.75   0.007497   1.92 303.08 293.23  88480.04
 57.0 20728.0 291.12   0.007521   1.69 322.18 294.21  88516.77
 57.0 20759.0 289.61   0.009275   1.30 288.95 310.75  88543.26
 57.0 20789.0 288.78   0.010378   1.08 249.52 322.82  88493.21
 58.0 20820.0 289.44   0.010726   0.96 262.81 323.79  88410.41
 58.0 20851.0 290.33   0.010037   1.00 295.10 315.27  88465.71
 58.0 20879.0 290.72   0.011028   0.92 278.79 325.32  88431.70
 58.0 20910.0 290.19   0.010633   1.64 261.38 321.17  88614.93
 58.0 20940.0 289.10   0.009450   1.82 276.77 296.18  88727.60
 58.0 20971.0 288.27   0.008489   1.77 269.21 285.78  88686.16
 58.0 21001.0 287.69   0.007163   2.01 282.29 268.05  88780.86
 58.0 21032.0 289.08   0.007065   1.98 300.31 273.38  88673.43
 58.0 21063.0 291.41   0.006904   1.42 301.68 292.21  88496.46
 58.0 21093.0 289.76   0.008232   1.28 306.95 300.26  88510.92
 58.0 21124.0 288.42   0.009259   1.11 263.49 313.17  88488.95
 58.0 21154.0 288.48   0.009923   1.09 244.81 319.99  88421.05
 59.0 21185.0 288.62   0.009894   0.91 242.80 319.62  88368.55
 59.0 21216.0 290.13   0.009355   1.02 292.73 310.61  88366.77
 59.0 21244.0 290.04   0.010812   0.89 248.79 329.92  88490.23
 59.0 21275.0 290.04   0.010153   1.27 282.89 312.15  88553.48
 59.0 21305.0 289.00   0.008831   2.01 280.61 291.81  88753.12
 59.0 21336.0 287.95   0.007368   1.81 278.72 271.63  88810.90
 59.0 21366.0 288.12   0.007106   1.93 281.67 270.81  88731.98
 59.0 21397.0 289.42   0.006807   2.21 296.59 275.77  88731.72
 59.0 21428.0 291.48   0.006693   1.23 304.93 288.88  88436.86
 59.0 21458.0 291.94   0.007950   1.38 309.00 304.17  88532.12
 59.0 21489.0 289.09   0.009501   1.37 249.83 321.03  88519.84
 59.0 21519.0 289.57   0.010620   1.12 279.09 318.95  88485.96
 60.0 21550.0 289.08   0.010850   0.91 217.17 331.75  88485.17
 60.0 21581.0 289.99   0.011021   1.06 258.73 329.44  88543.98
 60.0 21609.0 291.01   0.011255   1.11 279.81 326.81  88461.91
 60.0 21640.0 290.80   0.010722   1.50 264.94 323.61  88618.84
 60.0 21670.0 289.83   0.009507   1.67 281.69 299.47  88616.06
 60.0 21701.0 288.93   0.008575   1.93 266.45 288.71  88800.16
 60.0 21731.0 288.58   0.007622   1.90 281.44 277.06  88841.84
 60.0 21762.0 289.52   0.006887   2.03 302.18 273.27  88653.77
 60.0 21793.0 291.43   0.006922   1.69 305.75 289.49  88500.63
 60.0 21823.0 290.43   0.008919   1.20 298.99 308.54  88456.34
 60.0 21854.0 289.57   0.009311   1.25 274.54 316.07  88354.77
 60.0 21884.0 288.74   0.010616   1.01 221.55 327.66  88395.84
 61.0 21915.0 288.73   0.010295   1.15 222.43 328.68  88522.50
 61.0 21946.0 290.13   0.009849   1.10 305.54 311.66  88419.49
 61.0 21974.0 290.38   0.010874   1.05 274.54 324.93  88362.50
 61.0 22005.0 290.26   0.010530   1.30 277.42 316.24  88462.84
 61.0 22035.0 288.87   0.008335   1.92 282.28 286.80  88707.01
 61.0 22066.0 287.70   0.007447   1.77 272.77 275.27  88705.52
 61.0 22096.0 287.33   0.006875   1.92 282.48 267.04  88751.57
 61.0 22127.0 288.60   0.007067   2.01 298.88 273.11  88660.52
 61.0 22158.0 290.62   0.006442   2.13 321.32 276.37  88582.73
 61.0 22188.0 291.42   0.007967   1.46 313.05 299.68  88462.67
 61.0 22219.0 288.42   0.008737   1.14 285.72 305.36  88466.88
 61.0 22249.0 288.21   0.010026   1.03 246.28 320.93  88438.22
 62.0 22280.0 288.37   0.009921   1.02 223.31 320.64  88401.25
 62.0 22311.0 289.62   0.009899   1.04 278.98 317.01  88393.56
 62.0 22339.0 290.33   0.010019   1.22 292.29 314.95  88484.25
 62.0 22370.0 289.45   0.009627   1.66 292.35 304.45  88543.46
 62.0 22400.0 288.47   0.008698   1.82 287.87 286.91  88697.73
 62.0 22431.0 287.17   0.006590   1.68 273.33 267.31  88702.12
 62.0 22461.0 288.65   0.005913   1.69 280.58 268.36  88638.81
 62.0 22492.0 289.56   0.006663   2.43 296.84 272.98  88670.98
 62.0 22523.0 291.40   0.006613   1.92 317.86 284.53  88511.92
 62.0 22553.0 289.84   0.008810   1.17 279.08 313.79  88410.50
 62.0 22584.0 289.08   0.009863   1.13 256.35 320.08  88506.21
 62.0 22614.0 288.31   0.010365   1.14 197.83 332.07  88524.03
 63.0 22645.0 289.15   0.010466   1.00 254.95 320.98  88496.03
 63.0 22676.0 290.08   0.010272   0.94 286.25 317.85  88476.30
 63.0 22704.0 290.57   0.009715   1.31 308.13 308.53  88363.05
 63.0 22735.0 290.34   0.009933   1.51 293.90 309.47  88521.08
 63.0 22765.0 289.13   0.008731   1.70 282.92 291.66  88673.98
 63.0 22796.0 288.60   0.008186   1.91 268.05 284.61  88752.33
 63.0 22826.0 289.17   0.007866   1.59 262.53 288.48  88680.98
 63.0 22857.0 290.40   0.006948   1.94 292.95 280.52  88599.27
 63.0 22888.0 291.31   0.007657   1.59 284.94 299.78  88484.33
 63.0 22918.0 291.87   0.008228   1.45 316.00 302.44  88514.58
 63.0 22949.0 289.61   0.009320   1.30 284.88 313.73  88497.61
 63.0 22979.0 289.43   0.009113   1.39 288.33 310.63  88336.30
 64.0 23010.0 289.63   0.010810   1.00 250.81 326.70  88360.65
 64.0 23041.0 290.84   0.010173   1.13 288.85 320.92  88327.26
 64.0 23069.0 291.16   0.010920   1.02 287.61 325.15  88422.75
 64.0 23100.0 290.07   0.010377   1.71 266.44 317.84  88661.26
 64.0 23130.0 289.05   0.009116   1.83 282.80 293.50  88730.43
 64.0 23161.0 288.08   0.007908   1.98 263.62 281.77  88758.44
 64.0 23191.0 288.49   0.007205   2.03 281.55 270.92  88780.48
 64.0 23222.0 289.62   0.006632   2.39 295.85 275.09  88759.20
 64.0 23253.0 290.82   0.007282   1.41 301.49 292.65  88508.06
 64.0 23283.0 289.08   0.008403   1.44 295.37 303.55  88508.85
 64.0 23314.0 289.15   0.009555   1.09 284.75 312.83  88493.27
 64.0 23344.0 288.66   0.010001   1.01 235.55 320.57  88524.59
 65.0 23375.0 288.91   0.009721   1.04 267.44 313.75  88394.16
 65.0 23406.0 289.60   0.010291   1.00 265.58 321.67  88438.63
 65.0 23434.0 290.19   0.010659   0.98 261.38 325.50  88584.70
 65.0 23465.0 289.98   0.010138   1.37 277.61 312.90  88560.27
 65.0 23495.0 289.14   0.009103   1.79 273.36 295.76  88621.26
 65.0 23526.0 287.94   0.007309   1.88 271.57 274.37  88710.82
 65.0 23556.0 287.98   0.007144   1.83 274.34 273.80  88669.97
 65.0 23587.0 289.35   0.006928   1.97 304.47 272.81  88638.82
 65.0 23618.0 290.69   0.007280   1.66 295.59 293.79  88503.92
 65.0 23648.0 290.14   0.007835   1.51 303.63 301.52  88533.20
 65.0 23679.0 289.04   0.009392   1.23 276.40 314.73  88515.34
 65.0 23709.0 288.86   0.010338   1.03 240.34 323.98  88377.02
 66.0 23740.0 289.21   0.009863   1.01 266.95 315.66  88353.73
 66.0 23771.0 289.94   0.010271   0.90 281.08 318.43  88398.63
 66.0 23799.0 290.25   0.009363   1.29 314.75 305.91  88360.55
 66.0 23830.0 289.88   0.010345   1.63 282.94 312.48  88516.20
 66.0 23860.0 289.41   0.009346   1.78 269.73 300.79  88704.01
 66.0 23891.0 288.59   0.007760   1.75 275.45 280.12  88810.31
 66.0 23921.0 288.48   0.006470   1.92 283.60 267.15  88783.05
 66.0 23952.0 290.60   0.006650   1.93 299.70 279.73  88581.15
 66.0 23983.0 291.95   0.006889   1.40 318.78 288.56  88415.37
 66.0 24013.0 289.65   0.009206   1.10 287.03 311.81  88441.59
 66.0 24044.0 289.57   0.009781   1.16 280.66 314.66  88552.30
 66.0 24074.0 288.51   0.010239   0.94 223.73 322.39  88491.90
 67.0 24105.0 289.26   0.009609   0.96 258.67 315.99  88520.04
 67.0 24136.0 290.17   0.009916   0.93 297.08 312.09  88467.97
 67.0 24164.0 290.34   0.010177   1.29 288.79 318.05  88496.96
 67.0 24195.0 290.01   0.010263   1.34 281.66 312.85  88596.49
 67.0 24225.0 289.11   0.009301   1.49 279.04 296.98  88674.12
 67.0 24256.0 288.36   0.007456   1.63 272.98 277.93  88684.95
 67.0 24286.0 288.60   0.007259   1.80 276.49 276.77  88705.53
 67.0 24317.0 290.31   0.007174   1.90 293.79 283.09  88565.16
 67.0 24348.0 291.77   0.006999   2.18 318.47 284.46  88630.49
 67.0 24378.0 291.85   0.008118   1.33 311.07 305.09  88383.00
 67.0 24409.0 288.93   0.009767   1.20 264.42 318.23  88437.74
 67.0 24439.0 289.28   0.010046   1.11 265.85 318.58  88390.98
 68.0 24470.0 289.50   0.009867   1.09 271.62 317.55  88445.43
 68.0 24501.0 290.00   0.010664   1.08 278.27 322.98  88443.14
 68.0 24529.0 290.52   0.010602   1.00 275.66 323.19  88465.48
 68.0 24560.0 290.31   0.010710   1.34 270.55 319.33  88568.13
 68.0 24590.0 288.96   0.009430   1.63 271.81 299.05  88697.51
 68.0 24621.0 287.83   0.007614   1.66 273.76 276.10  88691.11
 68.0 24651.0 288.01   0.007131   1.90 279.70 271.37  88709.32
 68.0 24682.0 289.50   0.006830   1.89 291.86 276.38  88616.45
 68.0 24713.0 291.42   0.006994   1.86 313.45 287.67  88483.68
 68.0 24743.0 290.27   0.008563   1.01 280.94 309.96  88472.79
 68.0 24774.0 288.97   0.010118   1.04 254.46 320.64  88482.31
 68.0 24804.0 289.59   0.009838   1.15 243.73 322.25  88419.21
 69.0 24835.0 288.80   0.010149   1.07 241.50 323.06  88404.55
 69.0 24866.0 289.60   0.010123   0.98 263.81 321.58  88515.62
 69.0 24894.0 290.36   0.009941   0.97 289.87 314.29  88533.39
 69.0 24925.0 289.93   0.010145   1.38 289.89 309.54  88589.15
 69.0 24955.0 289.19   0.009172   1.83 273.92 296.44  88657.33
 69.0 24986.0 288.04   0.007611   1.85 273.77 276.60  88817.53
 69.0 25016.0 287.40   0.006381   1.79 283.48 262.17  88776.20
 69.0 25047.0 289.68   0.007137   2.01 299.64 276.94  88608.00
 69.0 25078.0 291.67   0.006314   1.64 319.46 282.66  88529.54
 69.0 25108.0 290.23   0.008709   1.11 290.67 310.67  88482.05
 69.0 25139.0 288.99   0.010399   1.11 244.45 324.98  88589.97
 69.0 25169.0 288.78   0.010648   0.97 210.17 331.90  88459.02
 70.0 25200.0 290.24   0.009994   1.01 302.20 312.74  88472.57
 70.0 25231.0 290.10   0.010384   1.19 286.64 318.90  88468.95
 70.0 25259.0 290.95   0.010882   1.01 291.64 323.33  88396.11
 70.0 25290.0 290.38   0.009982   1.44 283.07 313.26  88562.00
 70.0 25320.0 289.30   0.009535   1.75 266.43 301.37  88716.41
 70.0 25351.0 288.61   0.008044   1.93 272.98 281.64  88895.28
 70.0 25381.0 288.85   0.007309   1.74 273.30 277.10  88652.61
 70.0 25412.0 290.05   0.007066   1.98 296.60 278.46  88590.88
 70.0 25443.0 291.78   0.007475   1.61 310.99 294.42  88523.72
 70.0 25473.0 292.07   0.007374   1.51 326.18 292.96  88468.52
 70.0 25504.0 290.36   0.008980   1.49 282.59 312.41  88494.52
 70.0 25534.0 289.47   0.010325   1.07 258.35 321.57  88477.92
 71.0 25565.0 289.62   0.010418   1.01 257.84 322.67  88418.64
 71.0 25596.0 290.61   0.010537   0.96 292.55 321.01  88409.68
 71.0 25624.0 290.95   0.011166   0.92 280.50 326.76  88492.49
 71.0 25655.0 290.17   0.010654   1.38 283.53 313.95  88525.07
 71.0 25685.0 289.43   0.009537   1.83 270.21 301.45  88672.02
 71.0 25716.0 288.08   0.007804   1.87 266.71 279.33  88783.57
 71.0 25746.0 288.32   0.007344   1.91 272.92 275.00  88687.06
 71.0 25777.0 289.95   0.006440   2.04 304.73 270.61  88619.82
 71.0 25808.0 291.48   0.007255   1.92 315.13 288.95  88556.38
 71.0 25838.0 290.81   0.007987   1.32 303.11 303.42  88475.10
 71.0 25869.0 288.77   0.010134   1.03 261.05 319.88  88534.34
 71.0 25899.0 288.06   0.010389   0.94 198.21 330.72  88536.64
 72.0 25930.0 289.47   0.009794   1.12 276.03 315.68  88417.47
 72.0 25961.0 290.04   0.010197   0.99 285.73 318.23  88452.79
 72.0 25989.0 290.44   0.010570   1.06 275.33 322.71  88512.14
 72.0 26020.0 290.07   0.010059   1.68 283.01 311.37  88504.48
 72.0 26050.0 289.45   0.009149   1.85 280.90 294.91  88703.71
 72.0 26081.0 287.99   0.007418   1.99 272.15 275.27  88849.71
 72.0 26111.0 287.32   0.005835   1.65 285.98 257.32  88704.34
 72.0 26142.0 288.90   0.006735   2.26 291.01 275.21  88669.66
 72.0 26173.0 291.53   0.007270   2.03 316.39 287.24  88498.63
 72.0 26203.0 291.83   0.007232   1.73 324.01 290.95  88431.68
 72.0 26234.0 289.49   0.009329   1.22 283.02 314.07  88435.30
 72.0 26264.0 290.09   0.009670   1.32 275.96 315.61  88460.65
 73.0 26295.0 289.13   0.010429   1.15 234.22 328.44  88508.38
 73.0 26326.0 289.66   0.010605   1.12 247.69 326.81  88514.94
 73.0 26354.0 290.43   0.010284   0.99 284.46 318.12  88464.94
 73.0 26385.0 289.90   0.010659   1.32 282.17 313.46  88605.53
 73.0 26415.0 289.00   0.009430   1.93 274.13 298.07  88793.44
 73.0 26446.0 287.76   0.007754   1.85 275.62 275.10  88775.24
 73.0 26476.0 287.96   0.007477   2.02 275.18 273.85  88703.32
 73.0 26507.0 289.81   0.007074   1.61 292.86 280.55  88585.87
 73.0 26538.0 291.40   0.007367   1.66 307.95 292.62  88539.54
 73.0 26568.0 292.04   0.007749   1.63 316.49 300.99  88449.62
 73.0 26599.0 289.01   0.010040   1.20 247.37 324.76  88451.00
 73.0 26629.0 288.64   0.010567   1.08 235.15 324.74  88482.10
 74.0 26660.0 288.64   0.009784   1.10 234.97 318.83  88438.42
 74.0 26691.0 290.53   0.010067   1.02 303.97 314.83  88481.98
 74.0 26719.0 291.72   0.009025   1.33 329.50 303.93  88455.72
 74.0 26750.0 289.49   0.010049   1.53 293.04 308.23  88549.48
 74.0 26780.0 289.02   0.008257   1.79 285.71 287.60  88709.12
 74.0 26811.0 288.91   0.007460   2.02 277.12 276.16  88712.89
 74.0 26841.0 289.70   0.006815   2.12 273.21 278.94  88645.97
 74.0 26872.0 291.06   0.007351   2.33 303.11 282.16  88603.12
 74.0 26903.0 291.38   0.006815   2.15 321.84 281.26  88559.59
 74.0 26933.0 290.66   0.008822   1.44 301.36 306.37  88520.92
 74.0 26964.0 289.46   0.008878   1.31 287.12 309.54  88551.44
 74.0 26994.0 288.72   0.010510   1.15 233.84 327.93  88495.86
 75.0 27025.0 289.33   0.010271   1.01 257.21 321.14  88497.43
 75.0 27056.0 290.24   0.010716   0.84 266.95 324.94  88488.70
 75.0 27084.0 290.99   0.010730   0.97 290.65 323.45  88497.08
 75.0 27115.0 290.47   0.010749   1.42 281.27 319.29  88620.23
 75.0 27145.0 289.64   0.009536   1.80 274.46 300.84  88735.64
 75.0 27176.0 288.04   0.007703   1.97 272.66 276.19  88809.22
 75.0 27206.0 287.53   0.006908   2.02 281.65 265.34  88862.09
 75.0 27237.0 289.13   0.006395   1.88 305.73 265.12  88658.70
 75.0 27268.0 291.53   0.007314   2.34 311.93 287.90  88593.59
 75.0 27298.0 291.35   0.008300   1.69 298.84 303.55  88494.38
 75.0 27329.0 289.33   0.009962   1.14 232.03 326.81  88454.33
 75.0 27359.0 288.80   0.010608   1.02 231.19 326.79  88466.88
 76.0 27390.0 289.23   0.010060   1.05 259.30 319.80  88456.35
 76.0 27421.0 289.97   0.010692   1.05 262.25 325.87  88406.29
 76.0 27449.0 290.17   0.010582   1.04 270.99 322.53  88434.84
 76.0 27480.0 290.07   0.010302   1.34 283.71 312.46  88532.44
 76.0 27510.0 289.22   0.009025   1.88 280.68 293.54  88732.48
 76.0 27541.0 287.96   0.007959   1.87 274.55 277.20  88767.77
 76.0 27571.0 287.68   0.006851   1.81 283.57 265.91  88693.98
 76.0 27602.0 289.04   0.006936   1.87 303.16 270.94  88631.22
 76.0 27633.0 291.56   0.006640   1.48 303.27 289.44  88411.53
 76.0 27663.0 291.68   0.007725   1.63 313.64 298.61  88434.96
 76.0 27694.0 288.92   0.009369   1.25 292.20 310.13  88419.97
 76.0 27724.0 288.74   0.009926   1.03 271.08 315.25  88419.41
 77.0 27755.0 288.65   0.009520   1.20 241.30 317.42  88346.56
 77.0 27786.0 289.51   0.010147   0.94 268.83 318.90  88388.10
 77.0 27814.0 290.29   0.010281   1.10 283.70 319.26  88438.03
 77.0 27845.0 289.83   0.009808   1.66 301.69 302.54  88622.18
 77.0 27875.0 288.94   0.008970   1.78 281.44 291.68  88663.66
 77.0 27906.0 288.60   0.008292   2.07 267.68 285.07  88738.10
 77.0 27936.0 288.99   0.006479   1.76 281.94 272.61  88746.55
 77.0 27967.0 289.64   0.006031   2.09 301.07 270.23  88632.97
 77.0 27998.0 291.27   0.006905   1.69 316.03 285.70  88486.34
 77.0 28028.0 291.10   0.008228   1.23 302.72 306.02  88448.59
 77.0 28059.0 289.18   0.009319   1.27 284.15 311.34  88450.87
 77.0 28089.0 289.09   0.009703   1.23 272.91 313.73  88428.45
 78.0 28120.0 289.74   0.010037   0.99 272.36 316.63  88393.71
 78.0 28151.0 290.79   0.010090   1.01 300.97 317.77  88421.06
 78.0 28179.0 290.61   0.010118   1.12 290.41 316.99  88443.20
 78.0 28210.0 290.19   0.010371   1.45 290.93 312.26  88610.52
 78.0 28240.0 289.43   0.009326   1.75 273.76 300.10  88603.31
 78.0 28271.0 288.75   0.008168   1.73 273.10 283.75  88668.41
 78.0 28301.0 288.78   0.006882   2.06 280.83 272.15  88752.98
 78.0 28332.0 290.88   0.006858   2.08 297.80 279.95  88648.89
 78.0 28363.0 291.78   0.007055   1.48 315.90 290.87  88492.69
 78.0 28393.0 290.87   0.007931   1.26 305.18 302.22  88438.27
 78.0 28424.0 289.24   0.009520   1.33 281.25 315.11  88467.85
 78.0 28454.0 288.74   0.010418   1.03 222.48 328.88  88475.22
 79.0 28485.0 288.17   0.010064   1.11 200.26 328.40  88580.36
 79.0 28516.0 290.71   0.009428   1.16 313.80 309.38  88499.01
 79.0 28544.0 290.86   0.009755   1.27 305.28 314.39  88557.66
 79.0 28575.0 290.50   0.010291   1.47 293.64 314.30  88561.01
 79.0 28605.0 289.50   0.008813   1.83 277.94 295.13  88832.58
 79.0 28636.0 289.04   0.008392   1.94 273.25 285.00  88786.52
 79.0 28666.0 288.81   0.007151   2.01 270.87 279.40  88809.09
 79.0 28697.0 290.25   0.006259   2.02 305.51 271.10  88646.30
 79.0 28728.0 292.11   0.006742   2.09 325.54 282.58  88559.27
 79.0 28758.0 291.16   0.008183   1.52 310.79 301.38  88518.03
 79.0 28789.0 289.45   0.008901   1.19 300.58 306.22  88434.77
 79.0 28819.0 288.58   0.010209   1.07 245.33 321.33  88503.32
 80.0 28850.0 289.21   0.010423   0.97 250.39 323.17  88443.87
 80.0 28881.0 289.94   0.010422   1.10 274.56 322.97  88438.59
 80.0 28909.0 290.44   0.010381   1.03 294.52 318.56  88369.34
 80.0 28940.0 290.25   0.009714   1.56 293.23 308.07  88419.13
 80.0 28970.0 288.80   0.008996   1.74 278.08 293.66  88638.20
 80.0 29001.0 287.67   0.007574   2.05 274.37 274.32  88768.88
 80.0 29031.0 287.55   0.006639   2.00 281.88 263.35  88767.21
 80.0 29062.0 289.29   0.006500   2.25 304.14 270.10  88724.37
 80.0 29093.0 290.89   0.006870   1.52 300.91 291.98  88546.45
 80.0 29123.0 291.33   0.007329   1.25 301.48 299.07  88405.08
 80.0 29154.0 288.49   0.009550   1.15 279.62 312.62  88463.77
 80.0 29184.0 289.12   0.009528   1.31 278.80 312.44  88405.00
 81.0 29215.0 289.05   0.009611   0.94 271.14 312.11  88375.35
 81.0 29246.0 289.85   0.010341   0.88 288.29 316.67  88429.47
 81.0 29274.0 289.86   0.010804   1.00 248.05 328.07  88464.18
 81.0 29305.0 290.00   0.010341   1.17 268.73 319.32  88468.67
 81.0 29335.0 288.66   0.008923   1.63 264.65 296.59  88649.97
 81.0 29366.0 287.73   0.007720   1.84 273.41 276.63  88817.52
 81.0 29396.0 287.27   0.006933   1.99 281.88 266.38  88781.94
 81.0 29427.0 288.90   0.006800   2.08 297.32 273.24  88645.84
 81.0 29458.0 291.31   0.007149   1.80 315.21 286.63  88508.12
 81.0 29488.0 291.12   0.008076   1.29 310.95 300.35  88474.35
 81.0 29519.0 288.44   0.010120   1.03 278.05 314.24  88427.04
 81.0 29549.0 288.41   0.010384   1.03 195.61 331.07  88424.48
 82.0 29580.0 289.26   0.009888   1.07 260.30 318.26  88447.52
 82.0 29611.0 290.08   0.010517   1.02 270.46 322.98  88421.95
 82.0 29639.0 290.51   0.010451   1.45 302.89 315.07  88487.57
 82.0 29670.0 290.09   0.009854   1.74 299.24 307.57  88609.89
 82.0 29700.0 289.32   0.009506   1.96 260.27 303.71  88724.34
 82.0 29731.0 288.57   0.008323   1.80 267.01 285.88  88752.84
 82.0 29761.0 288.36   0.006862   1.88 276.36 273.78  88708.34
 82.0 29792.0 290.16   0.006698   2.15 296.80 276.07  88654.51
 82.0 29823.0 291.78   0.007329   2.02 311.89 289.51  88527.03
 82.0 29853.0 290.47   0.008836   1.32 299.18 308.47  88511.68
 82.0 29884.0 289.32   0.010007   1.35 248.97 322.68  88494.25
 82.0 29914.0 289.17   0.010615   1.09 231.73 329.08  88643.77
 83.0 29945.0 289.67   0.010266   0.90 275.05 317.71  88481.09
 83.0 29976.0 290.19   0.010811   0.93 272.77 324.20  88566.62
 83.0 30004.0 291.02   0.010945   1.16 282.79 326.08  88546.20
 83.0 30035.0 290.66   0.010321   1.66 287.66 315.18  88578.38
 83.0 30065.0 289.86   0.009072   1.99 279.92 297.22  88705.48
 83.0 30096.0 288.24   0.007415   1.77 272.50 274.96  88719.96
 83.0 30126.0 287.83   0.007060   1.94 284.24 267.37  88756.07
 83.0 30157.0 289.85   0.006519   1.86 301.71 275.48  88634.38
 83.0 30188.0 290.12   0.007258   1.48 306.03 292.52  88452.15
 83.0 30218.0 289.82   0.007988   1.06 301.73 303.63  88347.27
 83.0 30249.0 288.75   0.009960   1.08 257.87 321.29  88462.47
 83.0 30279.0 288.54   0.010170   0.94 232.42 322.16  88370.88
 84.0 30310.0 288.66   0.010144   0.89 251.81 318.73  88338.09
 84.0 30341.0 289.93   0.009979   0.99 296.58 314.05  88345.10
 84.0 30369.0 290.27   0.009948   1.06 298.42 313.52  88478.68
 84.0 30400.0 289.98   0.009818   1.50 289.29 308.51  88406.59
 84.0 30430.0 289.02   0.008718   1.68 278.22 294.62  88607.35
 84.0 30461.0 287.67   0.007004   1.79 269.20 274.22  88667.50
 84.0 30491.0 287.80   0.006893   1.86 275.49 272.04  88654.26
 84.0 30522.0 288.40   0.006196   2.29 297.76 265.29  88734.38
 84.0 30553.0 291.04   0.006408   1.71 310.79 284.24  88492.33
 84.0 30583.0 290.93   0.007338   1.27 298.13 299.93  88413.85
 84.0 30614.0 288.31   0.008741   1.27 274.77 306.63  88439.86
 84.0 30644.0 288.44   0.009508   1.22 245.38 317.62  88381.12
 85.0 30675.0 289.38   0.009299   0.96 287.51 307.60  88392.63
 85.0 30706.0 289.82   0.009713   0.95 294.81 313.67  88424.33
 85.0 30734.0 290.43   0.009752   1.18 310.27 310.07  88436.15
 85.0 30765.0 289.49   0.009930   1.51 290.34 307.55  88558.81
 85.0 30795.0 289.07   0.008774   2.00 279.02 291.23  88766.63
 85.0 30826.0 288.30   0.007390   1.71 273.92 277.48  88703.82
 85.0 30856.0 289.19   0.006638   2.14 278.49 272.50  88623.21
 85.0 30887.0 290.30   0.006763   2.23 302.55 274.90  88577.62
 85.0 30918.0 291.62   0.006876   2.06 322.78 282.97  88519.95
 85.0 30948.0 290.70   0.008265   1.26 297.70 304.69  88460.26
 85.0 30979.0 289.21   0.009416   1.51 270.83 315.48  88422.38
 85.0 31009.0 289.35   0.010521   1.00 262.62 320.98  88446.28
 86.0 31040.0 289.05   0.010452   0.98 241.92 326.48  88434.49
 86.0 31071.0 289.65   0.010704   1.06 244.35 328.82  88443.34
 86.0 31099.0 290.94   0.011222   0.95 277.93 327.34  88418.50
 86.0 31130.0 290.48   0.010309   1.37 277.26 316.63  88541.45
 86.0 31160.0 289.24   0.008735   1.93 288.60 288.23  88778.59
 86.0 31191.0 288.14   0.007910   1.91 274.68 277.37  88819.24
 86.0 31221.0 287.87   0.006864   1.93 281.90 266.79  88832.24
 86.0 31252.0 289.29   0.006531   2.17 290.84 273.37  88727.20
 86.0 31283.0 291.76   0.006326   1.55 316.35 285.07  88507.61
 86.0 31313.0 291.43   0.008783   1.43 281.56 314.19  88383.28
 86.0 31344.0 289.62   0.010153   1.19 276.01 319.34  88504.70
 86.0 31374.0 289.49   0.010466   1.05 258.98 320.78  88487.51
 87.0 31405.0 289.73   0.010754   0.97 242.57 329.56  88507.64
 87.0 31436.0 290.30   0.010740   0.86 269.41 324.80  88534.41
 87.0 31464.0 291.09   0.011321   1.05 283.20 329.80  88522.73
 87.0 31495.0 290.66   0.010969   1.34 274.51 323.00  88638.83
 87.0 31525.0 289.96   0.009190   1.96 278.77 298.77  88727.74
 87.0 31556.0 289.21   0.008458   1.82 270.67 285.75  88732.98
 87.0 31586.0 288.69   0.007331   1.93 283.01 271.39  88749.52
 87.0 31617.0 289.47   0.007259   2.11 302.80 274.63  88696.50
 87.0 31648.0 290.34   0.007248   1.40 285.05 298.07  88487.91
 87.0 31678.0 292.13   0.007977   1.40 312.96 303.67  88420.24
 87.0 31709.0 289.19   0.009990   1.12 275.61 317.81  88526.72
 87.0 31739.0 288.74   0.010691   0.99 223.84 328.63  88473.23
 88.0 31770.0 289.61   0.009450   1.12 278.72 312.82  88318.62
 88.0 31801.0 290.02   0.008723   0.96 316.23 302.60  88353.77
 88.0 31829.0 290.18   0.010564   0.98 266.85 323.87  88462.09
 88.0 31860.0 289.80   0.010144   1.25 262.02 317.04  88477.38
 88.0 31890.0 289.18   0.009169   1.94 271.00 298.07  88641.30
 88.0 31921.0 288.37   0.008034   1.89 275.34 279.68  88731.36
 88.0 31951.0 288.49   0.007233   2.14 282.61 272.22  88733.88
 88.0 31982.0 290.14   0.006464   1.80 297.03 276.44  88520.79
 88.0 32013.0 290.97   0.006712   1.95 315.37 283.23  88536.96
 88.0 32043.0 291.61   0.007453   1.36 304.23 299.75  88413.59
 88.0 32074.0 288.60   0.009338   1.35 272.81 311.93  88508.55
 88.0 32104.0 288.55   0.009932   1.02 248.35 315.52  88442.66
 89.0 32135.0 288.86   0.010064   0.95 248.81 319.61  88352.93
 89.0 32166.0 289.78   0.009612   1.07 285.67 313.94  88409.51
 89.0 32194.0 290.27   0.010563   0.91 275.58 322.21  88419.99
 89.0 32225.0 290.06   0.010269   1.48 284.13 312.56  88498.01
 89.0 32255.0 288.47   0.009220   1.71 275.58 294.19  88656.61
 89.0 32286.0 287.93   0.007953   1.71 273.04 278.07  88654.61
 89.0 32316.0 287.97   0.007254   1.89 281.84 271.57  88701.84
 89.0 32347.0 288.82   0.006479   2.09 292.83 270.35  88599.16
 89.0 32378.0 291.21   0.006967   1.97 306.50 287.83  88474.73
 89.0 32408.0 291.75   0.007616   1.28 309.61 299.82  88473.43
 89.0 32439.0 288.75   0.010226   0.96 268.00 318.75  88515.38
 89.0 32469.0 288.37   0.010364   0.90 228.57 324.56  88490.94
 90.0 32500.0 288.96   0.009924   1.13 261.58 316.90  88418.44
 90.0 32531.0 289.78   0.010009   1.16 279.34 318.38  88430.30
 90.0 32559.0 290.40   0.010501   1.11 287.63 319.19  88501.30
 90.0 32590.0 289.96   0.010034   1.23 284.80 310.56  88587.41
 90.0 32620.0 289.13   0.008841   1.71 284.94 291.67  88715.33
 90.0 32651.0 288.55   0.008570   1.89 266.36 287.46  88765.38
 90.0 32681.0 289.03   0.008227   1.93 274.13 283.49  88656.31
 90.0 32712.0 290.26   0.007146   2.07 295.85 279.28  88568.20
 90.0 32743.0 291.98   0.007203   1.67 314.12 291.01  88426.48
 90.0 32773.0 291.15   0.008261   1.48 309.46 302.81  88494.82
 90.0 32804.0 289.35   0.010243   1.02 261.03 322.10  88618.36
 90.0 32834.0 290.06   0.009941   1.07 273.16 320.05  88457.48
 91.0 32865.0 289.78   0.010368   1.10 268.88 321.29  88381.03
 91.0 32896.0 291.16   0.009808   1.10 320.87 310.95  88378.55
 91.0 32924.0 291.01   0.010057   1.14 307.12 316.51  88433.73
 91.0 32955.0 290.83   0.010741   1.30 284.43 319.10  88597.19
 91.0 32985.0 290.15   0.009945   1.92 279.29 302.40  88763.99
 91.0 33016.0 288.60   0.007763   1.84 271.02 281.18  88735.84
 91.0 33046.0 289.38   0.007733   2.17 274.95 283.06  88791.78
 91.0 33077.0 290.14   0.006405   2.21 298.04 274.04  88663.53
 91.0 33108.0 292.30   0.008282   1.67 290.64 307.65  88493.55
 91.0 33138.0 291.40   0.008881   1.38 304.93 309.93  88502.39
 91.0 33169.0 289.54   0.010078   1.20 279.46 316.90  88456.05
 91.0 33199.0 289.07   0.010355   1.03 227.85 324.28  88501.97
 92.0 33230.0 289.34   0.010150   1.20 263.65 318.14  88348.08
 92.0 33261.0 290.15   0.010178   1.00 293.10 315.25  88439.28
 92.0 33289.0 290.37   0.011019   1.16 250.33 330.60  88500.68
 92.0 33320.0 289.86   0.009931   1.71 294.69 306.99  88615.87
 92.0 33350.0 288.88   0.009411   1.74 268.73 301.92  88635.03
 92.0 33381.0 287.20   0.007015   1.82 276.04 270.22  88771.75
 92.0 33411.0 287.76   0.007207   1.85 279.90 271.17  88713.02
 92.0 33442.0 289.37   0.006426   2.02 299.57 270.29  88626.96
 92.0 33473.0 289.85   0.006999   1.84 306.84 286.10  88545.42
 92.0 33503.0 290.73   0.007236   1.32 308.61 295.55  88378.72
 92.0 33534.0 288.45   0.009732   1.09 277.12 312.00  88450.75
 92.0 33564.0 288.56   0.009607   1.20 247.54 316.46  88411.52
 93.0 33595.0 289.18   0.009502   1.15 271.00 313.02  88330.67
 93.0 33626.0 289.15   0.010074   1.06 264.11 317.92  88292.90
 93.0 33654.0 290.02   0.009331   1.13 305.06 305.87  88391.71
 93.0 33685.0 289.43   0.009906   1.52 290.32 306.11  88503.50
 93.0 33715.0 288.42   0.009198   1.83 273.67 293.35  88634.02
 93.0 33746.0 287.43   0.007748   1.90 267.29 278.18  88711.97
 93.0 33776.0 287.50   0.006474   1.90 284.21 265.40  88664.94
 93.0 33807.0 289.43   0.006055   1.98 301.53 268.46  88622.62
 93.0 33838.0 290.85   0.006001   1.80 324.10 275.21  88479.56
 93.0 33868.0 290.80   0.007575   1.66 307.62 297.53  88505.55
 93.0 33899.0 288.44   0.008752   1.15 283.06 306.06  88445.75
 93.0 33929.0 288.22   0.009505   1.12 263.22 311.85  88406.65
 94.0 33960.0 288.84   0.010014   1.08 251.11 320.64  88411.27
 94.0 33991.0 289.81   0.010665   0.95 273.46 322.20  88305.47
 94.0 34019.0 289.84   0.010562   1.19 260.89 324.95  88438.08
 94.0 34050.0 290.11   0.009800   1.32 286.55 311.52  88633.73
 94.0 34080.0 288.95   0.008907   1.57 279.98 292.46  88593.01
 94.0 34111.0 287.46   0.007391   1.87 271.72 275.45  88765.59
 94.0 34141.0 287.27   0.006450   2.01 281.52 263.45  88798.86
 94.0 34172.0 289.58   0.006444   2.08 300.27 271.31  88657.06
 94.0 34203.0 290.87   0.007147   2.03 318.48 283.44  88525.61
 94.0 34233.0 291.66   0.007415   1.56 313.83 294.62  88548.36
 94.0 34264.0 289.99   0.008982   1.23 274.57 311.70  88460.90
 94.0 34294.0 288.76   0.010391   0.99 246.38 323.91  88517.03
 95.0 34325.0 289.19   0.010132   1.11 253.45 320.06  88386.84
 95.0 34356.0 290.53   0.009694   1.02 304.57 312.44  88385.71
 95.0 34384.0 290.94   0.009829   1.11 301.74 315.14  88580.99
 95.0 34415.0 290.15   0.010125   1.63 278.97 311.64  88662.09
 95.0 34445.0 289.15   0.008665   1.95 291.15 286.04  88713.13
 95.0 34476.0 288.72   0.008031   1.71 269.13 283.50  88783.90
 95.0 34506.0 289.12   0.006765   2.13 280.20 273.63  88732.45
 95.0 34537.0 290.76   0.006764   1.61 294.36 283.84  88543.52
 95.0 34568.0 290.21   0.008353   1.39 283.80 304.57  88414.57
 95.0 34598.0 290.27   0.008160   1.28 308.92 301.43  88447.29
 95.0 34629.0 289.14   0.009998   0.97 249.65 321.00  88525.70
 95.0 34659.0 288.96   0.010459   1.00 220.12 329.60  88506.70
 96.0 34690.0 289.98   0.010779   1.08 263.50 324.61  88501.73
 96.0 34721.0 291.23   0.010193   1.05 299.72 317.59  88461.04
 96.0 34749.0 291.80   0.010148   1.18 309.81 318.16  88486.91
 96.0 34780.0 291.32   0.010855   1.60 281.31 320.52  88644.05
 96.0 34810.0 290.23   0.008821   1.71 282.02 295.13  88771.86
 96.0 34841.0 289.23   0.007562   1.86 278.15 278.76  88831.83
 96.0 34871.0 288.93   0.006605   2.01 276.81 272.75  88725.30
 96.0 34902.0 290.99   0.006428   1.86 303.08 277.87  88584.08
 96.0 34933.0 291.02   0.007484   1.74 302.20 293.60  88563.49
 96.0 34963.0 291.47   0.008443   1.46 313.55 304.39  88505.92
 96.0 34994.0 289.60   0.009095   1.23 303.97 306.89  88476.59
 96.0 35024.0 288.87   0.010308   1.11 238.60 322.22  88426.98
 97.0 35055.0 288.96   0.010428   0.86 248.47 321.50  88491.34
 97.0 35086.0 289.83   0.010204   1.10 274.73 319.16  88423.63
 97.0 35114.0 290.59   0.010292   1.39 301.08 315.86  88436.33
 97.0 35145.0 290.31   0.010749   1.37 266.00 320.70  88514.27
 97.0 35175.0 289.26   0.009657   1.67 264.66 303.44  88646.57
 97.0 35206.0 288.06   0.007702   1.93 275.71 276.22  88801.37
 97.0 35236.0 287.58   0.007214   1.99 280.60 270.33  88866.25
 97.0 35267.0 289.40   0.006712   1.85 302.50 272.22  88622.54
 97.0 35298.0 291.05   0.007559   1.81 302.56 293.70  88508.46
 97.0 35328.0 290.06   0.007487   1.45 307.95 296.78  88422.98
 97.0 35359.0 288.90   0.010115   1.14 253.85 323.46  88446.18
 97.0 35389.0 288.79   0.009929   1.01 247.69 318.69  88517.45
 98.0 35420.0 288.98   0.010019   0.91 269.20 315.52  88384.34
 98.0 35451.0 289.67   0.010456   0.94 264.33 321.80  88366.10
 98.0 35479.0 290.24   0.010272   1.05 285.43 316.76  88414.28
 98.0 35510.0 290.30   0.010019   1.13 280.33 312.88  88450.16
 98.0 35540.0 288.83   0.008974   1.78 273.79 294.77  88706.68
 98.0 35571.0 287.27   0.007119   1.88 276.07 269.20  88787.77
 98.0 35601.0 286.74   0.005974   1.82 277.60 259.92  88778.16
 98.0 35632.0 288.74   0.006370   1.97 293.67 271.32  88641.02
 98.0 35663.0 291.23   0.006374   1.71 311.22 284.28  88465.66
 98.0 35693.0 290.20   0.008035   1.34 291.21 305.00  88421.82
 98.0 35724.0 290.02   0.007751   1.20 291.97 302.96  88297.20
 98.0 35754.0 288.34   0.009814   1.08 255.93 317.05  88415.88
 99.0 35785.0 289.78   0.009918   1.01 277.46 315.73  88410.02
 99.0 35816.0 290.55   0.009314   1.10 307.32 309.84  88394.79
 99.0 35844.0 290.62   0.010560   1.32 287.51 320.29  88511.15
 99.0 35875.0 290.44   0.010209   1.50 297.46 309.90  88632.94
 99.0 35905.0 289.43   0.009421   1.83 281.29 295.90  88683.32
 99.0 35936.0 288.71   0.007748   1.98 271.63 280.04  88733.80
 99.0 35966.0 289.15   0.006633   2.33 284.00 270.12  88802.52
 99.0 35997.0 290.75   0.006887   1.87 298.43 282.12  88621.07
 99.0 36028.0 291.66   0.007007   1.99 315.45 286.28  88562.03
 99.0 36058.0 290.78   0.008083   1.53 305.72 305.28  88449.77
 99.0 36089.0 289.58   0.009944   1.13 277.48 316.43  88549.99
 99.0 36119.0 289.68   0.010203   1.23 263.67 319.66  88404.87
100.0 36150.0 289.93   0.010903   1.01 267.45 325.13  88518.70
100.0 36181.0 290.74   0.011013   0.86 287.73 323.87  88577.45
100.0 36209.0 291.42   0.010955   1.29 294.08 325.44  88550.50
100.0 36240.0 290.89   0.010690   1.41 286.41 317.76  88617.47
100.0 36270.0 290.09   0.009582   1.84 281.69 298.65  88687.70
100.0 36301.0 289.38   0.008662   1.91 259.59 292.27  88779.66
100.0 36331.0 288.34   0.006918   1.99 282.74 269.94  88860.83
100.0 36362.0 290.42   0.006841   2.10 295.72 279.87  88620.15
100.0 36393.0 291.97   0.007261   1.70 312.96 291.60  88505.92
100.0 36423.0 290.25   0.008420   1.35 300.74 304.37  88429.02
100.0 36454.0 289.32   0.009975   1.05 284.57 314.73  88494.48
100.0 36484.0 289.12   0.010038   0.98 260.44 316.66  88403.73
