  1.0    15.0 288.48   0.009740   1.42 262.33 318.53  87905.90
  1.0    46.0 289.80   0.010324   1.35 266.43 323.20  87760.90
  1.0    74.0 289.36   0.009716   1.60 308.64 307.64  88039.41
  1.0   105.0 288.44   0.009725   1.48 274.70 309.55  88089.29
  1.0   135.0 287.06   0.008378   2.09 233.04 300.33  88341.20
  1.0   166.0 285.47   0.007207   1.90 238.82 279.82  88467.45
  1.0   196.0 285.11   0.006514   2.22 241.77 274.23  88535.09
  1.0   227.0 286.10   0.006194   2.23 281.18 267.36  88327.52
  1.0   258.0 288.98   0.006944   2.09 303.41 278.77  88164.14
  1.0   288.0 288.28   0.007726   2.34 306.46 292.01  88213.20
  1.0   319.0 288.80   0.008502   1.72 316.06 299.46  88020.81
  1.0   349.0 288.02   0.009543   1.66 291.14 311.65  88037.10
  2.0   380.0 289.00   0.010152   1.68 272.35 320.28  87836.73
  2.0   411.0 289.93   0.010453   1.30 285.38 321.24  87902.12
  2.0   439.0 289.73   0.010219   1.25 257.61 322.33  87944.62
  2.0   470.0 288.71   0.009167   1.82 272.11 306.23  88257.91
  2.0   500.0 286.16   0.007295   1.79 260.99 277.75  88421.61
  2.0   531.0 285.02   0.006818   1.92 235.22 277.63  88607.52
  2.0   561.0 285.55   0.006375   2.10 246.69 273.39  88479.02
  2.0   592.0 287.72   0.006515   2.13 284.71 269.84  88236.98
  2.0   623.0 288.98   0.006422   2.20 318.15 269.88  88211.71
  2.0   653.0 289.18   0.008330   2.34 310.33 295.36  88197.77
  2.0   684.0 290.79   0.007714   1.99 332.37 292.96  88080.18
  2.0   714.0 289.90   0.008278   1.82 330.49 297.22  88088.12
  3.0   745.0 289.51   0.009395   1.64 318.75 309.75  87922.30
  3.0   776.0 290.08   0.010339   1.56 288.49 323.41  87891.11
  3.0   804.0 289.92   0.010635   1.28 289.52 323.61  88112.36
  3.0   835.0 289.20   0.010362   1.75 231.22 329.85  88294.35
  3.0   865.0 287.89   0.009082   1.99 227.92 309.47  88466.44
  3.0   896.0 285.50   0.006826   1.67 252.07 269.62  88465.34
  3.0   926.0 284.86   0.006420   1.73 260.47 263.23  88378.76
  3.0   957.0 287.39   0.006663   2.22 277.79 273.90  88308.04
  3.0   988.0 289.59   0.007036   2.29 323.66 273.38  88235.24
  3.0  1018.0 290.81   0.007785   2.45 338.84 284.00  88127.41
  3.0  1049.0 289.08   0.008168   1.98 305.37 298.14  88039.21
  3.0  1079.0 289.48   0.008044   1.87 333.14 294.27  87919.41
  4.0  1110.0 288.40   0.010108   1.73 241.77 327.11  87801.87
  4.0  1141.0 289.84   0.009851   1.49 268.71 321.20  87928.61
  4.0  1169.0 289.45   0.010726   1.55 265.23 328.89  88070.70
  4.0  1200.0 288.42   0.009646   2.05 229.36 325.01  88259.07
  4.0  1230.0 286.69   0.008788   1.82 232.81 304.77  88378.62
  4.0  1261.0 285.41   0.007222   1.66 258.01 269.59  88399.70
  4.0  1291.0 285.10   0.006798   2.01 239.90 276.63  88394.51
  4.0  1322.0 286.48   0.006486   2.22 258.62 278.65  88354.83
  4.0  1353.0 289.52   0.007357   2.41 312.70 278.77  88181.20
  4.0  1383.0 289.38   0.007605   2.38 307.55 286.15  88143.04
  4.0  1414.0 289.33   0.007912   2.03 328.52 289.63  87952.50
  4.0  1444.0 288.93   0.008414   1.83 326.34 296.50  87990.77
  5.0  1475.0 288.43   0.010034   1.85 253.14 324.86  87825.76
  5.0  1506.0 289.56   0.010746   1.66 212.57 337.69  87868.77
  5.0  1534.0 289.77   0.010304   1.46 277.23 318.93  87974.69
  5.0  1565.0 288.89   0.010176   1.71 240.24 323.78  88083.77
  5.0  1595.0 287.27   0.008759   2.07 221.54 309.24  88385.92
  5.0  1626.0 285.58   0.007610   1.93 229.39 286.37  88486.58
  5.0  1656.0 286.00   0.007303   2.06 236.81 283.66  88508.13
  5.0  1687.0 286.97   0.006948   2.25 277.31 274.26  88421.46
  5.0  1718.0 289.11   0.007264   2.42 309.44 279.82  88297.23
  5.0  1748.0 291.04   0.007666   2.53 333.68 285.81  88165.77
  5.0  1779.0 290.18   0.009153   2.09 312.81 306.57  87971.45
  5.0  1809.0 289.85   0.009207   1.78 333.66 304.84  87844.59
  6.0  1840.0 289.19   0.010398   1.60 314.41 315.57  88017.68
  6.0  1871.0 289.03   0.010278   1.62 300.32 318.63  88083.16
  6.0  1899.0 290.17   0.010804   1.71 296.08 322.64  88219.79
  6.0  1930.0 289.34   0.010309   1.87 267.81 320.27  88243.40
  6.0  1960.0 288.05   0.009090   1.98 230.83 308.97  88416.49
  6.0  1991.0 285.71   0.006940   1.97 258.13 268.55  88560.50
  6.0  2021.0 285.54   0.006089   2.06 261.93 264.40  88425.34
  6.0  2052.0 287.06   0.006368   2.17 294.86 265.61  88376.91
  6.0  2083.0 289.03   0.006992   2.35 303.28 281.39  88243.84
  6.0  2113.0 290.84   0.006755   2.11 339.64 278.81  88082.94
  6.0  2144.0 289.02   0.009205   1.92 281.44 313.27  87923.02
  6.0  2174.0 288.62   0.010094   1.83 307.11 310.80  87869.59
  7.0  2205.0 289.65   0.010292   1.60 302.77 315.17  87849.32
  7.0  2236.0 289.81   0.010041   1.52 311.28 309.76  87968.77
  7.0  2264.0 289.63   0.010737   1.50 287.27 321.73  88031.00
  7.0  2295.0 288.49   0.009506   1.88 247.27 317.71  88190.72
  7.0  2325.0 286.47   0.007547   1.74 262.43 282.10  88341.80
  7.0  2356.0 284.24   0.006317   1.73 255.22 263.78  88464.55
  7.0  2386.0 285.36   0.006694   1.98 235.91 280.29  88366.04
  7.0  2417.0 285.95   0.006233   2.30 277.50 267.75  88386.37
  7.0  2448.0 288.37   0.006585   2.35 313.15 272.21  88271.34
  7.0  2478.0 289.79   0.007843   2.29 323.00 288.95  88157.77
  7.0  2509.0 290.77   0.008537   2.19 331.96 297.52  88073.78
  7.0  2539.0 289.46   0.008192   1.88 331.62 293.63  88098.19
  8.0  2570.0 288.58   0.009220   1.83 313.01 305.27  88031.84
  8.0  2601.0 289.40   0.010644   1.71 275.65 326.07  87911.33
  8.0  2629.0 290.13   0.009983   1.40 311.81 310.46  88074.27
  8.0  2660.0 289.08   0.009863   1.87 254.39 317.44  88218.20
  8.0  2690.0 286.42   0.008378   1.86 229.38 301.85  88462.34
  8.0  2721.0 285.02   0.007541   1.86 209.83 292.76  88523.53
  8.0  2751.0 285.65   0.007054   1.93 247.46 278.44  88443.59
  8.0  2782.0 286.23   0.006365   2.26 280.62 269.31  88405.42
  8.0  2813.0 289.45   0.007282   2.40 318.74 276.23  88265.04
  8.0  2843.0 290.46   0.007873   2.22 320.70 290.76  88110.95
  8.0  2874.0 290.11   0.008579   1.81 310.36 304.26  87956.75
  8.0  2904.0 288.66   0.009727   1.64 303.28 309.85  87938.05
  9.0  2935.0 289.05   0.010555   1.48 260.60 324.84  87933.69
  9.0  2966.0 289.59   0.011050   1.45 241.75 333.49  87992.64
  9.0  2994.0 290.10   0.010385   1.31 270.16 321.82  87971.86
  9.0  3025.0 289.10   0.009885   1.86 256.34 318.66  88196.38
  9.0  3055.0 287.60   0.008958   1.95 223.16 310.38  88372.03
  9.0  3086.0 285.66   0.007672   1.89 222.46 288.91  88511.54
  9.0  3116.0 285.09   0.006902   2.18 225.95 282.84  88579.77
  9.0  3147.0 287.33   0.006789   2.11 283.39 272.19  88314.62
  9.0  3178.0 289.30   0.007004   2.09 317.88 275.65  88112.62
  9.0  3208.0 290.59   0.007301   2.49 339.24 278.99  88103.36
  9.0  3239.0 291.28   0.008072   2.25 336.50 291.59  88096.73
  9.0  3269.0 287.96   0.009937   1.66 259.57 319.45  87947.48
 10.0  3300.0 288.96   0.010448   1.71 230.25 329.09  87816.16
 10.0  3331.0 289.22   0.010642   1.50 230.15 331.47  87826.97
 10.0  3359.0 289.92   0.010974   1.22 276.04 323.38  87887.20
 10.0  3390.0 289.03   0.009852   1.89 248.90 320.16  88236.57
 10.0  3420.0 287.02   0.008908   1.85 233.87 305.51  88322.59
 10.0  3451.0 284.70   0.007255   1.86 224.67 285.35  88466.45
 10.0  3481.0 285.08   0.006855   1.86 254.83 268.95  88349.76
 10.0  3512.0 286.00   0.006463   2.25 265.72 273.54  88393.56
 10.0  3543.0 289.15   0.007381   2.22 315.65 277.83  88171.43
 10.0  3573.0 289.93   0.007370   2.31 322.44 284.53  88222.77
 10.0  3604.0 290.38   0.008747   1.93 326.47 300.51  87984.35
 10.0  3634.0 288.21   0.009391   1.68 295.66 310.68  87885.39
 11.0  3665.0 288.61   0.009240   1.55 304.52 307.73  87822.35
 11.0  3696.0 289.28   0.010137   1.30 268.07 323.50  87776.82
 11.0  3724.0 289.87   0.011230   1.21 239.32 332.91  87912.54
 11.0  3755.0 288.79   0.010165   1.63 253.43 318.94  88200.82
 11.0  3785.0 286.48   0.008285   1.97 217.06 303.40  88400.19
 11.0  3816.0 285.10   0.007301   1.79 231.80 281.64  88443.00
 11.0  3846.0 284.10   0.006288   2.01 237.54 272.87  88578.54
 11.0  3877.0 286.72   0.006233   2.11 293.01 261.82  88325.11
 11.0  3908.0 288.61   0.006878   2.26 303.40 276.92  88141.09
 11.0  3938.0 290.67   0.007512   2.50 327.67 285.14  88175.62
 11.0  3969.0 290.67   0.008215   1.98 326.08 293.89  87972.18
 11.0  3999.0 288.69   0.009483   1.80 317.75 305.84  87825.95
 12.0  4030.0 288.76   0.010381   1.70 257.22 325.72  87836.80
 12.0  4061.0 290.01   0.009952   1.27 303.60 313.19  87933.79
 12.0  4089.0 290.50   0.010592   1.45 308.00 318.77  87947.78
 12.0  4120.0 289.19   0.010213   1.71 258.74 322.75  88166.02
 12.0  4150.0 287.46   0.008982   2.01 213.52 312.97  88410.16
 12.0  4181.0 284.10   0.006637   1.97 232.17 275.76  88679.53
 12.0  4211.0 285.62   0.006512   1.96 260.97 264.95  88417.88
 12.0  4242.0 286.75   0.006388   2.30 293.95 263.36  88345.41
 12.0  4273.0 289.96   0.007534   2.20 302.75 287.30  88095.36
 12.0  4303.0 291.48   0.007611   2.33 322.34 292.99  88131.56
 12.0  4334.0 289.73   0.008916   1.93 317.90 305.05  88153.40
 12.0  4364.0 289.25   0.008510   1.97 338.28 295.98  88095.48
 13.0  4395.0 288.65   0.009916   1.67 306.04 310.87  87997.23
 13.0  4426.0 289.17   0.010003   1.31 306.08 314.54  87907.76
 13.0  4454.0 289.17   0.010499   1.34 272.68 324.04  88116.30
 13.0  4485.0 289.05   0.010375   1.86 237.43 329.63  88297.05
 13.0  4515.0 287.25   0.008815   1.93 228.45 305.82  88396.81
 13.0  4546.0 285.24   0.007063   1.85 245.86 273.77  88558.82
 13.0  4576.0 285.28   0.006353   1.89 260.13 264.11  88444.18
 13.0  4607.0 286.12   0.005923   2.18 289.78 262.41  88357.28
 13.0  4638.0 288.19   0.006838   2.41 298.92 276.94  88232.79
 13.0  4668.0 288.59   0.007731   1.93 289.23 297.78  88085.73
 13.0  4699.0 289.41   0.008074   1.56 308.00 302.08  87956.59
 13.0  4729.0 288.15   0.009671   1.50 318.33 305.71  87925.07
 14.0  4760.0 288.63   0.010072   1.40 280.14 318.78  87912.15
 14.0  4791.0 290.23   0.010022   1.21 289.34 318.81  87842.31
 14.0  4819.0 289.54   0.010025   1.20 258.73 321.17  87989.45
 14.0  4850.0 288.87   0.010026   1.59 261.19 317.33  88136.56
 14.0  4880.0 286.74   0.008333   2.01 227.49 301.61  88342.67
 14.0  4911.0 284.38   0.006390   1.94 248.18 267.99  88586.27
 14.0  4941.0 283.82   0.006057   2.06 248.50 262.62  88557.09
 14.0  4972.0 285.28   0.006185   2.27 268.78 268.23  88452.80
 14.0  5003.0 288.86   0.007113   2.46 312.78 277.27  88204.57
 14.0  5033.0 290.47   0.007932   2.27 315.11 293.22  88072.60
 14.0  5064.0 291.17   0.008216   1.98 324.45 298.74  87999.78
 14.0  5094.0 288.20   0.010118   1.74 288.52 316.48  87890.65
 15.0  5125.0 289.68   0.009665   1.70 305.34 310.19  87775.23
 15.0  5156.0 289.82   0.010462   1.40 272.14 324.46  87892.40
 15.0  5184.0 289.49   0.010330   1.45 290.89 316.22  87895.77
 15.0  5215.0 288.49   0.009132   1.77 279.23 305.07  88190.16
 15.0  5245.0 286.58   0.008506   1.99 219.53 306.15  88352.12
 15.0  5276.0 284.85   0.006971   1.78 242.66 272.65  88387.72
 15.0  5306.0 285.20   0.006551   2.07 253.44 268.90  88472.57
 15.0  5337.0 286.56   0.006680   2.33 275.15 273.67  88432.20
 15.0  5368.0 288.02   0.007499   2.23 290.25 285.56  88238.95
 15.0  5398.0 290.45   0.007276   2.36 328.16 282.46  88089.38
 15.0  5429.0 290.64   0.008500   2.28 333.15 293.53  88060.07
 15.0  5459.0 289.98   0.008851   1.89 330.12 299.34  87931.99
 16.0  5490.0 288.82   0.010018   1.58 265.09 321.51  87785.91
 16.0  5521.0 290.04   0.010264   1.45 283.92 320.56  87948.30
 16.0  5549.0 290.19   0.011245   1.17 255.07 331.80  87920.89
 16.0  5580.0 288.20   0.008582   1.86 278.87 299.07  88264.29
 16.0  5610.0 286.88   0.008304   1.89 240.77 296.50  88316.78
 16.0  5641.0 285.87   0.007525   1.80 243.87 278.45  88363.39
 16.0  5671.0 284.57   0.006088   1.97 244.01 267.91  88471.57
 16.0  5702.0 286.57   0.006431   2.22 282.20 268.59  88255.98
 16.0  5733.0 289.44   0.007148   2.24 307.81 280.86  88052.70
 16.0  5763.0 290.79   0.007579   2.23 333.70 285.57  88014.02
 16.0  5794.0 290.46   0.008503   2.19 319.11 300.04  88059.15
 16.0  5824.0 288.59   0.009896   1.80 310.09 310.63  87951.62
 17.0  5855.0 288.04   0.009752   1.74 276.20 315.27  87962.33
 17.0  5886.0 289.84   0.010522   1.43 271.13 324.56  87870.34
 17.0  5914.0 290.31   0.010835   1.25 280.59 324.46  87925.90
 17.0  5945.0 288.81   0.009497   1.90 257.08 314.21  88141.54
 17.0  5975.0 286.82   0.008618   2.03 205.75 312.75  88366.42
 17.0  6006.0 284.73   0.007061   1.88 239.02 276.07  88431.63
 17.0  6036.0 284.21   0.006240   2.06 232.38 276.78  88537.32
 17.0  6067.0 286.60   0.006414   2.17 289.91 263.67  88352.10
 17.0  6098.0 288.50   0.006777   2.38 324.94 267.85  88300.73
 17.0  6128.0 290.62   0.007628   2.53 334.43 283.13  88101.97
 17.0  6159.0 290.07   0.008721   1.80 314.42 304.47  87991.41
 17.0  6189.0 288.76   0.008585   1.76 322.85 297.88  87907.32
 18.0  6220.0 289.29   0.008884   1.25 288.17 311.90  87848.37
 18.0  6251.0 289.55   0.010004   1.36 264.11 324.18  87958.94
 18.0  6279.0 289.76   0.010261   1.57 284.66 319.71  88045.68
 18.0  6310.0 288.65   0.010013   1.75 241.43 324.01  88222.32
 18.0  6340.0 286.99   0.008503   1.74 245.20 296.25  88422.14
 18.0  6371.0 285.46   0.007301   1.82 248.55 273.08  88475.41
 18.0  6401.0 286.40   0.007171   2.02 249.43 278.76  88438.26
 18.0  6432.0 287.63   0.007108   2.29 268.02 280.09  88361.03
 18.0  6463.0 289.90   0.007252   2.33 314.15 278.37  88204.86
 18.0  6493.0 291.45   0.007579   2.11 329.45 291.27  88088.62
 18.0  6524.0 290.50   0.008759   2.07 311.60 304.39  88152.51
 18.0  6554.0 288.79   0.010327   1.82 294.88 317.81  87994.06
 19.0  6585.0 289.78   0.010379   1.59 276.22 324.08  87936.91
 19.0  6616.0 290.30   0.010453   1.49 304.56 318.45  88042.66
 19.0  6644.0 290.56   0.011405   1.16 255.42 334.16  87927.08
 19.0  6675.0 289.58   0.010297   1.57 266.81 316.99  88136.62
 19.0  6705.0 287.34   0.009037   1.95 210.19 314.80  88384.97
 19.0  6736.0 285.00   0.007352   1.92 220.13 288.20  88499.34
 19.0  6766.0 284.28   0.006489   1.94 231.24 276.97  88537.80
 19.0  6797.0 286.56   0.006560   2.19 270.10 274.79  88397.34
 19.0  6828.0 289.15   0.007363   2.34 306.51 282.11  88296.85
 19.0  6858.0 290.06   0.007681   2.39 329.34 285.46  88146.08
 19.0  6889.0 291.07   0.007768   2.33 341.10 288.11  88134.70
 19.0  6919.0 288.62   0.009229   1.73 319.45 303.14  88028.84
 20.0  6950.0 288.10   0.010077   1.78 263.74 322.56  87914.51
 20.0  6981.0 290.09   0.010675   1.27 267.53 328.12  87829.11
 20.0  7009.0 289.83   0.011426   1.13 229.96 337.73  87987.12
 20.0  7040.0 288.90   0.010262   1.86 226.06 328.63  88174.45
 20.0  7070.0 287.46   0.008533   1.87 243.11 299.52  88426.04
 20.0  7101.0 285.24   0.007155   1.85 240.69 276.97  88425.63
 20.0  7131.0 284.79   0.006573   1.98 232.88 276.21  88528.94
 20.0  7162.0 286.04   0.006160   2.01 272.50 268.73  88340.76
 20.0  7193.0 287.83   0.006974   2.39 296.70 278.77  88306.59
 20.0  7223.0 290.66   0.007649   2.31 334.05 286.47  88052.12
 20.0  7254.0 288.77   0.008958   1.58 286.03 309.83  87957.62
 20.0  7284.0 287.99   0.010017   1.70 289.05 314.08  87874.48
 21.0  7315.0 289.63   0.010636   1.40 268.89 323.90  87810.07
 21.0  7346.0 289.51   0.010113   1.31 280.53 318.07  87914.18
 21.0  7374.0 289.71   0.010678   1.55 283.50 325.14  88050.30
 21.0  7405.0 288.45   0.009167   1.82 265.10 307.92  88336.11
 21.0  7435.0 286.65   0.008393   1.91 230.33 300.57  88502.88
 21.0  7466.0 284.74   0.006900   1.89 233.81 278.13  88550.70
 21.0  7496.0 285.25   0.006690   2.14 239.83 276.85  88501.98
 21.0  7527.0 286.45   0.006098   2.08 285.29 265.09  88359.52
 21.0  7558.0 288.99   0.007191   2.12 290.31 284.57  88199.33
 21.0  7588.0 290.69   0.007153   2.26 336.66 279.32  88170.81
 21.0  7619.0 291.20   0.008308   2.30 333.33 294.00  88142.20
 21.0  7649.0 289.94   0.009509   1.77 278.95 314.61  88107.57
 22.0  7680.0 290.15   0.009962   1.53 315.30 312.35  87941.81
 22.0  7711.0 290.38   0.010362   1.35 265.79 326.32  87861.27
 22.0  7739.0 289.99   0.010866   1.42 267.48 325.87  88049.84
 22.0  7770.0 288.96   0.009985   1.64 255.50 318.38  88199.69
 22.0  7800.0 286.03   0.008310   2.00 205.31 308.45  88488.04
 22.0  7831.0 283.76   0.006823   1.83 213.62 283.41  88588.27
 22.0  7861.0 283.58   0.006122   1.70 261.54 257.50  88598.31
 22.0  7892.0 286.53   0.006933   2.25 274.63 275.20  88292.03
 22.0  7923.0 288.95   0.006991   2.20 309.66 277.65  88261.31
 22.0  7953.0 290.51   0.007934   2.07 329.63 291.61  88111.27
 22.0  7984.0 289.74   0.008502   2.02 326.33 294.87  87941.02
 22.0  8014.0 288.20   0.009789   1.78 315.40 306.02  87892.33
 23.0  8045.0 288.90   0.009759   1.60 295.97 314.22  87809.16
 23.0  8076.0 289.36   0.010335   1.29 277.11 321.00  87918.80
 23.0  8104.0 290.17   0.010920   1.32 277.77 325.61  87948.22
 23.0  8135.0 288.76   0.009848   1.67 231.54 322.45  88145.46
 23.0  8165.0 286.62   0.008721   1.75 217.54 309.32  88391.35
 23.0  8196.0 283.84   0.006417   1.87 249.47 264.83  88517.78
 23.0  8226.0 285.62   0.006343   1.62 269.07 259.36  88252.72
 23.0  8257.0 288.18   0.007414   2.15 272.13 285.45  88275.05
 23.0  8288.0 288.62   0.006783   2.35 306.57 277.04  88311.09
 23.0  8318.0 290.97   0.007812   2.38 341.17 285.41  88133.05
 23.0  8349.0 289.33   0.009484   1.94 305.63 308.75  88059.59
 23.0  8379.0 288.67   0.009352   1.78 310.64 307.99  87948.63
 24.0  8410.0 288.80   0.009760   1.75 317.75 308.65  87941.15
 24.0  8441.0 289.89   0.009614   1.45 319.26 310.56  87926.56
 24.0  8469.0 289.76   0.011007   1.34 226.19 334.72  87984.87
 24.0  8500.0 289.09   0.009828   1.61 260.88 314.19  88212.73
 24.0  8530.0 287.32   0.008358   1.82 241.42 297.50  88386.45
 24.0  8561.0 285.78   0.007187   1.72 241.42 279.38  88409.66
 24.0  8591.0 284.73   0.005960   2.09 254.12 263.88  88526.86
 24.0  8622.0 287.79   0.006859   2.32 284.77 273.02  88260.16
 24.0  8653.0 289.13   0.007261   2.34 307.98 280.03  88257.02
 24.0  8683.0 290.89   0.007684   2.46 325.92 288.99  88198.77
 24.0  8714.0 290.45   0.008451   1.90 299.24 306.01  88125.57
 24.0  8744.0 288.43   0.009707   1.65 317.77 307.66  87979.12
 25.0  8775.0 288.78   0.010391   1.70 232.70 328.20  87884.71
 25.0  8806.0 290.15   0.010477   1.43 280.50 322.90  87789.22
 25.0  8834.0 289.78   0.010231   1.34 305.19 310.47  87964.72
 25.0  8865.0 288.77   0.009622   1.75 259.55 314.59  88264.16
 25.0  8895.0 287.09   0.008735   2.10 214.83 312.30  88430.83
 25.0  8926.0 285.11   0.007638   1.86 210.09 293.25  88572.84
 25.0  8956.0 284.69   0.006653   2.02 243.07 273.49  88538.23
 25.0  8987.0 286.14   0.006285   2.18 284.68 265.88  88464.02
 25.0  9018.0 288.76   0.006926   2.34 320.36 272.32  88253.95
 25.0  9048.0 291.00   0.007849   1.85 312.59 297.88  88104.04
 25.0  9079.0 290.23   0.008825   2.14 321.39 302.47  88153.16
 25.0  9109.0 288.57   0.009907   1.49 312.68 310.71  88029.89
 26.0  9140.0 289.33   0.009681   1.51 316.75 311.13  87983.29
 26.0  9171.0 290.08   0.010273   1.53 318.00 313.21  87915.42
 26.0  9199.0 290.05   0.010659   1.49 275.56 327.62  88048.70
 26.0  9230.0 288.75   0.009689   1.84 247.28 320.17  88296.95
 26.0  9260.0 287.26   0.008462   1.74 240.32 298.04  88364.41
 26.0  9291.0 284.77   0.006898   1.94 221.55 281.07  88600.89
 26.0  9321.0 285.42   0.006030   1.93 271.18 258.22  88392.98
 26.0  9352.0 287.71   0.006464   2.05 295.44 266.48  88256.59
 26.0  9383.0 289.50   0.007603   2.47 305.64 284.75  88259.26
 26.0  9413.0 290.44   0.007720   2.67 332.48 284.91  88216.36
 26.0  9444.0 290.54   0.007717   2.39 333.51 286.14  88133.06
 26.0  9474.0 289.70   0.009002   1.72 321.41 303.46  87933.62
 27.0  9505.0 288.63   0.009426   1.59 307.52 308.75  87953.41
 27.0  9536.0 289.62   0.010061   1.35 292.87 322.24  87909.45
 27.0  9564.0 289.40   0.010699   1.35 271.24 325.45  88078.09
 27.0  9595.0 288.89   0.009192   1.97 264.41 308.65  88328.69
 27.0  9625.0 287.90   0.008877   1.93 239.58 303.67  88291.72
 27.0  9656.0 285.26   0.006600   1.79 248.00 267.82  88421.95
 27.0  9686.0 285.55   0.006288   2.17 262.27 263.95  88368.56
 27.0  9717.0 286.20   0.005754   2.09 297.66 256.30  88424.34
 27.0  9748.0 289.22   0.006883   2.35 325.07 271.46  88174.66
 27.0  9778.0 289.16   0.008132   2.15 309.32 296.94  88141.72
 27.0  9809.0 289.70   0.008045   1.94 324.95 297.00  87993.03
 27.0  9839.0 289.16   0.008785   1.67 275.53 314.12  88002.61
 28.0  9870.0 288.78   0.009960   1.59 285.23 317.83  87978.49
 28.0  9901.0 288.99   0.010293   1.58 243.33 326.11  87918.84
 28.0  9929.0 289.73   0.010656   1.42 286.66 320.97  88023.74
 28.0  9960.0 288.66   0.009580   1.89 232.81 320.42  88207.45
 28.0  9990.0 286.83   0.008671   1.76 240.26 301.36  88391.25
 28.0 10021.0 285.44   0.007705   1.89 227.12 287.38  88472.81
 28.0 10051.0 285.69   0.005842   1.84 256.78 263.32  88389.95
 28.0 10082.0 287.57   0.006622   2.09 278.19 273.49  88234.54
 28.0 10113.0 289.83   0.007352   2.24 313.22 282.74  88147.16
 28.0 10143.0 290.30   0.007888   2.26 330.63 287.04  88133.54
 28.0 10174.0 290.52   0.007869   2.09 345.03 288.41  88179.44
 28.0 10204.0 289.66   0.009072   1.69 269.79 316.02  87877.23
 29.0 10235.0 289.53   0.009463   1.71 288.08 316.40  87799.91
 29.0 10266.0 289.73   0.009777   1.32 260.63 323.15  87761.44
 29.0 10294.0 289.74   0.010567   1.49 278.18 322.19  87945.17
 29.0 10325.0 288.41   0.009246   1.83 255.50 312.29  88265.76
 29.0 10355.0 286.95   0.008618   1.95 218.57 307.41  88375.22
 29.0 10386.0 285.09   0.007103   1.78 231.66 278.19  88430.38
 29.0 10416.0 284.46   0.005733   1.96 263.61 256.46  88433.50
 29.0 10447.0 286.71   0.006328   2.19 293.41 263.19  88289.12
 29.0 10478.0 290.08   0.007152   2.32 317.04 279.28  88117.02
 29.0 10508.0 289.49   0.008123   2.10 306.80 296.41  88088.02
 29.0 10539.0 289.35   0.008089   1.90 328.22 294.03  87988.91
 29.0 10569.0 288.45   0.009945   1.56 302.72 311.69  87845.69
 30.0 10600.0 288.42   0.009561   1.37 307.36 306.99  87898.11
 30.0 10631.0 289.97   0.009491   1.39 319.60 308.30  87881.52
 30.0 10659.0 289.45   0.010232   1.09 259.58 319.10  87961.97
 30.0 10690.0 289.10   0.009783   1.75 240.56 319.62  88186.51
 30.0 10720.0 286.25   0.007749   2.01 237.00 292.56  88481.33
 30.0 10751.0 284.81   0.006842   1.89 236.56 277.17  88561.70
 30.0 10781.0 285.54   0.006895   2.02 237.50 278.28  88432.64
 30.0 10812.0 287.19   0.006611   2.17 274.11 274.15  88275.27
 30.0 10843.0 288.67   0.006822   2.22 288.99 282.28  88221.49
 30.0 10873.0 291.28   0.007144   2.46 340.18 281.30  88154.47
 30.0 10904.0 290.93   0.008170   2.05 322.38 300.53  88102.79
 30.0 10934.0 288.52   0.009389   1.77 303.86 310.38  87958.20
 31.0 10965.0 288.55   0.009948   1.38 287.72 315.92  87844.53
 31.0 10996.0 289.44   0.009830   1.33 280.26 316.64  87880.22
 31.0 11024.0 290.39   0.010292   1.12 285.31 319.56  87947.73
 31.0 11055.0 288.35   0.009335   1.98 242.81 315.34  88360.45
 31.0 11085.0 286.24   0.007200   1.75 255.55 281.96  88455.64
 31.0 11116.0 284.50   0.006401   1.83 259.52 262.04  88543.72
 31.0 11146.0 285.85   0.006911   2.34 238.57 279.95  88527.86
 31.0 11177.0 287.05   0.006556   2.28 288.23 268.02  88322.84
 31.0 11208.0 289.21   0.006802   2.41 321.91 271.48  88278.43
 31.0 11238.0 290.65   0.007473   2.53 342.62 280.58  88152.90
 31.0 11269.0 290.67   0.008574   1.91 326.59 300.49  87928.17
 31.0 11299.0 288.78   0.009164   1.77 272.59 314.96  87869.48
 32.0 11330.0 288.57   0.009224   1.56 300.01 309.54  87865.83
 32.0 11361.0 288.79   0.009458   1.63 281.95 313.75  87956.80
 32.0 11389.0 289.12   0.010115   1.28 275.06 318.50  87984.05
 32.0 11420.0 288.51   0.009592   1.82 243.38 319.57  88179.07
 32.0 11450.0 287.01   0.008574   1.81 234.33 301.38  88405.38
 32.0 11481.0 284.76   0.007570   1.87 204.84 294.20  88476.58
 32.0 11511.0 284.96   0.006909   2.03 235.55 278.60  88440.59
 32.0 11542.0 286.91   0.006217   2.26 297.33 261.11  88350.47
 32.0 11573.0 288.92   0.007069   2.32 305.03 278.40  88249.45
 32.0 11603.0 287.98   0.006951   1.82 301.91 289.98  88157.36
 32.0 11634.0 290.57   0.007660   2.17 340.99 289.11  88024.96
 32.0 11664.0 289.55   0.009218   1.86 300.50 311.05  87879.67
 33.0 11695.0 288.33   0.010016   1.62 241.71 323.52  87878.95
 33.0 11726.0 290.24   0.009764   1.50 324.52 307.84  87955.37
 33.0 11754.0 290.06   0.011048   1.18 288.52 323.79  87975.51
 33.0 11785.0 289.04   0.010363   1.63 236.83 327.46  88132.97
 33.0 11815.0 286.88   0.008812   2.04 204.62 313.11  88379.72
 33.0 11846.0 284.54   0.007546   1.94 204.91 296.45  88565.54
 33.0 11876.0 284.04   0.006590   1.94 247.93 269.63  88573.79
 33.0 11907.0 285.64   0.006838   2.18 268.66 275.93  88430.44
 33.0 11938.0 289.02   0.006980   2.27 310.22 277.68  88217.66
 33.0 11968.0 291.16   0.007170   2.43 335.51 282.06  88122.38
 33.0 11999.0 289.95   0.009052   2.02 274.56 316.99  88058.91
 33.0 12029.0 289.07   0.009957   1.51 245.53 325.57  87979.34
 34.0 12060.0 290.30   0.009139   1.44 331.90 304.21  87932.92
 34.0 12091.0 289.70   0.010110   1.37 314.88 312.74  87927.09
 34.0 12119.0 289.92   0.010128   1.23 287.87 317.88  87982.85
 34.0 12150.0 288.70   0.009566   1.78 260.02 313.98  88167.55
 34.0 12180.0 286.05   0.008668   1.98 198.78 313.48  88444.52
 34.0 12211.0 285.92   0.007698   1.76 246.12 280.73  88426.70
 34.0 12241.0 284.82   0.006407   1.99 261.03 262.40  88481.64
 34.0 12272.0 286.41   0.006332   2.27 293.66 262.56  88434.23
 34.0 12303.0 288.66   0.007075   2.41 316.79 274.72  88223.54
 34.0 12333.0 288.60   0.007094   2.15 309.04 285.99  88157.07
 34.0 12364.0 289.15   0.008315   1.74 310.79 301.10  88067.04
 34.0 12394.0 288.03   0.009581   1.70 298.94 309.17  87928.30
 35.0 12425.0 288.30   0.009857   1.99 217.51 328.15  87780.62
 35.0 12456.0 289.79   0.010975   1.35 256.01 328.19  87821.41
 35.0 12484.0 289.37   0.009557   1.50 306.87 306.65  88017.48
 35.0 12515.0 287.88   0.009275   1.61 280.26 304.31  88136.70
 35.0 12545.0 286.35   0.008044   1.98 239.17 295.83  88379.23
 35.0 12576.0 285.56   0.007397   1.83 235.10 282.14  88449.05
 35.0 12606.0 284.13   0.005641   2.05 264.05 254.35  88531.91
 35.0 12637.0 286.91   0.006133   2.12 294.11 262.47  88347.85
 35.0 12668.0 289.58   0.006592   2.20 318.14 273.49  88215.09
 35.0 12698.0 291.06   0.007601   2.28 313.33 293.81  88119.75
 35.0 12729.0 290.01   0.008778   1.98 328.99 298.01  88098.63
 35.0 12759.0 289.32   0.009172   1.72 312.22 309.05  88049.39
 36.0 12790.0 288.41   0.010041   1.60 270.63 318.95  87936.05
 36.0 12821.0 290.29   0.010523   1.51 284.98 323.13  87918.16
 36.0 12849.0 290.37   0.010919   1.51 288.25 324.87  88109.63
 36.0 12880.0 288.68   0.009731   1.87 247.05 318.42  88339.48
 36.0 12910.0 286.96   0.009222   2.00 193.55 323.16  88399.96
 36.0 12941.0 284.01   0.006728   1.88 227.00 277.41  88677.43
 36.0 12971.0 284.83   0.006554   1.85 260.34 264.31  88480.93
 36.0 13002.0 287.46   0.006747   2.09 282.99 273.30  88386.43
 36.0 13033.0 290.26   0.006924   2.25 327.16 273.61  88169.10
 36.0 13063.0 289.64   0.008483   2.13 273.24 307.99  88228.55
 36.0 13094.0 289.62   0.009001   2.02 310.50 306.31  88162.73
 36.0 13124.0 289.92   0.009236   1.81 336.84 303.60  88006.27
 37.0 13155.0 289.21   0.010432   1.63 304.70 317.10  87968.93
 37.0 13186.0 290.21   0.011065   1.51 303.71 323.78  87961.85
 37.0 13214.0 290.15   0.010726   1.67 283.24 325.43  88198.09
 37.0 13245.0 289.12   0.010118   1.75 264.44 318.77  88141.88
 37.0 13275.0 286.88   0.008090   1.94 245.95 294.73  88458.38
 37.0 13306.0 285.79   0.007237   1.87 248.22 277.32  88558.34
 37.0 13336.0 286.18   0.006260   1.86 259.19 267.38  88423.54
 37.0 13367.0 287.89   0.006106   1.99 297.03 264.63  88222.69
 37.0 13398.0 289.57   0.007047   2.31 309.38 280.21  88144.41
 37.0 13428.0 291.12   0.007983   2.35 326.71 292.18  88110.87
 37.0 13459.0 289.69   0.008559   1.55 288.95 311.66  87892.45
 37.0 13489.0 288.48   0.010050   1.69 284.34 314.73  87921.36
 38.0 13520.0 289.22   0.010158   1.55 270.95 321.65  87841.45
 38.0 13551.0 289.85   0.010678   1.39 269.44 325.16  87826.70
 38.0 13579.0 289.58   0.010197   1.54 292.15 317.44  88023.88
 38.0 13610.0 288.55   0.009212   1.79 255.77 312.24  88138.95
 38.0 13640.0 286.37   0.008342   1.86 228.01 300.85  88404.74
 38.0 13671.0 285.02   0.007266   1.80 233.90 280.78  88444.09
 38.0 13701.0 284.21   0.006287   2.07 236.63 272.73  88485.69
 38.0 13732.0 286.04   0.006431   2.36 270.67 272.52  88422.91
 38.0 13763.0 288.47   0.007023   2.37 309.81 276.67  88243.79
 38.0 13793.0 290.92   0.007320   1.99 333.68 287.15  88015.51
 38.0 13824.0 290.24   0.008393   1.86 326.70 297.84  88040.54
 38.0 13854.0 288.28   0.009312   1.71 288.93 310.59  87912.23
 39.0 13885.0 289.23   0.009148   1.46 301.76 310.98  87816.62
 39.0 13916.0 288.59   0.010077   1.52 237.33 322.86  87879.53
 39.0 13944.0 289.42   0.010173   1.44 284.40 318.35  88014.58
 39.0 13975.0 288.30   0.008963   1.94 268.52 304.01  88285.50
 39.0 14005.0 285.73   0.007542   2.02 223.48 294.66  88497.48
 39.0 14036.0 284.80   0.006695   1.85 232.00 277.26  88505.94
 39.0 14066.0 286.52   0.007030   2.17 250.83 277.23  88345.96
 39.0 14097.0 286.83   0.006315   2.32 282.20 266.92  88349.33
 39.0 14128.0 289.91   0.006701   2.21 307.74 278.02  88051.82
 39.0 14158.0 290.98   0.008096   2.28 315.09 295.91  88126.88
 39.0 14189.0 289.88   0.008271   1.83 316.67 303.10  88022.80
 39.0 14219.0 288.94   0.009001   1.73 332.71 300.94  88022.16
 40.0 14250.0 289.00   0.009220   1.71 297.24 307.65  87891.87
 40.0 14281.0 290.14   0.009834   1.17 303.18 317.80  87945.20
 40.0 14309.0 289.23   0.010301   1.44 298.75 316.81  88010.19
 40.0 14340.0 287.77   0.008559   1.89 267.44 300.21  88218.78
 40.0 14370.0 286.49   0.008314   1.94 221.10 305.26  88410.22
 40.0 14401.0 285.56   0.007200   1.75 225.54 286.64  88356.35
 40.0 14431.0 286.60   0.007026   2.23 257.86 273.69  88328.70
 40.0 14462.0 286.42   0.006244   2.34 286.34 264.86  88471.01
 40.0 14493.0 289.18   0.006645   2.34 322.83 269.91  88245.86
 40.0 14523.0 290.92   0.007122   2.31 336.36 281.55  88037.57
 40.0 14554.0 290.20   0.008324   1.76 319.03 300.87  87946.52
 40.0 14584.0 288.06   0.009581   1.88 301.36 308.84  87971.68
 41.0 14615.0 288.29   0.010005   1.50 287.38 312.94  87814.75
 41.0 14646.0 289.65   0.010771   1.38 236.52 331.99  87814.55
 41.0 14674.0 289.68   0.010862   1.06 236.35 330.12  87890.52
 41.0 14705.0 288.24   0.009704   1.88 216.68 325.16  88175.46
 41.0 14735.0 286.33   0.008145   1.93 214.70 302.09  88400.06
 41.0 14766.0 284.70   0.007115   1.71 226.83 281.17  88445.54
 41.0 14796.0 284.78   0.006700   1.80 242.12 273.81  88336.14
 41.0 14827.0 284.91   0.005916   2.13 261.89 266.89  88371.69
 41.0 14858.0 288.46   0.007156   2.40 313.99 274.42  88217.34
 41.0 14888.0 289.93   0.007583   2.24 326.44 285.01  88066.28
 41.0 14919.0 288.37   0.008422   1.99 311.42 297.58  88070.72
 41.0 14949.0 288.28   0.009097   1.54 322.31 301.35  87962.57
 42.0 14980.0 287.96   0.009174   1.41 283.05 311.80  87919.08
 42.0 15011.0 289.01   0.009744   1.21 308.13 310.11  87895.92
 42.0 15039.0 289.02   0.010268   1.78 253.18 329.97  88061.36
 42.0 15070.0 288.53   0.009922   1.80 238.11 323.31  88155.91
 42.0 15100.0 286.44   0.008685   2.04 197.29 319.19  88428.23
 42.0 15131.0 284.94   0.007534   1.84 226.17 285.29  88387.89
 42.0 15161.0 284.82   0.006659   1.78 253.82 268.72  88369.26
 42.0 15192.0 286.93   0.006764   2.25 277.33 271.27  88356.35
 42.0 15223.0 289.61   0.007046   2.36 309.88 279.49  88188.69
 42.0 15253.0 290.31   0.007473   2.12 324.93 287.94  88111.94
 42.0 15284.0 289.68   0.009585   1.58 263.41 319.59  87973.75
 42.0 15314.0 288.95   0.009993   1.63 259.21 320.26  87834.70
 43.0 15345.0 289.13   0.010168   1.50 251.91 322.59  87833.93
 43.0 15376.0 289.07   0.010190   1.46 272.61 318.71  87936.99
 43.0 15404.0 289.64   0.009904   1.41 293.74 312.04  88051.04
 43.0 15435.0 288.01   0.008940   1.84 261.03 307.99  88283.84
 43.0 15465.0 286.70   0.007958   1.89 255.01 287.59  88393.47
 43.0 15496.0 284.58   0.006640   1.99 239.07 271.97  88524.15
 43.0 15526.0 285.05   0.006429   2.13 254.09 267.69  88503.21
 43.0 15557.0 286.45   0.006252   2.12 282.48 267.73  88367.88
 43.0 15588.0 288.99   0.006528   2.37 317.54 270.39  88210.90
 43.0 15618.0 290.49   0.007508   2.36 329.39 284.42  88208.41
 43.0 15649.0 289.71   0.008580   1.73 296.16 306.74  88033.87
 43.0 15679.0 287.91   0.009875   1.93 292.06 313.88  87954.73
 44.0 15710.0 288.82   0.010521   1.71 221.78 332.85  87819.86
 44.0 15741.0 289.11   0.010496   1.57 250.84 325.10  87859.92
 44.0 15769.0 289.53   0.010077   1.53 297.29 315.80  88072.43
 44.0 15800.0 288.76   0.009745   1.82 246.44 320.65  88271.54
 44.0 15830.0 286.40   0.007613   1.90 257.03 283.91  88479.66
 44.0 15861.0 285.16   0.006987   1.95 242.92 276.57  88462.80
 44.0 15891.0 285.05   0.005806   1.83 268.39 257.07  88454.59
 44.0 15922.0 286.74   0.005841   2.25 296.71 257.89  88323.00
 44.0 15953.0 289.29   0.007350   2.50 309.28 279.64  88159.77
 44.0 15983.0 290.31   0.007893   2.04 299.53 297.69  88138.45
 44.0 16014.0 289.13   0.009469   1.79 275.28 319.28  88024.02
 44.0 16044.0 289.39   0.009831   1.60 308.54 313.33  87891.14
 45.0 16075.0 289.73   0.010286   1.59 299.00 316.79  87946.98
 45.0 16106.0 289.67   0.009966   1.50 300.89 313.44  88088.72
 45.0 16134.0 290.58   0.010878   1.28 294.71 320.92  87960.30
 45.0 16165.0 288.94   0.009272   2.05 253.94 313.32  88249.30
 45.0 16195.0 286.75   0.007975   1.87 246.64 290.55  88334.06
 45.0 16226.0 285.96   0.007284   1.89 239.41 280.93  88390.88
 45.0 16256.0 286.09   0.006444   2.02 265.45 266.24  88350.13
 45.0 16287.0 287.47   0.006476   2.11 286.99 269.70  88317.26
 45.0 16318.0 289.61   0.007290   2.33 314.47 279.49  88180.50
 45.0 16348.0 290.62   0.008707   2.17 317.49 300.31  87989.27
 45.0 16379.0 288.81   0.007769   2.11 316.30 294.91  88167.02
 45.0 16409.0 288.93   0.009548   1.78 304.33 308.95  87929.82
 46.0 16440.0 288.27   0.009893   1.51 321.22 307.47  87996.77
 46.0 16471.0 289.03   0.009893   1.65 276.21 317.29  87987.06
 46.0 16499.0 289.43   0.010865   1.46 244.59 330.69  87991.57
 46.0 16530.0 289.01   0.010196   2.00 232.28 330.21  88276.27
 46.0 16560.0 287.19   0.008573   1.92 233.91 302.26  88486.70
 46.0 16591.0 286.26   0.007690   1.82 239.41 284.04  88456.86
 46.0 16621.0 285.81   0.006821   1.95 249.40 273.92  88442.23
 46.0 16652.0 286.84   0.006786   2.07 265.48 277.15  88302.44
 46.0 16683.0 288.00   0.006815   2.16 291.83 279.80  88284.80
 46.0 16713.0 290.26   0.006799   2.20 339.23 276.80  88214.07
 46.0 16744.0 290.53   0.008260   1.90 317.15 300.21  88008.91
 46.0 16774.0 289.31   0.009453   1.65 309.88 310.62  87941.98
 47.0 16805.0 288.74   0.009325   1.63 281.88 315.02  87948.66
 47.0 16836.0 289.71   0.010052   1.56 272.42 326.33  88039.84
 47.0 16864.0 289.59   0.009998   1.72 301.61 316.36  88148.43
 47.0 16895.0 287.39   0.009409   1.86 248.85 316.95  88244.55
 47.0 16925.0 286.56   0.008806   1.62 233.10 301.63  88295.12
 47.0 16956.0 285.22   0.007313   1.83 242.14 279.32  88445.63
 47.0 16986.0 285.20   0.006287   1.98 263.76 263.21  88406.10
 47.0 17017.0 286.88   0.006778   2.26 271.78 275.15  88307.62
 47.0 17048.0 288.65   0.006725   2.36 316.67 273.31  88272.09
 47.0 17078.0 290.02   0.007523   2.22 337.64 281.54  88003.98
 47.0 17109.0 288.87   0.007516   2.09 322.24 287.27  88043.74
 47.0 17139.0 287.67   0.008959   1.86 330.46 294.22  87930.67
 48.0 17170.0 287.97   0.009591   1.63 311.19 307.31  87864.74
 48.0 17201.0 288.96   0.010269   1.33 289.29 317.28  87850.24
 48.0 17229.0 289.17   0.010176   1.61 281.67 317.71  88004.29
 48.0 17260.0 288.41   0.009122   1.86 256.01 312.09  88189.62
 48.0 17290.0 285.58   0.008326   1.77 206.92 307.02  88336.19
 48.0 17321.0 284.39   0.007206   1.89 213.61 288.16  88477.38
 48.0 17351.0 284.11   0.006204   1.78 259.66 259.93  88459.02
 48.0 17382.0 286.53   0.006519   2.35 286.76 267.85  88350.26
 48.0 17413.0 288.64   0.006612   2.33 307.71 272.88  88284.96
 48.0 17443.0 290.89   0.007300   2.37 326.49 286.73  88164.24
 48.0 17474.0 290.10   0.008461   2.09 315.23 300.77  88023.26
 48.0 17504.0 288.06   0.009493   1.76 304.62 307.62  88008.74
 49.0 17535.0 288.19   0.009134   1.56 312.31 304.83  87965.21
 49.0 17566.0 288.76   0.009959   1.47 281.65 316.12  87928.55
 49.0 17594.0 289.72   0.010577   1.45 278.76 324.04  88012.99
 49.0 17625.0 288.44   0.009576   1.81 247.94 318.23  88303.60
 49.0 17655.0 286.74   0.008527   1.87 235.97 299.85  88386.96
 49.0 17686.0 285.02   0.006977   1.83 242.54 274.02  88471.77
 49.0 17716.0 285.25   0.006207   1.97 263.37 261.49  88384.26
 49.0 17747.0 287.24   0.006307   2.22 287.45 267.31  88319.48
 49.0 17778.0 289.47   0.006989   2.29 315.84 277.50  88186.75
 49.0 17808.0 290.77   0.007670   2.35 329.99 287.04  88083.90
 49.0 17839.0 289.04   0.007551   1.97 313.90 293.04  88142.44
 49.0 17869.0 289.02   0.008858   1.58 324.94 301.39  87956.15
 50.0 17900.0 289.33   0.008909   1.28 298.89 310.55  87883.04
 50.0 17931.0 289.26   0.009329   1.29 290.40 312.74  87938.83
 50.0 17959.0 288.53   0.009366   1.34 302.66 306.40  88071.30
 50.0 17990.0 287.28   0.009561   1.92 236.04 321.60  88284.22
 50.0 18020.0 286.27   0.007988   1.88 250.42 288.41  88433.53
 50.0 18051.0 285.36   0.006722   1.93 245.38 273.02  88496.29
 50.0 18081.0 285.64   0.006250   1.94 248.61 271.02  88448.10
 50.0 18112.0 286.38   0.006371   2.40 270.26 273.20  88465.27
 50.0 18143.0 289.58   0.006956   2.30 312.06 277.46  88270.91
 50.0 18173.0 290.91   0.007368   2.19 329.99 287.11  88083.63
 50.0 18204.0 291.23   0.008161   2.37 330.61 294.86  88085.38
 50.0 18234.0 289.16   0.009218   1.92 309.81 305.46  87913.08
 51.0 18265.0 288.37   0.009776   1.60 316.06 308.23  87856.70
 51.0 18296.0 289.18   0.010346   1.41 298.70 315.57  87828.05
 51.0 18324.0 289.58   0.010056   1.43 277.76 317.37  87996.08
 51.0 18355.0 288.39   0.009469   2.04 229.92 322.24  88313.73
 51.0 18385.0 285.76   0.007122   1.70 256.74 278.79  88369.66
 51.0 18416.0 284.26   0.006239   1.86 243.00 267.45  88365.45
 51.0 18446.0 285.70   0.006435   2.03 262.81 265.85  88440.34
 51.0 18477.0 286.93   0.006242   2.22 295.87 261.59  88277.31
 51.0 18508.0 289.14   0.007223   2.40 318.13 274.14  88154.99
 51.0 18538.0 289.00   0.007201   2.06 301.34 289.84  88180.24
 51.0 18569.0 289.89   0.007828   1.90 334.15 293.14  87949.06
 51.0 18599.0 288.59   0.009669   1.82 300.59 312.15  87928.16
 52.0 18630.0 288.84   0.010111   1.74 286.86 318.56  87897.33
 52.0 18661.0 290.23   0.010104   1.49 306.87 317.74  88044.14
 52.0 18689.0 289.95   0.010778   1.38 272.74 324.77  88053.77
 52.0 18720.0 288.96   0.009807   1.69 254.39 318.32  88284.10
 52.0 18750.0 286.59   0.007817   1.87 254.81 286.44  88390.08
 52.0 18781.0 285.04   0.007094   1.88 233.01 279.73  88565.30
 52.0 18811.0 285.04   0.005840   1.85 260.73 258.65  88433.46
 52.0 18842.0 287.04   0.006736   2.36 276.86 275.54  88335.02
 52.0 18873.0 289.30   0.007445   2.44 296.00 285.89  88243.27
 52.0 18903.0 290.13   0.007821   2.14 314.61 291.44  88100.22
 52.0 18934.0 291.11   0.007890   2.45 342.44 286.70  88160.82
 52.0 18964.0 290.44   0.008706   1.84 335.31 297.42  87946.37
 53.0 18995.0 288.62   0.009760   1.70 314.68 308.95  87901.52
 53.0 19026.0 289.46   0.010951   1.39 243.02 334.80  87921.86
 53.0 19054.0 290.27   0.010551   1.36 294.65 317.88  87995.98
 53.0 19085.0 288.80   0.010071   1.77 237.45 326.32  88214.25
 53.0 19115.0 287.00   0.008256   1.99 248.85 294.36  88396.04
 53.0 19146.0 284.51   0.006633   1.73 260.56 261.19  88360.64
 53.0 19176.0 283.55   0.006113   2.18 225.81 274.40  88633.73
 53.0 19207.0 286.08   0.006636   2.38 259.96 279.50  88454.05
 53.0 19238.0 288.61   0.006851   2.27 315.03 274.22  88253.22
 53.0 19268.0 290.00   0.007598   2.43 334.88 283.50  88081.47
 53.0 19299.0 290.18   0.008384   2.04 279.53 307.51  87898.88
 53.0 19329.0 288.26   0.010017   1.94 251.46 320.58  87745.67
 54.0 19360.0 288.89   0.009664   1.55 289.40 311.33  87900.40
 54.0 19391.0 289.44   0.009982   1.32 282.71 316.38  87783.51
 54.0 19419.0 289.50   0.010087   1.37 307.45 308.32  87869.55
 54.0 19450.0 287.56   0.008996   1.85 263.25 304.54  88209.15
 54.0 19480.0 286.36   0.008324   2.11 218.85 304.53  88392.85
 54.0 19511.0 284.50   0.006870   1.85 243.67 271.90  88456.80
 54.0 19541.0 283.03   0.005881   2.17 231.95 271.18  88613.32
 54.0 19572.0 286.06   0.005949   2.13 289.69 261.39  88355.24
 54.0 19603.0 287.81   0.006732   2.36 304.69 274.25  88282.37
 54.0 19633.0 290.09   0.006984   2.30 330.12 281.66  88167.94
 54.0 19664.0 290.89   0.008148   2.17 324.23 297.76  87992.06
 54.0 19694.0 288.34   0.009779   1.61 295.45 312.04  87888.38
 55.0 19725.0 288.23   0.009725   1.61 233.43 321.80  87884.56
 55.0 19756.0 289.76   0.009710   1.35 321.92 307.95  87952.27
 55.0 19784.0 289.87   0.010319   1.35 271.89 323.74  88027.48
 55.0 19815.0 288.77   0.010008   1.61 252.18 322.51  88094.64
 55.0 19845.0 286.32   0.007788   1.88 249.24 285.21  88441.39
 55.0 19876.0 284.27   0.006475   1.70 256.72 261.43  88541.42
 55.0 19906.0 284.35   0.006256   1.88 260.59 260.19  88526.09
 55.0 19937.0 287.16   0.006323   2.12 294.90 262.13  88325.49
 55.0 19968.0 288.81   0.006911   2.45 323.77 270.95  88231.42
 55.0 19998.0 290.49   0.007608   2.00 319.65 292.34  88052.72
 55.0 20029.0 288.40   0.009483   1.68 294.74 313.34  88042.38
 55.0 20059.0 288.49   0.010147   1.51 286.46 315.42  87927.19
 56.0 20090.0 288.97   0.010194   1.50 243.72 324.81  87843.09
 56.0 20121.0 290.02   0.009120   1.42 314.92 307.41  87929.04
 56.0 20149.0 289.43   0.010584   1.35 282.47 322.62  88048.02
 56.0 20180.0 288.91   0.009889   1.81 240.95 321.83  88213.52
 56.0 20210.0 287.18   0.008971   1.82 217.49 310.15  88391.58
 56.0 20241.0 285.74   0.007623   1.79 234.10 284.50  88535.28
 56.0 20271.0 285.82   0.006967   1.98 259.08 269.84  88378.12
 56.0 20302.0 287.35   0.006581   2.06 284.27 271.35  88370.52
 56.0 20333.0 289.19   0.006924   2.25 313.57 277.39  88278.88
 56.0 20363.0 291.46   0.007507   2.38 328.57 289.78  88120.70
 56.0 20394.0 290.86   0.008174   2.19 340.12 292.94  88082.59
 56.0 20424.0 288.33   0.009937   1.61 284.33 316.00  87940.81
 57.0 20455.0 289.04   0.010300   1.89 299.60 316.43  87881.08
 57.0 20486.0 289.07   0.010412   1.52 280.80 318.19  88046.81
 57.0 20514.0 289.88   0.010896   1.42 272.35 326.20  87975.57
 57.0 20545.0 288.35   0.009320   1.89 255.07 312.23  88239.41
 57.0 20575.0 286.10   0.007492   1.81 250.81 286.57  88427.06
 57.0 20606.0 285.88   0.007434   1.77 247.13 277.37  88415.84
 57.0 20636.0 285.80   0.006356   2.04 267.14 263.24  88447.23
 57.0 20667.0 286.98   0.006423   2.15 279.09 271.85  88324.49
 57.0 20698.0 289.00   0.007305   2.29 306.71 282.02  88198.52
 57.0 20728.0 290.47   0.007257   2.55 342.94 277.12  88236.71
 57.0 20759.0 291.10   0.008480   2.11 330.79 296.56  88114.71
 57.0 20789.0 288.67   0.009554   1.87 297.67 311.09  87993.98
 58.0 20820.0 288.97   0.009857   1.66 311.17 311.95  87884.34
 58.0 20851.0 288.96   0.010054   1.33 295.03 315.18  87977.66
 58.0 20879.0 289.67   0.010988   1.32 269.88 327.03  88008.18
 58.0 20910.0 288.76   0.010015   1.84 233.79 327.86  88286.87
 58.0 20940.0 286.70   0.008867   1.95 215.31 311.88  88441.87
 58.0 20971.0 285.26   0.007689   1.81 217.75 291.75  88393.64
 58.0 21001.0 284.32   0.006673   1.97 228.62 278.02  88520.74
 58.0 21032.0 286.68   0.006544   2.28 285.12 269.19  88400.45
 58.0 21063.0 289.26   0.006865   2.26 310.28 277.23  88186.18
 58.0 21093.0 290.85   0.007434   2.21 341.84 282.02  88136.23
 58.0 21124.0 289.56   0.008238   1.97 318.91 295.88  88047.40
 58.0 21154.0 287.79   0.009521   1.73 253.82 316.79  87900.16
 59.0 21185.0 288.94   0.009720   1.64 293.83 311.92  87828.64
 59.0 21216.0 289.83   0.009565   1.41 308.69 311.05  87903.08
 59.0 21244.0 289.41   0.010800   1.16 246.49 327.59  87978.19
 59.0 21275.0 288.70   0.008909   1.66 289.24 299.01  88188.88
 59.0 21305.0 286.23   0.007833   2.08 223.37 298.69  88500.35
 59.0 21336.0 284.82   0.006471   1.78 255.01 263.43  88523.97
 59.0 21366.0 284.68   0.005931   2.08 262.44 259.53  88473.17
 59.0 21397.0 285.72   0.006216   2.37 259.54 274.56  88498.27
 59.0 21428.0 289.94   0.006845   2.20 304.48 278.06  88084.91
 59.0 21458.0 291.25   0.007517   2.35 329.51 287.34  88196.95
 59.0 21489.0 290.05   0.008738   2.13 309.99 302.54  88113.07
 59.0 21519.0 289.76   0.008723   1.75 330.68 302.42  87999.56
 60.0 21550.0 288.68   0.010187   1.59 311.60 312.76  87960.53
 60.0 21581.0 289.85   0.010449   1.68 316.76 315.32  88090.06
 60.0 21609.0 289.71   0.010367   1.51 297.82 316.19  88073.37
 60.0 21640.0 288.97   0.010094   2.05 224.23 329.27  88313.65
 60.0 21670.0 287.92   0.008623   1.77 269.42 289.62  88304.66
 60.0 21701.0 285.87   0.007682   2.01 221.71 292.14  88535.39
 60.0 21731.0 285.65   0.006838   2.19 239.71 278.72  88568.84
 60.0 21762.0 286.19   0.006200   2.23 283.19 265.79  88398.54
 60.0 21793.0 289.27   0.006928   2.32 312.53 277.74  88202.57
 60.0 21823.0 291.03   0.007578   2.24 335.18 286.05  88088.34
 60.0 21854.0 289.79   0.008184   1.94 281.16 307.61  87907.55
 60.0 21884.0 289.18   0.009300   1.61 316.90 305.52  87900.02
 61.0 21915.0 289.37   0.010285   1.57 293.81 318.81  87930.47
 61.0 21946.0 289.63   0.009885   1.58 313.76 310.42  87963.91
 61.0 21974.0 289.76   0.010172   1.48 276.30 321.55  87894.55
 61.0 22005.0 288.62   0.009686   1.66 265.79 311.18  88092.83
 61.0 22035.0 286.18   0.007640   2.10 233.24 290.21  88442.21
 61.0 22066.0 284.76   0.006773   1.87 240.23 275.73  88414.27
 61.0 22096.0 283.85   0.005961   2.04 234.41 271.55  88496.30
 61.0 22127.0 285.74   0.006422   2.31 264.88 273.75  88392.24
 61.0 22158.0 287.62   0.006279   2.30 312.83 268.16  88329.69
 61.0 22188.0 290.03   0.007763   2.52 335.34 283.15  88155.01
 61.0 22219.0 290.52   0.007772   1.92 325.15 293.14  88027.32
 61.0 22249.0 287.75   0.009254   1.61 300.38 306.51  87971.54
 62.0 22280.0 287.76   0.009816   1.61 261.73 316.54  87860.95
 62.0 22311.0 289.42   0.009784   1.63 275.71 318.91  87885.30
 62.0 22339.0 289.26   0.009989   1.51 280.72 318.48  88080.30
 62.0 22370.0 287.65   0.009003   1.71 255.94 307.79  88225.05
 62.0 22400.0 286.29   0.007619   1.84 268.45 279.00  88404.85
 62.0 22431.0 284.05   0.006009   1.69 261.70 255.08  88406.91
 62.0 22461.0 285.19   0.005664   1.84 262.30 258.27  88335.52
 62.0 22492.0 286.18   0.006435   2.33 273.19 271.07  88437.41
 62.0 22523.0 288.55   0.006842   2.27 311.92 275.77  88262.13
 62.0 22553.0 289.90   0.007910   2.14 293.72 299.39  88047.23
 62.0 22584.0 289.15   0.008500   1.78 311.32 300.84  88061.04
 62.0 22614.0 288.26   0.010390   1.75 236.90 327.90  87935.60
 63.0 22645.0 289.36   0.010365   1.57 255.08 325.58  87943.05
 63.0 22676.0 289.88   0.010027   1.44 305.92 312.30  87986.55
 63.0 22704.0 289.89   0.009841   1.60 302.69 310.53  87969.03
 63.0 22735.0 289.00   0.009721   1.84 254.52 317.82  88200.12
 63.0 22765.0 286.74   0.008085   1.87 248.56 290.76  88383.11
 63.0 22796.0 285.32   0.007433   1.92 221.09 286.94  88480.67
 63.0 22826.0 287.20   0.007475   2.07 248.20 280.43  88356.55
 63.0 22857.0 287.74   0.006972   2.21 280.20 274.98  88308.66
 63.0 22888.0 289.17   0.007330   2.27 293.64 284.84  88183.20
 63.0 22918.0 290.49   0.007531   2.38 330.74 287.51  88208.48
 63.0 22949.0 290.19   0.008176   2.20 322.83 297.58  88122.46
 63.0 22979.0 289.70   0.008469   1.97 313.80 300.46  87947.66
 64.0 23010.0 289.03   0.010310   1.76 296.77 317.95  87841.45
 64.0 23041.0 289.54   0.010089   1.49 306.96 318.27  87894.18
 64.0 23069.0 290.46   0.011124   1.27 259.30 329.90  87937.23
 64.0 23100.0 288.57   0.009719   2.06 224.47 326.43  88351.92
 64.0 23130.0 286.72   0.008396   1.93 242.12 296.43  88448.68
 64.0 23161.0 284.78   0.007240   1.90 216.20 286.70  88498.40
 64.0 23191.0 285.06   0.006883   1.98 254.80 268.28  88510.09
 64.0 23222.0 285.82   0.006326   2.41 263.60 273.59  88536.77
 64.0 23253.0 289.47   0.007043   2.13 296.00 282.59  88164.73
 64.0 23283.0 290.17   0.007524   2.26 330.26 284.81  88157.78
 64.0 23314.0 290.03   0.008706   1.78 317.20 303.06  88051.45
 64.0 23344.0 288.52   0.009434   1.64 282.24 313.73  87977.67
 65.0 23375.0 288.91   0.009500   1.63 294.11 310.52  87872.45
 65.0 23406.0 289.42   0.010466   1.34 259.88 323.58  87875.95
 65.0 23434.0 289.38   0.010544   1.54 259.46 328.53  88135.74
 65.0 23465.0 288.64   0.009639   1.71 259.97 313.58  88207.52
 65.0 23495.0 286.73   0.008070   1.84 238.55 294.27  88328.73
 65.0 23526.0 284.10   0.006138   1.75 252.93 261.19  88450.81
 65.0 23556.0 284.58   0.006124   1.91 248.88 266.32  88390.07
 65.0 23587.0 286.33   0.006378   2.25 285.15 265.66  88375.94
 65.0 23618.0 288.11   0.006999   2.20 281.15 286.08  88207.99
 65.0 23648.0 289.68   0.007450   2.35 327.31 282.87  88224.75
 65.0 23679.0 288.62   0.008633   1.98 317.07 296.29  88123.20
 65.0 23709.0 288.27   0.009485   1.75 295.64 312.07  87877.75
 66.0 23740.0 288.18   0.009232   1.48 296.51 306.93  87885.38
 66.0 23771.0 289.48   0.010437   1.30 267.13 323.95  87893.66
 66.0 23799.0 289.82   0.009481   1.56 321.19 303.36  87984.25
 66.0 23830.0 287.94   0.009816   1.88 227.59 324.80  88209.41
 66.0 23860.0 286.65   0.008650   1.86 223.41 305.93  88408.87
 66.0 23891.0 285.59   0.007056   1.84 242.39 277.46  88527.86
 66.0 23921.0 285.07   0.005802   1.97 262.08 259.36  88508.66
 66.0 23952.0 287.62   0.006727   2.30 293.79 268.89  88309.71
 66.0 23983.0 289.99   0.007038   2.30 319.91 276.65  88102.84
 66.0 24013.0 290.75   0.008015   2.13 319.44 294.66  88057.27
 66.0 24044.0 291.23   0.008596   2.07 339.44 296.32  88123.91
 66.0 24074.0 288.17   0.009806   1.63 300.13 311.56  87955.55
 67.0 24105.0 288.62   0.009696   1.32 261.55 320.03  87989.41
 67.0 24136.0 290.39   0.009794   1.32 300.86 313.72  87948.10
 67.0 24164.0 289.42   0.009725   1.72 292.89 311.67  88131.61
 67.0 24195.0 287.90   0.009652   1.60 268.64 313.70  88247.81
 67.0 24225.0 286.75   0.008656   1.56 245.77 299.21  88338.84
 67.0 24256.0 285.23   0.006698   1.71 260.09 265.51  88375.48
 67.0 24286.0 285.82   0.006604   2.12 250.41 271.85  88426.25
 67.0 24317.0 287.28   0.006887   2.32 273.61 276.59  88297.31
 67.0 24348.0 288.89   0.006767   2.41 320.00 272.18  88383.43
 67.0 24378.0 290.77   0.007520   2.44 341.94 281.57  88064.24
 67.0 24409.0 290.87   0.008503   1.96 331.68 298.59  87964.42
 67.0 24439.0 288.48   0.009474   1.85 306.76 306.75  87926.97
 68.0 24470.0 288.78   0.009678   1.54 293.71 314.39  87900.37
 68.0 24501.0 289.83   0.010882   1.36 271.89 324.75  87875.88
 68.0 24529.0 290.05   0.010246   1.45 294.87 316.96  87988.84
 68.0 24560.0 289.01   0.010446   1.83 226.86 331.09  88223.27
 68.0 24590.0 287.34   0.008613   1.88 241.05 301.86  88386.22
 68.0 24621.0 284.90   0.006820   1.65 254.79 268.40  88390.61
 68.0 24651.0 284.66   0.006447   1.91 249.35 268.51  88445.75
 68.0 24682.0 287.27   0.006684   2.28 281.96 270.03  88325.68
 68.0 24713.0 288.64   0.006726   2.37 319.91 270.78  88237.02
 68.0 24743.0 291.07   0.007586   2.13 330.70 288.25  88079.91
 68.0 24774.0 289.22   0.009205   1.74 309.82 307.09  87999.41
 68.0 24804.0 288.59   0.009380   1.69 281.55 314.20  87958.09
 69.0 24835.0 288.64   0.010167   1.64 262.19 323.41  87820.19
 69.0 24866.0 289.29   0.010294   1.56 246.93 328.85  87999.38
 69.0 24894.0 289.52   0.010103   1.23 297.76 310.71  88093.95
 69.0 24925.0 288.48   0.009792   1.69 239.19 319.24  88244.26
 69.0 24955.0 286.85   0.008506   1.93 222.96 303.71  88375.20
 69.0 24986.0 284.38   0.006673   1.81 236.55 271.63  88552.02
 69.0 25016.0 283.97   0.005934   1.81 263.39 255.86  88494.50
 69.0 25047.0 286.92   0.006798   2.31 280.50 271.38  88347.02
 69.0 25078.0 289.21   0.006630   2.18 314.06 274.59  88237.50
 69.0 25108.0 290.79   0.007717   2.01 319.30 293.67  88091.73
 69.0 25139.0 289.69   0.008894   1.70 309.92 307.38  88111.06
 69.0 25169.0 288.39   0.010069   1.69 285.39 317.65  87922.85
 70.0 25200.0 290.56   0.010162   1.38 303.81 318.23  87925.77
 70.0 25231.0 289.12   0.009847   1.64 307.36 311.68  88055.58
 70.0 25259.0 290.30   0.010574   1.36 290.85 320.76  87934.22
 70.0 25290.0 288.75   0.009104   1.78 283.00 303.71  88229.84
 70.0 25320.0 287.11   0.008979   1.87 213.88 313.00  88420.94
 70.0 25351.0 284.72   0.006790   1.86 243.54 273.17  88645.76
 70.0 25381.0 286.10   0.006171   1.91 263.96 263.54  88344.80
 70.0 25412.0 287.34   0.006729   2.32 278.34 273.32  88326.20
 70.0 25443.0 289.64   0.007198   2.31 314.49 280.23  88224.08
 70.0 25473.0 291.01   0.007258   2.40 335.87 280.37  88159.78
 70.0 25504.0 290.70   0.008566   2.26 327.01 298.20  88149.73
 70.0 25534.0 288.75   0.009638   1.61 293.42 313.31  87985.65
 71.0 25565.0 289.63   0.010575   1.36 265.54 325.94  87865.65
 71.0 25596.0 290.19   0.010566   1.32 297.97 319.99  87941.94
 71.0 25624.0 290.25   0.010468   1.33 311.79 314.63  88064.42
 71.0 25655.0 288.72   0.009948   1.69 263.85 318.28  88175.91
 71.0 25685.0 286.75   0.008578   1.89 221.49 308.41  88385.29
 71.0 25716.0 284.60   0.006848   1.81 239.75 274.37  88506.77
 71.0 25746.0 285.68   0.006694   2.07 254.92 270.26  88407.37
 71.0 25777.0 287.10   0.006383   2.16 293.71 265.29  88340.16
 71.0 25808.0 288.81   0.006842   2.46 318.07 272.74  88304.03
 71.0 25838.0 291.33   0.007497   2.24 337.03 286.96  88124.62
 71.0 25869.0 289.57   0.008955   1.83 318.13 303.32  88051.82
 71.0 25899.0 287.97   0.009637   1.53 298.87 310.21  87999.65
 72.0 25930.0 289.21   0.010218   1.53 288.09 317.67  87872.52
 72.0 25961.0 289.88   0.010457   1.43 256.54 325.87  87891.34
 72.0 25989.0 289.64   0.010218   1.49 254.16 327.71  88079.60
 72.0 26020.0 288.54   0.009162   1.97 250.13 312.81  88200.66
 72.0 26050.0 286.79   0.008369   1.92 226.15 302.27  88424.05
 72.0 26081.0 284.31   0.006564   1.90 238.89 269.77  88603.95
 72.0 26111.0 283.78   0.004957   1.73 275.34 242.69  88407.80
 72.0 26142.0 285.06   0.005911   2.26 260.46 271.27  88443.00
 72.0 26173.0 288.80   0.007121   2.42 317.92 275.28  88245.66
 72.0 26203.0 290.84   0.007183   2.33 339.55 280.18  88122.88
 72.0 26234.0 289.80   0.008615   1.96 299.48 304.27  87991.14
 72.0 26264.0 289.30   0.009231   1.78 276.95 315.52  87954.21
 73.0 26295.0 288.70   0.010245   1.59 257.53 325.74  87945.59
 73.0 26326.0 289.54   0.010854   1.36 241.02 332.85  87955.68
 73.0 26354.0 289.41   0.010020   1.42 306.84 310.30  88046.04
 73.0 26385.0 288.85   0.010115   1.82 243.41 323.81  88250.20
 73.0 26415.0 286.50   0.008628   2.06 192.60 316.79  88532.50
 73.0 26446.0 284.34   0.006940   1.83 236.06 274.94  88502.29
 73.0 26476.0 284.52   0.006767   1.99 245.73 271.84  88448.81
 73.0 26507.0 286.97   0.006540   1.98 279.96 271.53  88271.65
 73.0 26538.0 288.84   0.007219   2.40 315.97 276.56  88263.68
 73.0 26568.0 290.34   0.007630   2.48 328.41 284.74  88175.16
 73.0 26599.0 289.09   0.009227   1.89 299.38 308.34  87966.42
 73.0 26629.0 288.17   0.009715   1.82 311.35 306.57  87975.23
 74.0 26660.0 289.08   0.009997   1.60 244.57 324.17  87831.65
 74.0 26691.0 290.13   0.009989   1.47 303.85 316.04  87996.32
 74.0 26719.0 290.20   0.009684   1.54 315.17 309.38  88096.72
 74.0 26750.0 288.06   0.009488   1.64 274.42 307.81  88221.02
 74.0 26780.0 286.04   0.007260   1.76 270.15 275.67  88428.88
 74.0 26811.0 285.14   0.006493   1.97 254.60 267.39  88465.98
 74.0 26841.0 285.69   0.006373   2.03 253.70 268.71  88394.08
 74.0 26872.0 287.61   0.007123   2.39 273.83 280.48  88363.65
 74.0 26903.0 288.67   0.006889   2.38 320.77 271.94  88313.18
 74.0 26933.0 290.45   0.007944   2.17 328.00 290.18  88147.16
 74.0 26964.0 290.85   0.008208   2.04 326.41 297.10  88163.99
 74.0 26994.0 288.35   0.010122   1.76 269.97 322.96  87939.16
 75.0 27025.0 289.21   0.010704   1.58 258.96 325.47  87924.05
 75.0 27056.0 289.87   0.011070   1.16 249.42 331.37  87947.98
 75.0 27084.0 289.99   0.010843   1.30 270.27 327.83  88065.19
 75.0 27115.0 288.83   0.010125   1.97 224.67 331.11  88300.30
 75.0 27145.0 287.36   0.008456   1.88 238.95 298.54  88442.57
 75.0 27176.0 284.78   0.006806   1.87 241.21 274.54  88552.46
 75.0 27206.0 283.95   0.006233   2.04 248.41 264.76  88615.66
 75.0 27237.0 286.53   0.005978   2.04 293.06 259.73  88360.75
 75.0 27268.0 288.22   0.006907   2.47 310.91 275.56  88368.15
 75.0 27298.0 289.32   0.007812   2.33 308.96 291.86  88210.34
 75.0 27329.0 288.90   0.009375   1.80 311.47 305.58  88021.49
 75.0 27359.0 288.34   0.010128   1.67 285.89 314.82  87976.55
 76.0 27390.0 288.69   0.009973   1.62 246.10 324.15  87973.90
 76.0 27421.0 289.72   0.011048   1.38 240.89 331.78  87836.15
 76.0 27449.0 289.52   0.010544   1.50 261.93 324.70  87968.38
 76.0 27480.0 288.84   0.009715   1.72 273.42 309.85  88175.43
 76.0 27510.0 286.56   0.008241   1.97 227.21 300.11  88456.91
 76.0 27541.0 284.83   0.007117   1.86 228.07 282.87  88489.16
 76.0 27571.0 284.60   0.006058   1.88 266.23 257.98  88405.77
 76.0 27602.0 286.31   0.006296   2.17 289.68 263.38  88348.47
 76.0 27633.0 289.31   0.006868   2.21 298.95 279.73  88095.48
 76.0 27663.0 289.74   0.007449   2.42 326.23 282.72  88152.55
 76.0 27694.0 291.19   0.007893   2.03 332.57 294.37  87985.08
 76.0 27724.0 288.38   0.009264   1.63 311.32 306.95  87912.75
 77.0 27755.0 288.27   0.009818   2.02 222.32 326.32  87718.79
 77.0 27786.0 289.80   0.010490   1.38 276.69 321.56  87806.70
 77.0 27814.0 289.46   0.010061   1.50 283.82 317.13  88029.09
 77.0 27845.0 288.22   0.008908   1.96 271.16 305.80  88316.45
 77.0 27875.0 286.18   0.008001   1.83 244.08 290.97  88379.27
 77.0 27906.0 284.85   0.007290   1.94 225.06 284.62  88488.87
 77.0 27936.0 285.47   0.006325   1.80 266.18 263.57  88448.20
 77.0 27967.0 286.29   0.005915   2.26 294.76 258.83  88372.23
 77.0 27998.0 289.28   0.006975   2.36 319.99 274.57  88204.56
 77.0 28028.0 290.85   0.007664   2.25 323.99 288.76  88086.62
 77.0 28059.0 290.20   0.008513   2.12 321.99 298.72  88013.44
 77.0 28089.0 289.04   0.008707   1.70 318.93 302.23  87983.86
 78.0 28120.0 289.21   0.009641   1.43 294.14 315.15  87857.75
 78.0 28151.0 289.55   0.009681   1.27 312.12 312.28  87935.09
 78.0 28179.0 289.37   0.010111   1.32 270.48 320.49  88020.67
 78.0 28210.0 288.78   0.009719   1.74 260.54 315.72  88266.13
 78.0 28240.0 286.91   0.008850   1.89 207.87 313.09  88311.94
 78.0 28271.0 285.84   0.007615   1.79 245.25 278.41  88378.51
 78.0 28301.0 285.28   0.006422   2.14 261.63 264.57  88496.79
 78.0 28332.0 287.90   0.006963   2.26 284.06 274.82  88375.34
 78.0 28363.0 289.82   0.007167   2.34 325.36 274.81  88206.01
 78.0 28393.0 291.13   0.007484   2.32 330.56 286.21  88094.70
 78.0 28424.0 289.52   0.008315   2.12 326.65 295.62  88063.10
 78.0 28454.0 288.68   0.009868   1.73 300.92 315.08  87932.75
 79.0 28485.0 288.73   0.010127   1.55 282.30 316.80  87982.27
 79.0 28516.0 290.22   0.009948   1.52 303.40 317.04  88066.05
 79.0 28544.0 290.08   0.010056   1.45 308.66 313.52  88167.94
 79.0 28575.0 289.14   0.009923   1.80 251.09 322.70  88228.43
 79.0 28605.0 286.61   0.007779   1.88 244.62 290.73  88551.96
 79.0 28636.0 285.70   0.007501   1.98 225.61 287.92  88530.04
 79.0 28666.0 285.17   0.006241   2.13 249.59 269.83  88550.66
 79.0 28697.0 286.74   0.005975   2.08 290.99 261.63  88379.33
 79.0 28728.0 289.43   0.006813   2.47 320.95 274.19  88308.52
 79.0 28758.0 289.90   0.007827   2.28 326.34 288.09  88201.53
 79.0 28789.0 290.33   0.007681   2.10 342.48 287.14  88037.13
 79.0 28819.0 288.88   0.009355   1.73 304.12 309.16  87995.65
 80.0 28850.0 288.30   0.009936   1.55 303.07 311.59  87939.73
 80.0 28881.0 289.33   0.010671   1.42 238.27 330.89  87856.38
 80.0 28909.0 289.76   0.010405   1.42 276.99 322.51  87934.38
 80.0 28940.0 288.88   0.009465   1.88 258.09 313.62  88092.06
 80.0 28970.0 287.04   0.008108   1.95 245.64 294.09  88351.02
 80.0 29001.0 284.80   0.006899   2.18 222.06 284.65  88530.48
 80.0 29031.0 284.67   0.006039   2.16 259.74 260.89  88503.51
 80.0 29062.0 285.94   0.006456   2.35 265.55 275.17  88478.70
 80.0 29093.0 288.66   0.006789   2.30 305.46 278.78  88255.87
 80.0 29123.0 290.18   0.007436   2.34 324.58 284.83  88073.17
 80.0 29154.0 289.03   0.008868   1.81 301.10 309.14  88013.98
 80.0 29184.0 287.98   0.009801   1.74 270.37 317.89  87837.60
 81.0 29215.0 289.33   0.009776   1.43 276.51 316.41  87814.52
 81.0 29246.0 289.63   0.010027   1.33 294.73 313.67  87940.23
 81.0 29274.0 289.44   0.010442   1.51 239.64 327.95  87957.81
 81.0 29305.0 288.46   0.009569   1.79 242.20 320.03  88118.82
 81.0 29335.0 286.64   0.008193   1.85 238.43 295.59  88345.80
 81.0 29366.0 284.73   0.006736   1.81 238.05 276.62  88545.61
 81.0 29396.0 283.62   0.006310   1.99 229.16 273.77  88544.03
 81.0 29427.0 285.35   0.006313   2.25 264.80 272.26  88401.70
 81.0 29458.0 288.36   0.006812   2.35 316.24 272.35  88240.02
 81.0 29488.0 290.70   0.007167   2.32 345.83 276.38  88126.41
 81.0 29519.0 290.00   0.008601   1.72 314.52 302.79  87945.57
 81.0 29549.0 288.28   0.009924   1.57 281.13 315.89  87874.12
 82.0 29580.0 289.24   0.009788   1.63 259.16 322.58  87922.44
 82.0 29611.0 290.32   0.010196   1.46 293.44 321.25  87889.09
 82.0 29639.0 288.91   0.009795   1.73 279.42 316.79  88146.51
 82.0 29670.0 287.55   0.009514   1.91 238.42 321.67  88325.94
 82.0 29700.0 285.97   0.008734   1.97 195.46 317.12  88460.45
 82.0 29731.0 284.91   0.007492   1.68 236.55 279.61  88465.12
 82.0 29761.0 283.94   0.006183   1.80 251.94 262.48  88453.29
 82.0 29792.0 286.38   0.006410   2.14 275.90 270.57  88407.76
 82.0 29823.0 289.21   0.007114   2.37 315.20 277.65  88269.37
 82.0 29853.0 290.25   0.008103   2.17 318.53 293.91  88158.43
 82.0 29884.0 289.14   0.009442   1.97 298.23 310.45  88102.05
 82.0 29914.0 288.74   0.009768   1.73 314.70 310.39  88153.40
 83.0 29945.0 289.22   0.010131   1.64 296.14 317.06  87976.81
 83.0 29976.0 289.91   0.010740   1.28 271.22 324.84  88048.44
 83.0 30004.0 290.25   0.010923   1.65 273.13 328.08  88089.84
 83.0 30035.0 288.34   0.009483   2.04 240.50 319.16  88292.89
 83.0 30065.0 286.47   0.008125   2.04 226.24 300.36  88454.19
 83.0 30096.0 284.76   0.006391   1.62 254.26 263.46  88431.30
 83.0 30126.0 284.80   0.006479   2.05 235.16 274.29  88479.94
 83.0 30157.0 286.49   0.006412   2.15 280.48 269.45  88367.15
 83.0 30188.0 289.64   0.007067   2.36 314.94 278.31  88129.41
 83.0 30218.0 291.01   0.007579   2.36 335.26 285.55  87997.95
 83.0 30249.0 288.52   0.009058   1.79 288.20 310.80  88039.59
 83.0 30279.0 287.82   0.009257   1.80 315.94 302.24  87903.98
 84.0 30310.0 288.17   0.009608   1.44 313.88 307.24  87793.55
 84.0 30341.0 289.73   0.010060   1.38 290.81 319.14  87823.38
 84.0 30369.0 289.11   0.009772   1.57 289.44 311.67  88085.38
 84.0 30400.0 287.88   0.009428   1.82 240.54 316.37  88082.38
 84.0 30430.0 285.98   0.008120   1.94 212.68 304.38  88318.19
 84.0 30461.0 283.74   0.006244   1.74 234.33 269.80  88386.90
 84.0 30491.0 284.81   0.006351   2.10 239.45 272.83  88379.35
 84.0 30522.0 285.15   0.005804   2.33 282.42 261.13  88491.42
 84.0 30553.0 288.76   0.006744   2.32 314.36 274.31  88203.39
 84.0 30583.0 290.25   0.007204   2.28 330.34 282.64  88081.46
 84.0 30614.0 289.89   0.008125   1.83 305.28 300.36  88014.41
 84.0 30644.0 287.76   0.008605   1.74 297.88 301.96  87889.02
 85.0 30675.0 288.81   0.008907   1.46 306.58 307.78  87899.69
 85.0 30706.0 289.06   0.009644   1.29 261.50 321.66  87958.06
 85.0 30734.0 289.08   0.010046   1.43 287.02 317.23  88039.89
 85.0 30765.0 288.37   0.009835   1.74 256.34 317.60  88229.05
 85.0 30795.0 285.65   0.007889   2.09 225.69 294.68  88518.23
 85.0 30826.0 284.84   0.006423   1.61 256.10 267.80  88414.20
 85.0 30856.0 285.33   0.006299   1.96 259.12 264.76  88364.65
 85.0 30887.0 287.32   0.006825   2.32 277.91 275.56  88307.40
 85.0 30918.0 289.13   0.007071   2.48 324.09 273.84  88264.12
 85.0 30948.0 291.18   0.007522   2.16 333.18 288.47  88093.20
 85.0 30979.0 288.88   0.008935   2.06 296.61 306.42  88025.37
 85.0 31009.0 288.47   0.009349   1.83 323.26 303.48  87985.11
 86.0 31040.0 288.36   0.010008   1.46 311.42 310.48  87903.82
 86.0 31071.0 289.38   0.010994   1.36 231.93 333.96  87882.98
 86.0 31099.0 289.85   0.011358   1.26 237.08 336.53  87961.04
 86.0 31130.0 288.92   0.009863   1.77 243.85 321.41  88207.07
 86.0 31160.0 286.41   0.007873   2.01 237.23 295.56  88521.42
 86.0 31191.0 284.28   0.006731   1.79 220.92 280.14  88560.55
 86.0 31221.0 284.64   0.006121   1.93 267.20 256.88  88563.33
 86.0 31252.0 285.31   0.006021   2.23 273.33 264.20  88490.53
 86.0 31283.0 289.02   0.006519   2.13 316.41 269.57  88210.93
 86.0 31313.0 289.53   0.008023   2.12 303.66 293.69  88042.02
 86.0 31344.0 289.56   0.008560   1.94 332.06 297.63  88060.80
 86.0 31374.0 288.92   0.009319   1.60 322.44 303.23  88017.11
 87.0 31405.0 289.60   0.010619   1.52 301.97 318.43  87985.70
 87.0 31436.0 290.07   0.010310   1.54 284.39 323.76  88080.75
 87.0 31464.0 290.23   0.011207   1.69 264.41 336.62  88127.12
 87.0 31495.0 288.98   0.010209   1.88 234.64 326.53  88304.30
 87.0 31525.0 286.63   0.007941   2.00 234.21 297.73  88484.82
 87.0 31556.0 286.14   0.007699   1.75 242.25 281.97  88445.76
 87.0 31586.0 286.02   0.006740   1.97 259.47 270.38  88460.45
 87.0 31617.0 286.25   0.006502   2.30 280.75 269.03  88452.01
 87.0 31648.0 288.84   0.007023   2.10 304.02 280.19  88170.30
 87.0 31678.0 290.47   0.007907   2.28 324.60 290.29  88122.89
 87.0 31709.0 289.96   0.008445   1.79 315.55 300.67  88081.18
 87.0 31739.0 288.41   0.009709   1.59 311.84 307.37  87942.49
 88.0 31770.0 289.28   0.009857   1.51 267.96 321.24  87816.28
 88.0 31801.0 290.43   0.008693   1.31 314.69 308.76  87864.47
 88.0 31829.0 288.89   0.010648   1.21 258.15 324.03  88004.97
 88.0 31860.0 288.14   0.009462   1.92 232.26 318.27  88129.04
 88.0 31890.0 286.72   0.008419   1.99 219.48 304.94  88369.88
 88.0 31921.0 285.52   0.007566   1.95 222.75 288.30  88457.45
 88.0 31951.0 284.59   0.006785   2.06 228.63 279.06  88487.24
 88.0 31982.0 287.13   0.006651   2.16 285.93 267.77  88226.54
 88.0 32013.0 288.25   0.006823   2.51 308.06 274.75  88279.36
 88.0 32043.0 290.00   0.007640   2.41 320.89 286.06  88121.37
 88.0 32074.0 288.90   0.008165   2.01 312.93 292.62  88106.45
 88.0 32104.0 288.69   0.008532   1.56 317.23 298.99  87931.11
 89.0 32135.0 288.01   0.009821   1.61 282.05 315.47  87840.66
 89.0 32166.0 289.03   0.009463   1.46 288.17 313.52  87931.23
 89.0 32194.0 289.60   0.009889   1.41 293.25 312.60  87971.83
 89.0 32225.0 288.18   0.009783   1.86 233.47 323.10  88178.03
 89.0 32255.0 286.94   0.008649   1.89 225.23 303.03  88348.62
 89.0 32286.0 285.69   0.007380   1.80 251.66 272.90  88349.74
 89.0 32316.0 285.13   0.006624   2.14 239.61 273.71  88425.59
 89.0 32347.0 286.08   0.005969   2.23 278.51 263.49  88340.73
 89.0 32378.0 287.99   0.007047   2.29 286.97 282.28  88223.86
 89.0 32408.0 290.53   0.006991   2.35 339.00 278.89  88155.84
 89.0 32439.0 289.22   0.008812   1.79 327.74 299.17  88033.86
 89.0 32469.0 287.54   0.009667   1.78 316.83 302.20  87988.40
 90.0 32500.0 288.37   0.010102   1.51 242.56 322.49  87863.45
 90.0 32531.0 289.60   0.010179   1.70 283.93 319.12  87882.23
 90.0 32559.0 289.49   0.010552   1.37 251.24 326.24  88033.30
 90.0 32590.0 288.63   0.009639   1.48 270.64 308.16  88205.65
 90.0 32620.0 286.73   0.007670   1.77 267.59 281.52  88415.81
 90.0 32651.0 285.93   0.007708   1.92 226.14 289.40  88488.32
 90.0 32681.0 286.36   0.007310   2.13 238.06 283.59  88371.15
 90.0 32712.0 287.37   0.006706   2.22 284.80 271.03  88297.74
 90.0 32743.0 289.51   0.007123   2.37 315.15 277.78  88150.14
 90.0 32773.0 290.67   0.007720   2.27 319.46 290.62  88164.88
 90.0 32804.0 290.70   0.008701   1.99 334.27 299.59  88148.66
 90.0 32834.0 289.17   0.009363   1.57 279.42 316.66  87951.74
 91.0 32865.0 289.41   0.010427   1.61 274.63 323.38  87809.38
 91.0 32896.0 290.85   0.009868   1.53 336.40 308.33  87939.01
 91.0 32924.0 290.07   0.010295   1.42 298.69 318.26  88037.20
 91.0 32955.0 289.26   0.010417   1.57 245.42 325.31  88233.99
 91.0 32985.0 287.88   0.009059   1.98 228.14 310.22  88488.11
 91.0 33016.0 284.96   0.006841   1.80 236.40 273.64  88477.69
 91.0 33046.0 285.19   0.006921   2.12 220.65 288.54  88565.52
 91.0 33077.0 286.26   0.006280   2.18 283.08 265.60  88427.46
 91.0 33108.0 290.03   0.007941   2.45 290.27 293.14  88219.60
 91.0 33138.0 291.44   0.008376   2.33 331.16 293.83  88152.81
 91.0 33169.0 290.30   0.008826   1.87 319.12 305.29  88008.23
 91.0 33199.0 288.16   0.009340   1.94 290.92 309.15  88020.83
 92.0 33230.0 288.39   0.010033   1.86 287.58 316.34  87843.64
 92.0 33261.0 289.13   0.009814   1.37 309.11 313.31  87946.05
 92.0 33289.0 289.68   0.010732   1.59 240.26 332.19  88017.31
 92.0 33320.0 288.60   0.009327   2.07 244.15 317.08  88316.61
 92.0 33350.0 286.23   0.008672   1.93 214.09 311.18  88337.05
 92.0 33381.0 283.35   0.006407   1.83 239.91 268.75  88515.73
 92.0 33411.0 284.18   0.006443   1.91 241.51 271.33  88438.01
 92.0 33442.0 286.71   0.006255   2.12 285.84 264.96  88340.76
 92.0 33473.0 288.67   0.006989   2.36 302.82 278.74  88256.20
 92.0 33503.0 290.58   0.007239   2.28 332.47 282.38  88039.15
 92.0 33534.0 289.14   0.008670   1.83 320.34 299.68  87986.17
 92.0 33564.0 288.38   0.009378   1.70 273.42 314.70  87857.52
 93.0 33595.0 289.12   0.009636   1.42 271.04 319.31  87777.11
 93.0 33626.0 289.43   0.009890   1.22 279.58 316.21  87754.87
 93.0 33654.0 289.44   0.009675   1.45 295.24 312.04  87970.59
 93.0 33685.0 288.08   0.009395   1.95 246.38 315.20  88178.70
 93.0 33715.0 286.77   0.008272   1.96 224.43 300.64  88341.40
 93.0 33746.0 284.90   0.006852   1.89 234.95 279.06  88428.24
 93.0 33776.0 284.27   0.006053   2.01 236.12 271.28  88387.07
 93.0 33807.0 286.52   0.006196   2.10 285.60 264.05  88330.43
 93.0 33838.0 288.66   0.006413   2.45 324.81 265.60  88195.41
 93.0 33868.0 290.13   0.007480   2.48 327.00 285.31  88200.59
 93.0 33899.0 291.22   0.007719   1.88 334.49 292.13  87989.93
 93.0 33929.0 288.30   0.008600   1.54 297.16 302.17  87945.43
 94.0 33960.0 288.50   0.009922   1.48 252.61 322.10  87852.44
 94.0 33991.0 289.78   0.010678   1.37 252.53 328.74  87771.59
 94.0 34019.0 289.32   0.010085   1.62 274.67 320.47  88032.62
 94.0 34050.0 287.98   0.008943   1.75 275.18 304.60  88290.30
 94.0 34080.0 286.68   0.008123   1.74 255.79 286.95  88268.12
 94.0 34111.0 284.03   0.006337   2.05 235.84 272.44  88505.84
 94.0 34141.0 283.64   0.005627   2.10 248.95 261.36  88547.25
 94.0 34172.0 286.29   0.006268   2.19 275.99 267.59  88388.52
 94.0 34203.0 287.92   0.006972   2.45 304.01 276.53  88267.52
 94.0 34233.0 290.05   0.007172   2.31 334.25 279.18  88238.30
 94.0 34264.0 290.21   0.008375   2.08 319.52 298.20  88019.02
 94.0 34294.0 288.34   0.009676   1.67 307.78 310.52  88013.46
 95.0 34325.0 288.84   0.010366   1.48 264.41 321.57  87819.78
 95.0 34356.0 290.20   0.009922   1.46 322.68 311.38  87925.62
 95.0 34384.0 289.44   0.010184   1.38 277.04 321.61  88186.48
 95.0 34415.0 288.53   0.009268   1.77 272.74 308.64  88330.83
 95.0 34445.0 286.36   0.007727   1.98 256.30 285.54  88444.59
 95.0 34476.0 285.71   0.007119   1.77 250.45 272.65  88481.82
 95.0 34506.0 285.23   0.006187   2.14 254.23 266.37  88479.17
 95.0 34537.0 288.31   0.006699   2.14 293.72 270.39  88228.14
 95.0 34568.0 289.70   0.007566   2.29 297.37 289.27  88070.73
 95.0 34598.0 291.17   0.007417   2.18 325.69 288.05  88094.70
 95.0 34629.0 290.11   0.009162   1.86 324.70 303.56  88070.81
 95.0 34659.0 288.96   0.009479   1.62 307.87 310.88  87987.45
 96.0 34690.0 289.20   0.010405   1.67 314.82 314.44  87998.50
 96.0 34721.0 290.55   0.010237   1.43 301.68 319.68  87997.16
 96.0 34749.0 290.43   0.010052   1.51 304.17 317.52  88076.89
 96.0 34780.0 288.93   0.009486   1.90 263.37 314.75  88333.97
 96.0 34810.0 287.23   0.007798   1.76 265.18 284.11  88482.78
 96.0 34841.0 286.13   0.006755   2.10 258.16 267.93  88574.09
 96.0 34871.0 285.22   0.005860   2.13 265.24 259.58  88475.46
 96.0 34902.0 287.41   0.006176   2.08 292.94 265.65  88314.22
 96.0 34933.0 289.30   0.006983   2.35 309.32 278.63  88276.62
 96.0 34963.0 291.11   0.008038   2.36 331.31 290.17  88182.12
 96.0 34994.0 291.56   0.008319   2.21 344.67 294.22  88071.84
 96.0 35024.0 288.83   0.009902   1.83 305.27 313.48  87949.88
 97.0 35055.0 288.28   0.010044   1.61 301.55 312.97  87964.64
 97.0 35086.0 289.70   0.010525   1.64 263.07 327.08  87896.77
 97.0 35114.0 289.46   0.010263   1.55 289.06 317.42  88066.44
 97.0 35145.0 288.90   0.009603   1.99 241.89 321.41  88178.62
 97.0 35175.0 286.87   0.008645   1.82 227.15 304.54  88345.55
 97.0 35206.0 284.50   0.006996   2.03 211.59 286.60  88550.80
 97.0 35236.0 284.15   0.006369   2.12 228.56 277.44  88615.59
 97.0 35267.0 286.63   0.006475   2.08 282.62 269.46  88335.13
 97.0 35298.0 288.93   0.007332   2.32 305.13 282.52  88227.17
 97.0 35328.0 289.92   0.007624   2.22 328.34 285.50  88107.88
 97.0 35359.0 289.16   0.008884   1.87 315.44 304.25  88010.40
 97.0 35389.0 288.41   0.009535   1.55 301.21 310.15  87976.12
 98.0 35420.0 288.47   0.009640   1.44 288.27 312.03  87865.34
 98.0 35451.0 289.60   0.010543   1.42 280.64 321.06  87829.35
 98.0 35479.0 289.36   0.010360   1.40 283.83 318.37  87982.41
 98.0 35510.0 288.60   0.009224   1.48 276.36 304.43  88071.88
 98.0 35540.0 285.91   0.008372   1.98 206.25 309.66  88429.23
 98.0 35571.0 283.41   0.006403   1.81 233.99 268.94  88522.02
 98.0 35601.0 282.96   0.005211   1.79 263.95 248.35  88504.61
 98.0 35632.0 285.76   0.005962   2.16 280.62 264.44  88364.48
 98.0 35663.0 288.71   0.006779   2.37 316.75 271.71  88196.71
 98.0 35693.0 289.12   0.007546   2.09 301.90 291.45  88057.59
 98.0 35724.0 290.66   0.007572   2.11 323.69 292.87  87920.17
 98.0 35754.0 289.55   0.009332   1.59 284.35 316.49  87862.51
 99.0 35785.0 288.91   0.009690   1.55 297.12 315.19  87938.59
 99.0 35816.0 289.75   0.009219   1.43 326.22 306.74  87959.38
 99.0 35844.0 289.20   0.010241   1.51 272.32 322.38  88113.75
 99.0 35875.0 289.17   0.009996   1.85 250.84 323.42  88289.02
 99.0 35905.0 286.97   0.008578   1.82 236.42 300.86  88393.64
 99.0 35936.0 285.08   0.007119   1.95 240.14 277.19  88476.43
 99.0 35966.0 285.03   0.006253   2.18 249.15 269.44  88566.84
 99.0 35997.0 287.64   0.006759   2.31 288.34 272.27  88339.91
 99.0 36028.0 289.09   0.007037   2.41 317.54 275.14  88298.74
 99.0 36058.0 290.72   0.007565   2.56 323.72 289.20  88167.78
 99.0 36089.0 291.92   0.008365   1.92 332.20 303.02  88086.61
 99.0 36119.0 289.75   0.009113   1.85 310.12 307.03  87959.10
100.0 36150.0 289.33   0.010555   1.57 290.33 322.30  87982.25
100.0 36181.0 289.81   0.010257   1.24 314.36 317.66  88077.84
100.0 36209.0 289.69   0.010735   1.67 238.84 333.21  88167.45
100.0 36240.0 289.47   0.009811   1.74 276.12 312.15  88275.22
100.0 36270.0 287.37   0.008729   1.87 228.42 305.66  88403.61
100.0 36301.0 286.07   0.007822   1.86 223.72 291.30  88505.96
100.0 36331.0 284.71   0.005935   2.15 252.25 263.10  88611.35
100.0 36362.0 286.88   0.006362   2.21 284.39 268.61  88374.15
100.0 36393.0 289.22   0.007011   2.32 326.36 274.24  88233.22
100.0 36423.0 290.88   0.007964   2.39 324.56 290.77  88091.93
100.0 36454.0 290.60   0.008200   1.76 322.85 299.19  88016.39
100.0 36484.0 289.62   0.008937   1.60 296.17 310.25  87885.55
