  1.0    15.0 292.65   0.013062   1.49 318.21 344.02  87910.60
  1.0    46.0 292.81   0.013651   1.34 260.52 355.30  87938.05
  1.0    74.0 293.96   0.014527   1.25 267.27 359.68  87982.12
  1.0   105.0 292.85   0.012775   1.73 246.20 348.54  88229.61
  1.0   135.0 290.07   0.010502   1.97 211.34 329.53  88474.52
  1.0   166.0 287.25   0.008383   1.91 217.15 303.75  88609.79
  1.0   196.0 287.55   0.008438   2.05 208.63 307.50  88545.73
  1.0   227.0 288.99   0.008046   2.25 263.79 295.82  88508.53
  1.0   258.0 291.50   0.008787   2.32 309.31 301.77  88327.58
  1.0   288.0 295.07   0.010008   2.26 338.89 316.29  88107.65
  1.0   319.0 295.16   0.010931   2.14 343.12 325.59  87978.30
  1.0   349.0 293.10   0.012388   1.85 320.33 337.80  87992.56
  2.0   380.0 292.20   0.013280   1.47 272.13 349.49  87809.98
  2.0   411.0 292.64   0.013244   1.66 214.09 359.10  87755.88
  2.0   439.0 293.18   0.012793   1.63 295.67 345.40  87976.51
  2.0   470.0 291.53   0.011296   1.92 261.92 331.30  88246.40
  2.0   500.0 290.39   0.010571   1.83 236.86 324.25  88286.20
  2.0   531.0 288.05   0.008762   1.83 229.34 300.87  88454.80
  2.0   561.0 287.98   0.007327   1.87 262.60 278.58  88413.53
  2.0   592.0 289.49   0.007525   2.06 288.82 282.33  88314.00
  2.0   623.0 291.85   0.007585   2.26 330.10 284.96  88249.44
  2.0   653.0 294.25   0.009177   2.36 344.94 304.31  88181.78
  2.0   684.0 293.45   0.011133   1.78 298.90 335.32  88036.80
  2.0   714.0 292.65   0.012501   1.75 286.32 344.90  87867.64
  3.0   745.0 292.93   0.013737   1.62 246.80 356.14  87781.19
  3.0   776.0 293.58   0.013863   1.68 261.68 355.71  87720.06
  3.0   804.0 293.46   0.013651   1.51 275.28 353.17  88012.27
  3.0   835.0 292.49   0.012344   1.78 274.68 338.79  88255.01
  3.0   865.0 290.01   0.010575   1.92 208.91 329.87  88434.28
  3.0   896.0 288.03   0.008713   1.78 224.99 303.55  88583.34
  3.0   926.0 287.47   0.007298   1.72 255.61 280.28  88537.63
  3.0   957.0 288.77   0.007330   2.16 282.02 282.95  88551.48
  3.0   988.0 292.18   0.008422   2.24 319.40 296.55  88364.84
  3.0  1018.0 294.68   0.010043   2.34 339.33 313.89  88152.24
  3.0  1049.0 294.19   0.010327   2.20 335.55 322.95  88055.11
  3.0  1079.0 292.63   0.012866   1.71 301.22 343.12  87851.27
  4.0  1110.0 292.53   0.013645   1.68 233.62 360.21  87893.80
  4.0  1141.0 293.05   0.014022   1.49 219.83 364.28  87893.73
  4.0  1169.0 293.64   0.013186   1.65 283.48 349.89  88125.08
  4.0  1200.0 291.36   0.011786   2.16 216.90 348.74  88303.55
  4.0  1230.0 290.23   0.011119   1.84 232.99 327.46  88421.27
  4.0  1261.0 287.10   0.008360   1.76 224.73 299.67  88625.58
  4.0  1291.0 286.82   0.007801   2.00 239.27 290.93  88587.72
  4.0  1322.0 289.58   0.007515   2.02 292.27 282.03  88479.48
  4.0  1353.0 292.35   0.009273   2.27 311.23 305.18  88387.07
  4.0  1383.0 294.38   0.010062   2.45 333.82 314.62  88236.59
  4.0  1414.0 296.17   0.010806   2.09 348.10 326.31  88046.62
  4.0  1444.0 293.67   0.012866   1.79 278.51 351.44  87937.30
  5.0  1475.0 293.16   0.013602   1.55 264.84 354.72  87881.80
  5.0  1506.0 293.77   0.014200   1.63 264.98 359.14  87825.38
  5.0  1534.0 293.61   0.014141   1.41 246.47 361.04  87985.60
  5.0  1565.0 291.96   0.011317   2.05 256.46 334.14  88273.34
  5.0  1595.0 289.46   0.010215   1.94 203.83 334.63  88472.02
  5.0  1626.0 287.86   0.008986   1.78 225.56 302.83  88535.59
  5.0  1656.0 287.71   0.008431   1.97 224.70 304.09  88471.66
  5.0  1687.0 288.21   0.008089   2.18 261.70 294.90  88531.17
  5.0  1718.0 292.06   0.008954   2.25 320.63 299.26  88275.80
  5.0  1748.0 294.34   0.009408   2.13 329.24 313.15  88161.58
  5.0  1779.0 294.93   0.010385   1.94 342.40 324.50  88001.61
  5.0  1809.0 293.13   0.011814   1.60 306.03 336.17  87885.24
  6.0  1840.0 292.83   0.013682   1.57 271.95 352.23  87733.35
  6.0  1871.0 293.82   0.013959   1.21 292.67 351.29  87869.68
  6.0  1899.0 293.98   0.013719   1.55 275.21 354.32  88039.84
  6.0  1930.0 291.82   0.012255   1.95 236.27 347.02  88268.80
  6.0  1960.0 289.14   0.010244   2.07 204.12 329.45  88503.84
  6.0  1991.0 287.95   0.009152   1.91 220.05 307.03  88539.04
  6.0  2021.0 287.98   0.008451   1.99 240.35 297.37  88538.05
  6.0  2052.0 288.82   0.008289   2.31 265.22 296.10  88526.16
  6.0  2083.0 291.27   0.008365   2.23 315.79 295.22  88430.30
  6.0  2113.0 293.44   0.010136   2.07 317.28 320.98  88112.69
  6.0  2144.0 293.31   0.010972   1.98 334.05 325.96  88025.22
  6.0  2174.0 293.28   0.011964   1.74 334.21 333.92  88002.56
  7.0  2205.0 292.96   0.012585   1.59 295.43 345.73  87833.37
  7.0  2236.0 293.53   0.013416   1.41 278.44 351.06  87908.14
  7.0  2264.0 293.41   0.012324   1.48 317.52 335.82  88025.21
  7.0  2295.0 292.58   0.012521   1.93 243.47 348.93  88185.73
  7.0  2325.0 289.51   0.009953   1.99 221.33 321.17  88461.88
  7.0  2356.0 287.53   0.008436   1.75 228.24 299.54  88515.20
  7.0  2386.0 288.02   0.007751   1.97 255.74 283.93  88475.44
  7.0  2417.0 288.77   0.007556   2.28 275.68 285.91  88552.01
  7.0  2448.0 292.25   0.008748   2.14 318.44 299.74  88275.65
  7.0  2478.0 294.11   0.008923   2.34 345.03 299.52  88182.87
  7.0  2509.0 295.08   0.010539   2.30 351.80 316.93  88119.62
  7.0  2539.0 293.82   0.012167   1.90 331.37 337.08  87975.29
  8.0  2570.0 292.79   0.013519   1.57 263.51 354.84  87928.16
  8.0  2601.0 293.00   0.013512   1.44 241.74 355.54  87853.41
  8.0  2629.0 293.04   0.013649   1.48 255.47 356.88  88042.52
  8.0  2660.0 292.19   0.012191   1.79 250.28 345.06  88208.25
  8.0  2690.0 289.67   0.010043   1.92 232.92 319.63  88428.00
  8.0  2721.0 288.05   0.008377   1.67 246.49 289.53  88500.33
  8.0  2751.0 287.40   0.007733   2.07 237.86 294.15  88565.74
  8.0  2782.0 289.36   0.008141   2.32 275.30 292.89  88571.23
  8.0  2813.0 292.40   0.008786   2.28 319.68 300.12  88345.62
  8.0  2843.0 294.76   0.009720   2.51 337.93 309.84  88229.63
  8.0  2874.0 294.75   0.009527   2.49 345.62 309.03  88205.27
  8.0  2904.0 294.35   0.011490   1.98 344.28 329.01  87984.29
  9.0  2935.0 293.96   0.012221   1.64 333.31 340.24  87971.02
  9.0  2966.0 293.33   0.014090   1.55 251.48 363.00  87954.38
  9.0  2994.0 294.20   0.014607   1.21 272.72 360.27  88019.21
  9.0  3025.0 293.11   0.012772   1.92 250.39 348.30  88164.78
  9.0  3055.0 290.32   0.010630   1.94 220.65 327.95  88431.85
  9.0  3086.0 288.83   0.009231   1.69 232.55 302.25  88453.55
  9.0  3116.0 288.36   0.008261   1.69 258.24 287.87  88425.50
  9.0  3147.0 289.40   0.007548   2.03 276.82 290.28  88353.07
  9.0  3178.0 292.23   0.008612   2.48 308.04 302.80  88350.35
  9.0  3208.0 294.76   0.009809   2.27 329.49 316.60  88139.49
  9.0  3239.0 295.09   0.011113   2.27 340.40 326.15  88089.01
  9.0  3269.0 294.82   0.011524   2.09 333.92 332.25  88070.27
 10.0  3300.0 292.83   0.012957   1.86 304.68 347.55  87961.03
 10.0  3331.0 293.35   0.013938   1.49 284.71 354.94  87876.69
 10.0  3359.0 293.88   0.014436   1.12 277.72 355.55  87935.03
 10.0  3390.0 292.35   0.013033   2.01 214.27 359.57  88223.16
 10.0  3420.0 289.88   0.010247   2.00 221.44 324.14  88460.86
 10.0  3451.0 287.33   0.008542   2.05 214.94 306.55  88540.28
 10.0  3481.0 287.53   0.008085   1.72 247.98 290.02  88463.85
 10.0  3512.0 288.86   0.007333   2.07 288.79 281.94  88459.02
 10.0  3543.0 292.95   0.008962   2.25 323.61 300.08  88214.54
 10.0  3573.0 294.53   0.009502   2.36 335.95 309.30  88237.58
 10.0  3604.0 295.78   0.010333   2.31 342.98 322.25  88167.38
 10.0  3634.0 294.49   0.012596   2.05 327.35 340.38  88053.83
 11.0  3665.0 293.23   0.013163   1.62 321.04 344.57  87958.02
 11.0  3696.0 293.34   0.014231   1.64 243.34 363.50  87874.26
 11.0  3724.0 293.96   0.013974   1.44 302.31 350.93  88033.52
 11.0  3755.0 292.54   0.012493   1.88 240.63 347.47  88275.89
 11.0  3785.0 289.81   0.010377   2.09 203.31 333.18  88519.16
 11.0  3816.0 288.02   0.009400   1.95 192.29 319.99  88583.50
 11.0  3846.0 287.64   0.008651   1.92 219.07 306.05  88628.13
 11.0  3877.0 288.61   0.008288   2.36 248.58 301.88  88521.23
 11.0  3908.0 291.03   0.008998   2.42 288.76 308.38  88404.45
 11.0  3938.0 294.76   0.009774   2.48 338.28 312.47  88192.24
 11.0  3969.0 294.95   0.010789   2.02 334.60 328.40  88003.18
 11.0  3999.0 293.03   0.012616   1.78 300.46 345.88  87905.28
 12.0  4030.0 292.63   0.013719   1.84 238.82 358.31  87824.45
 12.0  4061.0 293.07   0.013991   1.32 273.53 354.69  87856.47
 12.0  4089.0 293.24   0.013653   1.42 282.35 352.45  87966.60
 12.0  4120.0 292.54   0.013369   1.68 227.38 357.59  88065.34
 12.0  4150.0 290.78   0.011008   1.89 224.68 333.08  88288.74
 12.0  4181.0 288.91   0.009589   1.73 218.20 312.93  88415.70
 12.0  4211.0 286.87   0.007970   1.99 220.19 298.86  88469.88
 12.0  4242.0 289.51   0.008146   2.03 273.61 294.56  88276.74
 12.0  4273.0 291.49   0.008256   2.32 316.62 295.82  88416.25
 12.0  4303.0 294.32   0.009253   2.20 347.17 305.82  88209.98
 12.0  4334.0 295.77   0.010634   2.17 346.63 323.45  88050.47
 12.0  4364.0 293.78   0.012876   1.68 308.66 345.55  87943.05
 13.0  4395.0 292.99   0.013294   1.60 291.72 349.19  87801.73
 13.0  4426.0 293.54   0.013241   1.47 293.56 346.73  87818.91
 13.0  4454.0 293.22   0.013176   1.60 281.02 351.17  88022.30
 13.0  4485.0 292.87   0.012837   1.85 257.50 348.06  88144.21
 13.0  4515.0 290.55   0.010868   1.94 221.43 329.78  88395.01
 13.0  4546.0 288.91   0.009967   1.95 199.54 324.92  88549.11
 13.0  4576.0 288.48   0.008319   2.00 251.98 290.82  88504.60
 13.0  4607.0 290.24   0.008751   2.33 270.34 301.20  88403.84
 13.0  4638.0 293.29   0.008681   2.14 325.00 296.38  88107.19
 13.0  4668.0 293.28   0.010028   2.34 322.05 316.04  88151.31
 13.0  4699.0 295.30   0.010222   2.43 349.89 315.50  88116.34
 13.0  4729.0 294.95   0.011422   1.98 339.96 330.70  88032.20
 14.0  4760.0 292.54   0.013428   1.59 272.62 352.20  87906.20
 14.0  4791.0 293.54   0.014101   1.49 247.72 360.41  87833.67
 14.0  4819.0 293.67   0.014419   1.32 257.27 362.38  87966.80
 14.0  4850.0 292.56   0.012279   1.88 252.46 343.49  88236.14
 14.0  4880.0 290.81   0.010084   1.65 263.79 309.30  88278.24
 14.0  4911.0 287.96   0.008668   1.92 226.24 301.74  88526.05
 14.0  4941.0 288.95   0.007902   1.81 259.02 287.66  88475.43
 14.0  4972.0 290.07   0.008150   2.03 283.06 293.63  88391.86
 14.0  5003.0 293.16   0.008991   2.33 320.64 301.52  88224.65
 14.0  5033.0 292.97   0.010322   2.39 306.26 323.08  88235.46
 14.0  5064.0 294.67   0.011031   1.80 324.37 332.85  87897.64
 14.0  5094.0 293.17   0.012525   1.63 320.01 341.07  87900.25
 15.0  5125.0 292.71   0.013345   1.63 302.00 346.22  87948.63
 15.0  5156.0 293.30   0.013929   1.33 235.51 360.53  87927.13
 15.0  5184.0 293.20   0.013341   1.51 271.19 354.63  88130.52
 15.0  5215.0 293.22   0.013126   1.90 255.62 353.76  88288.88
 15.0  5245.0 290.82   0.011599   1.96 203.11 342.30  88486.73
 15.0  5276.0 288.61   0.009256   1.68 236.27 302.22  88565.03
 15.0  5306.0 288.16   0.007946   1.88 250.70 287.76  88556.66
 15.0  5337.0 290.83   0.008367   2.09 288.08 294.49  88379.99
 15.0  5368.0 292.81   0.008887   2.20 328.01 296.70  88212.96
 15.0  5398.0 295.42   0.009589   2.32 347.43 309.09  88043.38
 15.0  5429.0 296.28   0.010304   1.90 349.05 322.73  87978.43
 15.0  5459.0 294.39   0.011944   1.82 337.50 334.87  88027.75
 16.0  5490.0 293.19   0.013389   1.51 316.80 345.65  87917.48
 16.0  5521.0 293.72   0.013915   1.44 269.16 356.97  87956.55
 16.0  5549.0 293.40   0.013922   1.42 233.90 362.20  87987.64
 16.0  5580.0 292.54   0.012729   1.99 232.97 354.44  88241.22
 16.0  5610.0 290.50   0.011380   1.80 224.51 334.38  88413.51
 16.0  5641.0 288.26   0.009507   1.76 213.21 311.39  88472.40
 16.0  5671.0 287.61   0.008644   1.71 225.65 301.84  88456.70
 16.0  5702.0 287.94   0.008188   2.27 233.90 306.06  88573.02
 16.0  5733.0 291.09   0.008757   2.27 304.09 301.02  88361.23
 16.0  5763.0 294.47   0.009586   2.27 340.98 310.05  88143.41
 16.0  5794.0 295.69   0.010570   2.19 346.52 322.83  88071.24
 16.0  5824.0 292.49   0.013086   1.80 274.72 349.18  87836.79
 17.0  5855.0 292.37   0.013519   1.82 227.48 358.46  87734.77
 17.0  5886.0 293.16   0.013902   1.17 262.09 355.51  87831.72
 17.0  5914.0 293.33   0.012882   1.55 282.75 347.54  88001.57
 17.0  5945.0 292.48   0.011212   1.68 282.26 328.93  88213.61
 17.0  5975.0 290.24   0.010964   2.10 196.15 339.76  88444.04
 17.0  6006.0 287.56   0.008567   1.98 217.60 305.01  88533.12
 17.0  6036.0 287.72   0.007202   1.81 266.60 274.67  88438.80
 17.0  6067.0 288.35   0.007185   2.34 282.06 279.88  88555.41
 17.0  6098.0 291.70   0.008843   2.35 311.29 301.96  88313.78
 17.0  6128.0 293.24   0.009859   2.21 318.85 317.89  88161.11
 17.0  6159.0 294.85   0.010514   1.96 343.15 321.49  87996.69
 17.0  6189.0 292.91   0.011703   1.67 335.96 331.79  87950.32
 18.0  6220.0 292.59   0.013376   1.58 283.49 349.74  87916.57
 18.0  6251.0 293.68   0.013955   1.75 264.15 357.88  87812.36
 18.0  6279.0 293.47   0.013161   1.63 294.02 350.07  88062.65
 18.0  6310.0 292.50   0.013060   1.93 228.31 358.21  88221.99
 18.0  6340.0 290.41   0.011269   2.13 195.96 345.56  88490.51
 18.0  6371.0 287.59   0.009294   1.88 193.87 318.36  88653.88
 18.0  6401.0 286.59   0.008405   1.80 222.17 298.48  88656.60
 18.0  6432.0 289.28   0.008572   1.92 281.48 292.76  88473.41
 18.0  6463.0 292.12   0.009109   2.14 312.08 305.97  88344.56
 18.0  6493.0 293.81   0.010222   2.17 320.85 320.35  88127.88
 18.0  6524.0 293.63   0.010240   2.09 340.77 319.44  88011.48
 18.0  6554.0 293.84   0.011765   1.61 330.50 337.25  87833.77
 19.0  6585.0 292.62   0.013786   1.70 237.06 359.28  87743.51
 19.0  6616.0 293.51   0.013957   1.26 283.95 352.73  87803.29
 19.0  6644.0 293.21   0.013576   1.46 261.62 353.06  87989.80
 19.0  6675.0 292.29   0.012657   1.71 240.26 348.65  88150.87
 19.0  6705.0 289.42   0.010608   2.01 196.96 336.01  88375.41
 19.0  6736.0 286.78   0.008885   1.86 192.04 314.53  88560.60
 19.0  6766.0 286.65   0.008289   1.67 228.61 295.54  88453.96
 19.0  6797.0 288.65   0.007991   1.75 278.54 289.76  88376.23
 19.0  6828.0 292.23   0.009240   2.19 303.49 305.46  88194.07
 19.0  6858.0 294.93   0.009504   2.14 347.57 308.07  88087.24
 19.0  6889.0 295.32   0.011233   2.07 344.90 328.83  88019.84
 19.0  6919.0 292.53   0.012823   1.59 309.06 342.50  87985.10
 20.0  6950.0 292.72   0.013497   1.61 262.77 353.61  87790.48
 20.0  6981.0 293.07   0.013673   1.49 253.51 355.38  87859.06
 20.0  7009.0 293.58   0.014127   1.08 296.47 350.22  88026.78
 20.0  7040.0 292.69   0.012658   1.46 250.22 345.73  88220.82
 20.0  7070.0 290.83   0.011100   1.95 217.78 334.29  88374.29
 20.0  7101.0 288.87   0.009744   1.87 207.29 318.67  88541.68
 20.0  7131.0 287.31   0.007576   1.95 254.19 282.17  88558.63
 20.0  7162.0 289.13   0.007912   2.22 267.39 295.19  88584.45
 20.0  7193.0 292.91   0.008859   2.22 313.94 303.50  88305.12
 20.0  7223.0 294.56   0.009093   2.32 348.47 302.31  88194.95
 20.0  7254.0 295.60   0.011221   2.27 337.85 327.88  88090.82
 20.0  7284.0 293.45   0.012746   1.76 329.14 339.23  87902.48
 21.0  7315.0 292.75   0.013408   1.63 300.82 349.22  87939.41
 21.0  7346.0 293.78   0.014450   1.45 259.12 362.13  87893.49
 21.0  7374.0 294.11   0.013947   1.41 293.31 355.28  88017.98
 21.0  7405.0 293.04   0.012641   1.71 247.84 346.31  88189.34
 21.0  7435.0 290.82   0.011467   1.94 201.05 344.18  88409.00
 21.0  7466.0 288.09   0.009276   1.68 226.11 305.05  88559.19
 21.0  7496.0 287.94   0.008470   1.88 243.30 292.93  88447.81
 21.0  7527.0 289.59   0.008155   2.19 271.97 295.84  88500.93
 21.0  7558.0 292.50   0.008270   2.08 322.84 295.89  88294.62
 21.0  7588.0 294.13   0.009609   2.46 341.72 307.76  88184.84
 21.0  7619.0 295.44   0.011059   1.99 342.83 327.30  87975.70
 21.0  7649.0 293.32   0.012499   1.63 320.89 341.41  87897.52
 22.0  7680.0 293.01   0.013647   1.30 277.81 353.18  87794.95
 22.0  7711.0 293.43   0.014428   1.04 256.39 358.59  87864.17
 22.0  7739.0 293.30   0.013764   1.59 259.39 358.49  87998.89
 22.0  7770.0 292.24   0.012740   1.94 228.32 354.89  88144.72
 22.0  7800.0 290.49   0.011051   2.07 201.81 339.34  88489.46
 22.0  7831.0 288.66   0.009440   1.76 215.78 311.12  88554.21
 22.0  7861.0 287.75   0.007550   1.71 261.56 280.10  88460.09
 22.0  7892.0 290.06   0.008055   2.12 295.28 285.35  88371.58
 22.0  7923.0 291.76   0.008826   2.24 314.35 300.31  88352.02
 22.0  7953.0 295.07   0.010389   2.33 338.66 316.94  88114.31
 22.0  7984.0 295.82   0.010544   2.23 349.23 320.73  88077.47
 22.0  8014.0 295.30   0.010895   2.18 349.82 323.47  88066.51
 23.0  8045.0 294.40   0.012058   1.85 332.59 336.64  87866.38
 23.0  8076.0 293.66   0.013066   1.64 309.20 348.04  87889.19
 23.0  8104.0 293.05   0.013658   1.39 285.92 352.61  87998.85
 23.0  8135.0 292.72   0.012891   1.71 274.03 343.55  88175.15
 23.0  8165.0 290.12   0.010174   1.98 241.18 318.49  88448.12
 23.0  8196.0 288.41   0.009174   1.91 222.57 309.64  88556.00
 23.0  8226.0 287.47   0.008248   1.98 239.44 293.10  88579.91
 23.0  8257.0 288.33   0.007543   2.21 279.07 284.94  88575.56
 23.0  8288.0 291.20   0.008039   2.36 325.25 289.90  88549.23
 23.0  8318.0 295.14   0.009661   2.40 338.02 313.66  88191.63
 23.0  8349.0 295.86   0.011308   2.07 330.80 333.70  88063.25
 23.0  8379.0 293.59   0.012467   1.63 284.92 348.86  87959.20
 24.0  8410.0 292.63   0.013547   1.54 223.58 359.12  87782.20
 24.0  8441.0 293.10   0.013634   1.31 261.01 353.72  87963.80
 24.0  8469.0 293.53   0.013891   1.49 289.93 353.73  87977.54
 24.0  8500.0 292.60   0.012456   1.93 239.40 351.49  88254.96
 24.0  8530.0 290.83   0.011639   2.07 198.48 345.48  88465.23
 24.0  8561.0 287.97   0.009150   2.00 201.27 314.88  88604.05
 24.0  8591.0 287.64   0.008503   1.95 230.32 300.85  88591.40
 24.0  8622.0 288.63   0.008455   2.14 252.27 301.51  88554.67
 24.0  8653.0 292.32   0.009256   2.44 319.27 300.60  88316.77
 24.0  8683.0 294.32   0.009885   2.24 335.08 311.97  88140.98
 24.0  8714.0 295.22   0.010934   2.31 335.55 324.40  88084.41
 24.0  8744.0 292.82   0.012845   1.66 315.06 342.98  88100.45
 25.0  8775.0 292.56   0.013379   1.75 231.03 357.16  87829.89
 25.0  8806.0 293.80   0.014664   1.50 239.45 364.48  87818.29
 25.0  8834.0 293.38   0.013997   1.43 248.34 360.03  88018.60
 25.0  8865.0 292.27   0.012597   1.78 242.41 349.41  88231.40
 25.0  8895.0 289.78   0.010654   1.84 219.85 327.59  88439.62
 25.0  8926.0 287.53   0.008837   1.80 223.21 302.50  88565.77
 25.0  8956.0 287.07   0.007929   1.82 249.17 286.26  88544.21
 25.0  8987.0 290.24   0.008413   1.94 282.25 295.09  88328.50
 25.0  9018.0 291.88   0.008069   2.18 327.66 289.03  88277.53
 25.0  9048.0 294.75   0.009918   2.23 344.04 309.28  88031.92
 25.0  9079.0 295.77   0.009127   2.14 351.76 308.13  87929.98
 25.0  9109.0 293.48   0.012171   1.82 329.21 333.84  87893.41
 26.0  9140.0 293.40   0.012257   1.52 336.94 337.01  87844.95
 26.0  9171.0 293.38   0.014210   1.47 255.48 360.38  87731.02
 26.0  9199.0 293.56   0.014482   1.30 223.88 365.70  87840.10
 26.0  9230.0 292.84   0.013357   1.74 227.12 358.38  88109.10
 26.0  9260.0 290.73   0.011240   1.92 227.28 334.16  88326.28
 26.0  9291.0 288.02   0.008919   1.90 224.25 303.64  88559.72
 26.0  9321.0 286.85   0.007988   1.79 244.10 287.88  88478.62
 26.0  9352.0 289.41   0.007978   2.06 285.69 287.68  88443.45
 26.0  9383.0 292.57   0.009225   2.24 320.27 301.59  88240.23
 26.0  9413.0 294.09   0.009713   2.23 343.73 309.27  88235.10
 26.0  9444.0 295.45   0.010150   2.31 354.28 315.04  87965.37
 26.0  9474.0 293.25   0.012121   1.56 331.94 334.50  87811.88
 27.0  9505.0 292.36   0.013183   1.71 286.99 346.87  87740.09
 27.0  9536.0 293.62   0.012923   1.17 317.12 341.62  87843.62
 27.0  9564.0 293.17   0.012766   1.52 291.56 344.00  88040.79
 27.0  9595.0 292.15   0.012031   1.87 248.89 343.03  88192.21
 27.0  9625.0 290.26   0.011019   2.03 205.03 335.95  88325.67
 27.0  9656.0 286.39   0.008241   1.98 208.59 299.23  88666.34
 27.0  9686.0 287.06   0.007114   2.00 256.94 278.16  88544.42
 27.0  9717.0 289.17   0.008085   2.12 272.80 294.00  88475.40
 27.0  9748.0 291.97   0.008759   2.27 319.46 299.51  88298.29
 27.0  9778.0 294.42   0.009869   2.29 330.60 316.49  88160.42
 27.0  9809.0 295.45   0.010599   1.95 332.64 328.60  87940.74
 27.0  9839.0 292.37   0.013228   1.61 288.70 347.34  87909.20
 28.0  9870.0 292.68   0.013331   1.39 277.83 349.56  87848.47
 28.0  9901.0 293.32   0.013892   1.29 257.49 357.69  87882.51
 28.0  9929.0 293.61   0.014226   1.36 263.17 358.83  87955.05
 28.0  9960.0 292.93   0.012844   1.81 252.07 350.27  88159.70
 28.0  9990.0 291.06   0.011465   1.84 225.14 337.15  88423.08
 28.0 10021.0 287.54   0.008896   1.96 203.61 311.68  88653.35
 28.0 10051.0 287.69   0.007993   1.79 256.29 285.83  88588.76
 28.0 10082.0 289.78   0.008241   2.09 285.23 290.34  88403.65
 28.0 10113.0 292.07   0.008558   2.24 312.93 299.55  88310.38
 28.0 10143.0 294.72   0.010019   2.44 337.12 316.22  88243.57
 28.0 10174.0 295.98   0.011036   2.13 338.65 332.66  88107.84
 28.0 10204.0 293.18   0.012397   1.73 329.81 338.13  88093.62
 29.0 10235.0 293.03   0.012188   1.60 338.38 334.02  88034.02
 29.0 10266.0 292.69   0.013476   1.41 311.65 344.59  88027.80
 29.0 10294.0 293.34   0.013625   1.54 273.03 357.66  88109.81
 29.0 10325.0 293.46   0.013270   1.68 274.04 348.52  88200.25
 29.0 10355.0 291.29   0.011257   1.96 217.43 334.63  88440.89
 29.0 10386.0 288.79   0.008939   1.84 230.96 301.85  88526.52
 29.0 10416.0 288.01   0.008109   2.12 233.15 296.84  88551.80
 29.0 10447.0 290.53   0.008230   2.22 283.02 292.27  88419.27
 29.0 10478.0 292.54   0.009111   2.17 304.45 308.68  88225.33
 29.0 10508.0 294.44   0.009338   2.36 343.66 305.48  88168.56
 29.0 10539.0 295.14   0.010284   2.23 347.67 316.42  87996.22
 29.0 10569.0 294.71   0.011287   1.88 343.14 328.66  87933.20
 30.0 10600.0 292.68   0.013532   1.63 266.49 354.75  87862.86
 30.0 10631.0 292.89   0.013953   1.31 256.29 358.22  87825.47
 30.0 10659.0 293.14   0.012906   1.74 281.84 348.51  88004.00
 30.0 10690.0 291.91   0.012530   1.85 230.37 351.17  88158.80
 30.0 10720.0 289.76   0.010186   1.86 222.85 321.62  88373.51
 30.0 10751.0 287.98   0.008865   1.77 228.18 301.21  88429.32
 30.0 10781.0 288.17   0.008525   1.91 244.19 294.48  88424.23
 30.0 10812.0 289.80   0.008122   2.02 285.65 290.40  88321.66
 30.0 10843.0 291.28   0.009277   2.35 276.00 311.60  88362.16
 30.0 10873.0 293.67   0.009480   2.41 342.29 305.12  88083.28
 30.0 10904.0 295.38   0.010297   1.88 339.41 325.98  87981.43
 30.0 10934.0 292.09   0.012696   1.58 299.22 341.74  87858.80
 31.0 10965.0 292.66   0.013177   1.69 270.84 348.15  87682.95
 31.0 10996.0 292.98   0.013374   1.27 306.45 344.78  87858.99
 31.0 11024.0 292.96   0.013480   1.41 275.78 353.14  87944.75
 31.0 11055.0 291.87   0.012110   1.82 243.12 345.44  88213.00
 31.0 11085.0 290.11   0.010113   1.90 240.85 316.80  88350.83
 31.0 11116.0 288.39   0.009118   1.84 219.92 307.30  88436.45
 31.0 11146.0 287.27   0.008110   2.12 223.55 299.48  88675.68
 31.0 11177.0 289.35   0.007666   2.10 289.55 283.18  88493.82
 31.0 11208.0 291.39   0.008289   2.18 317.16 295.16  88354.67
 31.0 11238.0 293.97   0.008897   2.31 344.45 302.78  88148.30
 31.0 11269.0 295.23   0.010765   2.16 342.59 324.83  87971.77
 31.0 11299.0 292.85   0.012369   1.70 322.43 336.40  87928.55
 32.0 11330.0 292.35   0.013397   1.44 267.98 350.87  87908.66
 32.0 11361.0 292.86   0.013993   1.20 237.18 358.92  87911.29
 32.0 11389.0 293.07   0.013633   1.45 265.64 354.29  88117.14
 32.0 11420.0 292.59   0.012651   1.76 259.15 347.45  88185.20
 32.0 11450.0 290.27   0.011236   2.03 195.39 343.40  88494.02
 32.0 11481.0 287.63   0.009550   1.91 184.28 324.55  88597.62
 32.0 11511.0 286.30   0.008479   1.85 193.43 312.89  88668.59
 32.0 11542.0 289.28   0.008712   1.95 273.06 295.73  88372.94
 32.0 11573.0 292.29   0.008864   2.12 318.70 301.42  88297.69
 32.0 11603.0 295.09   0.009812   2.26 344.30 311.39  88089.04
 32.0 11634.0 296.09   0.010414   2.06 347.97 321.80  87896.67
 32.0 11664.0 292.92   0.012331   1.84 310.65 340.42  87952.77
 33.0 11695.0 292.67   0.013345   1.47 315.34 342.84  87856.23
 33.0 11726.0 292.57   0.013363   1.70 218.23 360.68  87742.91
 33.0 11754.0 293.14   0.013610   1.28 280.35 351.53  87960.78
 33.0 11785.0 292.14   0.011451   1.84 279.82 330.39  88188.43
 33.0 11815.0 289.71   0.009614   1.98 238.28 315.20  88397.23
 33.0 11846.0 288.30   0.008693   1.91 229.96 302.12  88518.37
 33.0 11876.0 287.80   0.007909   2.12 237.08 293.17  88519.94
 33.0 11907.0 290.15   0.008115   2.14 291.38 288.17  88379.27
 33.0 11938.0 292.35   0.008796   2.30 325.13 294.03  88224.04
 33.0 11968.0 294.53   0.009386   2.27 340.13 309.31  88122.74
 33.0 11999.0 294.01   0.011605   1.84 319.31 335.34  87908.62
 33.0 12029.0 292.69   0.012757   1.64 317.59 339.89  87893.16
 34.0 12060.0 292.52   0.013205   1.45 300.58 342.93  87820.61
 34.0 12091.0 293.27   0.013799   1.49 240.76 360.49  87799.34
 34.0 12119.0 293.47   0.013929   1.52 238.79 362.26  87904.02
 34.0 12150.0 292.79   0.012248   1.81 256.68 345.16  88168.83
 34.0 12180.0 289.70   0.010704   2.00 200.85 336.50  88461.86
 34.0 12211.0 287.20   0.008631   1.72 214.17 305.66  88573.14
 34.0 12241.0 286.09   0.007650   2.15 208.16 300.07  88653.84
 34.0 12272.0 288.63   0.007938   2.27 269.99 293.77  88583.59
 34.0 12303.0 292.13   0.008837   2.23 316.27 299.13  88349.67
 34.0 12333.0 293.81   0.009380   2.37 342.04 304.99  88269.22
 34.0 12364.0 294.07   0.010866   2.13 325.86 328.79  88090.09
 34.0 12394.0 293.27   0.012656   1.56 322.86 341.65  87911.09
 35.0 12425.0 292.84   0.013701   1.65 298.64 348.17  87968.33
 35.0 12456.0 293.54   0.013658   1.38 295.37 348.74  87938.59
 35.0 12484.0 293.01   0.013413   1.54 251.92 354.85  87933.70
 35.0 12515.0 292.34   0.011820   1.92 260.50 338.73  88219.20
 35.0 12545.0 290.21   0.011007   2.02 202.25 339.52  88419.08
 35.0 12576.0 286.96   0.008000   1.82 234.25 292.23  88510.24
 35.0 12606.0 288.04   0.008316   1.98 236.74 296.24  88520.77
 35.0 12637.0 289.55   0.007934   1.97 280.20 290.60  88412.48
 35.0 12668.0 292.02   0.008244   2.07 310.72 297.81  88297.03
 35.0 12698.0 295.37   0.009677   2.15 343.72 310.84  88071.21
 35.0 12729.0 295.38   0.010386   2.08 344.43 320.85  87997.16
 35.0 12759.0 293.62   0.012338   1.74 320.78 342.49  88026.52
 36.0 12790.0 292.70   0.013480   1.53 265.29 354.60  87909.53
 36.0 12821.0 292.95   0.013976   1.37 211.82 363.51  87906.70
 36.0 12849.0 293.53   0.013901   1.38 290.14 353.33  88033.28
 36.0 12880.0 292.90   0.012660   1.65 253.24 347.82  88199.45
 36.0 12910.0 289.92   0.011071   1.98 195.37 340.26  88405.48
 36.0 12941.0 286.86   0.008355   1.79 222.57 296.53  88639.50
 36.0 12971.0 286.40   0.007570   1.90 239.19 288.47  88619.38
 36.0 13002.0 289.33   0.007860   2.10 290.05 285.90  88437.16
 36.0 13033.0 292.31   0.008330   2.15 320.67 295.85  88204.70
 36.0 13063.0 294.77   0.009739   2.28 349.71 307.93  88122.26
 36.0 13094.0 295.87   0.010740   2.31 352.64 322.28  88103.01
 36.0 13124.0 293.09   0.013057   1.82 297.40 347.08  87949.30
 37.0 13155.0 292.92   0.013666   1.43 279.97 350.06  87920.60
 37.0 13186.0 293.58   0.014260   1.57 258.20 360.86  88034.14
 37.0 13214.0 293.39   0.013668   1.55 268.95 356.69  88168.93
 37.0 13245.0 293.22   0.013399   1.79 254.62 354.76  88256.82
 37.0 13275.0 291.70   0.011804   1.94 218.14 341.02  88409.75
 37.0 13306.0 288.77   0.009743   1.86 204.35 318.82  88589.30
 37.0 13336.0 288.32   0.008517   1.91 238.81 299.28  88590.63
 37.0 13367.0 291.27   0.009018   2.09 283.46 300.51  88452.99
 37.0 13398.0 292.84   0.008888   2.21 325.71 297.77  88274.02
 37.0 13428.0 295.00   0.009522   2.22 345.27 308.89  88092.23
 37.0 13459.0 296.47   0.010572   2.28 348.49 323.31  87994.03
 37.0 13489.0 295.85   0.011031   2.15 352.92 325.47  88032.09
 38.0 13520.0 294.32   0.011770   1.62 342.44 335.97  87969.68
 38.0 13551.0 293.24   0.014200   1.68 250.20 363.94  87701.42
 38.0 13579.0 293.69   0.014848   1.42 218.89 369.59  87865.49
 38.0 13610.0 293.20   0.013216   1.68 240.45 354.48  88150.41
 38.0 13640.0 290.74   0.011055   1.97 222.50 333.22  88405.34
 38.0 13671.0 287.20   0.008075   1.78 246.40 285.77  88526.52
 38.0 13701.0 287.96   0.008551   1.79 235.78 297.40  88361.90
 38.0 13732.0 290.10   0.008363   2.19 284.74 292.04  88279.34
 38.0 13763.0 292.35   0.009008   2.10 318.05 300.48  88199.75
 38.0 13793.0 294.72   0.009652   2.27 344.53 308.86  88176.76
 38.0 13824.0 295.63   0.010157   2.32 353.20 314.25  88023.35
 38.0 13854.0 293.79   0.011984   1.75 328.39 338.84  87939.92
 39.0 13885.0 292.33   0.013315   1.50 291.31 348.07  87874.12
 39.0 13916.0 293.35   0.013934   1.57 259.76 357.52  87842.84
 39.0 13944.0 293.26   0.014157   1.37 221.55 363.48  87886.43
 39.0 13975.0 292.16   0.011847   1.96 256.67 338.86  88238.77
 39.0 14005.0 289.88   0.009910   1.81 231.14 320.39  88376.95
 39.0 14036.0 288.49   0.009510   1.85 207.09 317.02  88530.26
 39.0 14066.0 287.50   0.008020   2.07 223.27 303.36  88561.82
 39.0 14097.0 289.69   0.007138   1.78 296.30 279.00  88318.91
 39.0 14128.0 292.10   0.009253   2.33 315.56 300.85  88295.74
 39.0 14158.0 292.96   0.009854   2.20 321.39 316.75  88174.25
 39.0 14189.0 294.21   0.010761   1.99 339.38 327.81  87995.05
 39.0 14219.0 292.56   0.012794   1.69 291.20 347.30  87952.91
 40.0 14250.0 292.31   0.012506   1.55 282.96 343.23  87865.96
 40.0 14281.0 293.27   0.014056   1.13 265.63 354.80  87775.22
 40.0 14309.0 293.43   0.013623   1.46 269.59 352.73  87967.38
 40.0 14340.0 292.87   0.012446   1.53 289.57 334.14  88167.80
 40.0 14370.0 290.10   0.010673   1.88 226.13 326.42  88365.36
 40.0 14401.0 288.13   0.009073   1.84 218.44 307.03  88544.37
 40.0 14431.0 287.46   0.007914   2.08 230.61 296.33  88609.73
 40.0 14462.0 289.39   0.007657   2.11 286.38 284.59  88430.11
 40.0 14493.0 291.77   0.008995   2.29 305.58 304.45  88355.74
 40.0 14523.0 295.16   0.009881   2.36 339.98 314.36  88152.69
 40.0 14554.0 296.06   0.010273   2.34 354.78 319.82  88132.04
 40.0 14584.0 293.79   0.012930   1.56 313.09 347.29  87910.46
 41.0 14615.0 292.65   0.013647   1.43 234.90 358.54  87876.79
 41.0 14646.0 293.48   0.013509   1.47 268.73 352.48  87871.59
 41.0 14674.0 293.44   0.013964   1.37 272.30 358.16  87989.95
 41.0 14705.0 292.49   0.012893   1.81 243.73 352.28  88149.00
 41.0 14735.0 289.85   0.010396   1.84 229.13 322.20  88378.38
 41.0 14766.0 287.81   0.008293   1.57 236.71 291.69  88483.95
 41.0 14796.0 287.51   0.008757   1.98 214.01 310.57  88607.97
 41.0 14827.0 290.27   0.008360   2.04 285.26 293.20  88412.29
 41.0 14858.0 293.11   0.009206   2.29 326.69 299.39  88291.67
 41.0 14888.0 295.18   0.009890   2.12 342.85 314.10  88036.77
 41.0 14919.0 295.30   0.010377   2.36 350.53 316.45  88047.57
 41.0 14949.0 293.77   0.012371   1.58 327.14 339.12  87956.62
 42.0 14980.0 293.02   0.013828   1.76 235.05 361.07  87785.62
 42.0 15011.0 293.31   0.014059   1.16 254.81 358.22  87904.88
 42.0 15039.0 292.72   0.014239   1.23 162.92 369.36  87757.02
 42.0 15070.0 292.73   0.013122   1.60 248.95 350.05  88052.22
 42.0 15100.0 289.95   0.010595   1.96 214.12 331.64  88401.23
 42.0 15131.0 287.80   0.008981   1.75 215.49 308.89  88523.67
 42.0 15161.0 287.25   0.008116   1.75 241.19 293.03  88523.75
 42.0 15192.0 289.49   0.008381   1.95 271.85 297.52  88333.34
 42.0 15223.0 291.88   0.008590   2.13 313.32 298.29  88168.27
 42.0 15253.0 293.83   0.009684   2.36 334.75 311.72  88173.12
 42.0 15284.0 294.73   0.009868   1.96 350.62 314.11  87939.34
 42.0 15314.0 292.32   0.012384   1.68 294.68 340.95  87889.15
 43.0 15345.0 292.23   0.013114   1.73 251.93 353.12  87684.85
 43.0 15376.0 292.44   0.013785   1.47 185.69 363.80  87713.87
 43.0 15404.0 293.22   0.013184   1.49 294.02 347.70  87982.19
 43.0 15435.0 292.42   0.012309   1.85 248.15 345.93  88171.38
 43.0 15465.0 289.58   0.010169   2.04 206.51 328.50  88393.88
 43.0 15496.0 286.85   0.008384   2.04 193.04 311.94  88593.38
 43.0 15526.0 286.65   0.007278   1.95 250.03 281.48  88622.37
 43.0 15557.0 289.41   0.008879   2.09 247.43 307.77  88449.77
 43.0 15588.0 291.81   0.008961   2.32 311.11 300.77  88284.98
 43.0 15618.0 294.21   0.010069   2.18 330.83 316.85  88105.16
 43.0 15649.0 295.14   0.010926   1.92 334.12 333.31  87986.65
 43.0 15679.0 292.91   0.012378   1.73 295.94 342.95  87868.98
 44.0 15710.0 293.39   0.013287   1.70 275.57 352.39  87741.03
 44.0 15741.0 292.93   0.013132   1.56 266.24 351.32  87844.12
 44.0 15769.0 293.38   0.014075   1.39 257.45 359.10  87870.86
 44.0 15800.0 292.91   0.012521   1.93 260.20 346.98  88244.62
 44.0 15830.0 290.48   0.010616   1.84 235.37 323.82  88437.40
 44.0 15861.0 288.53   0.009069   1.82 223.67 305.97  88489.85
 44.0 15891.0 288.04   0.008049   2.07 241.42 293.19  88564.64
 44.0 15922.0 289.01   0.008038   2.26 267.20 295.11  88615.93
 44.0 15953.0 292.13   0.008986   2.13 312.40 302.88  88286.58
 44.0 15983.0 294.89   0.009678   2.19 341.88 310.34  88165.44
 44.0 16014.0 295.11   0.010750   2.10 336.85 324.62  88069.15
 44.0 16044.0 293.23   0.012639   1.69 320.62 340.79  87877.66
 45.0 16075.0 292.85   0.013639   1.57 276.62 354.12  87818.37
 45.0 16106.0 292.90   0.013609   1.55 219.49 360.50  87930.80
 45.0 16134.0 293.14   0.012925   1.69 291.43 347.35  88111.16
 45.0 16165.0 292.23   0.012559   1.85 243.66 349.81  88235.28
 45.0 16195.0 290.10   0.010918   1.93 223.02 333.03  88438.28
 45.0 16226.0 287.19   0.009085   1.96 189.34 318.30  88688.91
 45.0 16256.0 286.62   0.008352   1.86 212.90 302.97  88661.19
 45.0 16287.0 290.06   0.008563   2.00 272.87 297.96  88413.23
 45.0 16318.0 292.12   0.008175   2.23 320.65 293.32  88338.68
 45.0 16348.0 294.43   0.009347   2.45 348.74 304.14  88250.09
 45.0 16379.0 295.86   0.010451   1.99 336.40 327.82  88090.86
 45.0 16409.0 292.79   0.013054   1.75 252.17 354.86  88036.09
 46.0 16440.0 293.66   0.013574   1.52 265.04 354.09  87886.70
 46.0 16471.0 293.82   0.013534   1.39 297.92 351.62  88062.48
 46.0 16499.0 293.40   0.014063   1.31 235.82 363.64  88007.23
 46.0 16530.0 292.53   0.012176   1.97 247.53 344.43  88267.19
 46.0 16560.0 290.07   0.009675   1.83 241.15 315.89  88397.83
 46.0 16591.0 287.14   0.009224   1.75 193.04 320.99  88515.62
 46.0 16621.0 286.38   0.007530   2.05 235.99 289.33  88657.22
 46.0 16652.0 288.20   0.007707   2.16 278.29 285.52  88571.91
 46.0 16683.0 291.53   0.008935   2.34 299.36 303.53  88308.83
 46.0 16713.0 294.53   0.009938   2.30 335.02 316.14  88162.70
 46.0 16744.0 295.05   0.011370   1.82 332.00 333.25  87924.36
 46.0 16774.0 293.29   0.012022   1.67 331.45 336.99  87892.05
 47.0 16805.0 293.14   0.013689   1.39 266.83 354.45  87752.41
 47.0 16836.0 293.68   0.012254   1.51 328.45 336.59  87898.20
 47.0 16864.0 293.19   0.012816   1.60 296.25 342.52  87998.96
 47.0 16895.0 292.41   0.013018   1.83 225.92 357.33  88214.48
 47.0 16925.0 290.60   0.011176   1.99 210.58 337.88  88451.41
 47.0 16956.0 288.53   0.009822   1.85 199.84 320.59  88529.77
 47.0 16986.0 288.04   0.008574   1.75 250.94 292.36  88524.98
 47.0 17017.0 290.06   0.008470   2.06 281.36 294.83  88461.85
 47.0 17048.0 292.26   0.009244   2.42 304.30 307.24  88384.91
 47.0 17078.0 295.10   0.009854   2.08 334.09 320.24  88151.16
 47.0 17109.0 295.47   0.011586   1.77 336.99 337.01  88094.05
 47.0 17139.0 293.05   0.014280   1.71 227.50 364.23  87969.00
 48.0 17170.0 293.09   0.013851   1.52 241.63 359.51  87935.97
 48.0 17201.0 293.29   0.013737   1.52 241.15 358.27  87880.96
 48.0 17229.0 293.47   0.014293   1.52 246.81 363.12  87978.73
 48.0 17260.0 292.93   0.012892   1.86 242.54 352.21  88251.64
 48.0 17290.0 290.94   0.010923   1.98 221.98 332.23  88427.62
 48.0 17321.0 288.60   0.009598   1.87 207.59 315.39  88598.56
 48.0 17351.0 287.94   0.008613   1.88 231.91 298.67  88580.77
 48.0 17382.0 288.90   0.007217   2.03 292.00 279.71  88527.12
 48.0 17413.0 292.83   0.008524   1.84 318.33 300.80  88178.12
 48.0 17443.0 295.16   0.009641   2.30 343.20 311.53  88030.29
 48.0 17474.0 295.71   0.011140   1.95 338.92 333.16  88015.73
 48.0 17504.0 293.02   0.013712   1.73 234.27 360.20  87836.58
 49.0 17535.0 293.14   0.013892   1.45 250.12 357.23  87848.04
 49.0 17566.0 292.94   0.014360   1.23 173.91 372.04  87778.52
 49.0 17594.0 293.19   0.014117   1.37 262.12 359.48  87966.54
 49.0 17625.0 292.50   0.012900   1.73 239.12 351.65  88159.28
 49.0 17655.0 290.53   0.010226   1.67 248.62 316.19  88321.88
 49.0 17686.0 287.55   0.008457   1.99 204.93 309.31  88542.77
 49.0 17716.0 287.67   0.008161   1.97 236.73 294.36  88542.05
 49.0 17747.0 289.89   0.008491   1.97 279.85 294.91  88293.08
 49.0 17778.0 292.45   0.009227   2.16 308.52 307.64  88257.20
 49.0 17808.0 294.37   0.010731   2.15 332.60 321.07  88061.62
 49.0 17839.0 293.93   0.010618   1.98 338.34 324.76  88011.01
 49.0 17869.0 292.93   0.013076   1.73 297.63 347.13  87785.98
 50.0 17900.0 292.61   0.013484   1.66 222.74 356.56  87818.25
 50.0 17931.0 293.17   0.013435   1.39 269.35 351.03  87922.53
 50.0 17959.0 293.23   0.014069   1.20 249.37 358.91  87972.50
 50.0 17990.0 292.05   0.011786   2.07 241.41 342.40  88292.35
 50.0 18020.0 290.66   0.010898   1.92 223.72 332.68  88419.02
 50.0 18051.0 287.61   0.008274   1.82 235.61 294.92  88529.16
 50.0 18081.0 288.29   0.007875   2.07 258.39 285.55  88485.62
 50.0 18112.0 291.14   0.008372   2.07 294.47 291.31  88289.14
 50.0 18143.0 293.27   0.008987   2.35 327.12 297.31  88339.83
 50.0 18173.0 293.95   0.010697   2.18 331.21 322.09  88063.06
 50.0 18204.0 295.25   0.010336   2.08 338.05 324.85  88100.98
 50.0 18234.0 293.14   0.013147   1.62 272.70 352.52  88042.16
 51.0 18265.0 293.98   0.013972   1.62 285.66 354.10  87977.09
 51.0 18296.0 294.03   0.014054   1.41 292.50 354.05  88084.34
 51.0 18324.0 293.66   0.013753   1.52 281.80 354.28  88162.49
 51.0 18355.0 293.21   0.013097   1.72 265.23 348.40  88266.95
 51.0 18385.0 290.57   0.011504   2.04 204.35 342.99  88492.78
 51.0 18416.0 289.03   0.009854   1.82 213.85 318.94  88585.72
 51.0 18446.0 287.83   0.008227   1.78 257.81 286.33  88574.12
 51.0 18477.0 290.16   0.008179   2.13 285.50 289.81  88478.65
 51.0 18508.0 292.11   0.009301   2.31 298.62 308.70  88452.37
 51.0 18538.0 294.89   0.010928   2.26 325.72 325.69  88150.59
 51.0 18569.0 295.48   0.010478   2.15 342.66 323.24  88038.16
 51.0 18599.0 294.82   0.011868   1.69 340.80 336.59  87924.40
 52.0 18630.0 293.66   0.013226   1.43 315.86 346.96  87814.59
 52.0 18661.0 293.30   0.013746   1.40 272.65 355.47  87871.70
 52.0 18689.0 293.40   0.014058   1.63 259.12 364.61  88139.55
 52.0 18720.0 293.03   0.012468   1.83 268.64 343.09  88241.56
 52.0 18750.0 290.87   0.010797   1.94 235.56 324.96  88395.15
 52.0 18781.0 288.93   0.009439   2.00 210.98 318.99  88515.50
 52.0 18811.0 287.94   0.008426   2.22 221.16 304.65  88575.95
 52.0 18842.0 290.12   0.008207   2.05 279.77 293.20  88405.84
 52.0 18873.0 292.89   0.008930   2.31 323.60 299.79  88246.93
 52.0 18903.0 295.04   0.009222   2.28 342.65 307.88  88064.08
 52.0 18934.0 296.32   0.010416   2.04 342.68 325.86  88006.52
 52.0 18964.0 293.13   0.013068   1.76 298.80 347.51  87944.73
 53.0 18995.0 292.52   0.013693   1.66 261.24 352.57  87901.38
 53.0 19026.0 293.62   0.013805   1.25 308.05 348.71  87920.95
 53.0 19054.0 293.34   0.013611   1.65 273.50 356.56  88036.38
 53.0 19085.0 292.13   0.011971   1.99 234.70 344.40  88214.01
 53.0 19115.0 288.73   0.009998   1.89 216.18 322.81  88432.55
 53.0 19146.0 286.93   0.008594   1.85 207.74 307.76  88592.95
 53.0 19176.0 286.91   0.008044   1.67 245.91 288.44  88478.13
 53.0 19207.0 288.62   0.007599   2.20 277.48 287.23  88523.25
 53.0 19238.0 292.67   0.008923   2.22 325.60 296.02  88192.70
 53.0 19268.0 294.53   0.010005   2.31 338.64 313.58  88064.91
 53.0 19299.0 295.30   0.010805   2.09 345.80 325.52  88017.12
 53.0 19329.0 293.37   0.012407   1.49 321.81 340.65  87869.42
 54.0 19360.0 292.37   0.013470   1.59 261.47 352.92  87870.55
 54.0 19391.0 293.06   0.013873   1.69 221.34 360.57  87762.28
 54.0 19419.0 293.37   0.014193   1.42 247.41 361.62  87926.45
 54.0 19450.0 292.48   0.012278   1.70 260.70 341.64  88188.38
 54.0 19480.0 288.70   0.009363   2.04 222.95 315.93  88491.59
 54.0 19511.0 286.89   0.007929   1.73 250.62 281.37  88554.53
 54.0 19541.0 286.43   0.007927   1.92 212.54 300.56  88568.36
 54.0 19572.0 289.95   0.008270   2.06 271.76 296.86  88358.07
 54.0 19603.0 291.63   0.008973   2.28 308.79 303.14  88377.36
 54.0 19633.0 294.88   0.009660   2.20 343.90 310.89  88139.16
 54.0 19664.0 295.71   0.009552   2.35 354.77 310.68  88116.81
 54.0 19694.0 294.01   0.011380   1.89 331.21 328.65  88042.05
 55.0 19725.0 292.64   0.013294   1.62 307.92 345.01  87898.21
 55.0 19756.0 293.13   0.012967   1.53 279.37 346.74  87908.94
 55.0 19784.0 293.21   0.013131   1.68 294.73 347.97  88043.49
 55.0 19815.0 292.17   0.012315   1.90 252.08 342.79  88264.69
 55.0 19845.0 290.12   0.010815   2.02 199.75 337.59  88438.30
 55.0 19876.0 287.40   0.008792   1.85 216.70 304.31  88584.94
 55.0 19906.0 288.00   0.008497   2.00 235.52 299.33  88568.39
 55.0 19937.0 289.19   0.008148   2.20 260.64 297.84  88539.74
 55.0 19968.0 291.99   0.008589   2.27 311.96 298.58  88326.81
 55.0 19998.0 294.85   0.010128   2.41 339.58 311.55  88084.14
 55.0 20029.0 295.18   0.010448   1.96 335.52 323.16  87953.60
 55.0 20059.0 292.77   0.012943   1.53 294.53 346.03  87769.36
 56.0 20090.0 293.00   0.012621   1.46 312.00 341.00  87893.58
 56.0 20121.0 293.69   0.014425   1.19 269.00 357.59  87805.87
 56.0 20149.0 293.43   0.013548   1.49 277.35 352.40  88014.48
 56.0 20180.0 291.56   0.011967   2.07 222.88 348.84  88308.73
 56.0 20210.0 289.45   0.010256   2.04 213.41 329.68  88441.69
 56.0 20241.0 287.56   0.008996   1.91 211.63 311.00  88584.94
 56.0 20271.0 287.01   0.007739   1.83 244.55 287.50  88551.32
 56.0 20302.0 290.41   0.008272   1.99 290.65 291.02  88388.96
 56.0 20333.0 291.68   0.008620   2.24 315.44 298.07  88333.99
 56.0 20363.0 294.52   0.009900   2.44 334.00 315.20  88215.84
 56.0 20394.0 295.09   0.011442   1.86 339.32 333.59  88067.34
 56.0 20424.0 294.05   0.012028   1.89 329.00 337.63  87952.05
 57.0 20455.0 292.60   0.013377   1.61 301.50 346.25  87853.24
 57.0 20486.0 293.24   0.014226   1.40 230.07 363.68  87776.84
 57.0 20514.0 293.37   0.013261   1.75 276.49 351.87  88097.45
 57.0 20545.0 292.82   0.012797   1.80 262.40 347.27  88165.01
 57.0 20575.0 290.08   0.010525   1.76 230.03 320.83  88458.52
 57.0 20606.0 287.51   0.008517   1.95 226.01 303.10  88635.63
 57.0 20636.0 287.75   0.007993   1.88 246.97 291.98  88527.15
 57.0 20667.0 289.81   0.008545   2.22 265.91 301.62  88412.65
 57.0 20698.0 292.19   0.009805   2.22 298.23 312.88  88289.80
 57.0 20728.0 294.08   0.009310   2.42 346.10 304.86  88237.16
 57.0 20759.0 295.50   0.010286   2.03 345.24 321.03  88100.52
 57.0 20789.0 293.36   0.012039   1.63 332.78 336.44  87987.31
 58.0 20820.0 292.54   0.013852   1.59 238.65 359.18  87920.25
 58.0 20851.0 293.39   0.013659   1.39 264.87 354.25  88026.30
 58.0 20879.0 293.65   0.014082   1.28 267.56 355.32  88024.16
 58.0 20910.0 291.99   0.011797   1.79 260.99 338.32  88269.02
 58.0 20940.0 289.87   0.010852   2.04 202.48 335.76  88538.24
 58.0 20971.0 287.41   0.008401   1.76 242.56 291.77  88563.09
 58.0 21001.0 288.54   0.008280   1.72 251.67 291.00  88461.03
 58.0 21032.0 288.91   0.008140   2.17 263.32 296.75  88597.79
 58.0 21063.0 292.19   0.009278   2.28 317.62 303.01  88324.17
 58.0 21093.0 294.86   0.009999   2.53 342.22 312.37  88194.26
 58.0 21124.0 295.73   0.010936   2.22 349.61 320.65  88074.01
 58.0 21154.0 294.97   0.012520   1.65 322.89 345.06  87915.34
 59.0 21185.0 293.04   0.013771   1.66 276.43 353.50  87910.87
 59.0 21216.0 293.71   0.014457   1.31 240.92 365.35  87846.27
 59.0 21244.0 293.56   0.013830   1.49 234.32 360.98  87974.34
 59.0 21275.0 292.81   0.012385   2.01 249.81 346.26  88351.87
 59.0 21305.0 290.51   0.010508   1.88 226.45 327.15  88501.99
 59.0 21336.0 287.90   0.008771   1.90 218.36 304.69  88671.59
 59.0 21366.0 287.91   0.008220   2.05 225.06 301.66  88622.93
 59.0 21397.0 290.08   0.007974   1.99 277.39 294.75  88421.77
 59.0 21428.0 292.50   0.009805   2.07 308.43 311.99  88255.00
 59.0 21458.0 294.46   0.009513   2.34 344.69 308.53  88172.30
 59.0 21489.0 295.45   0.010952   2.00 345.22 326.06  87951.72
 59.0 21519.0 294.05   0.012610   1.84 301.50 347.06  87851.04
 60.0 21550.0 293.03   0.013731   1.54 286.63 351.45  87830.73
 60.0 21581.0 292.74   0.014110   1.47 184.03 369.20  87811.56
 60.0 21609.0 293.66   0.014252   1.15 277.92 357.09  88028.82
 60.0 21640.0 292.66   0.012153   1.66 260.39 341.52  88217.54
 60.0 21670.0 289.87   0.010543   1.91 218.77 325.61  88427.98
 60.0 21701.0 287.16   0.008624   1.74 218.95 303.25  88542.35
 60.0 21731.0 287.11   0.007908   2.00 239.89 290.54  88580.47
 60.0 21762.0 288.44   0.007967   2.18 259.76 295.97  88562.18
 60.0 21793.0 292.28   0.009431   2.20 309.60 306.42  88280.82
 60.0 21823.0 294.53   0.009973   2.31 343.65 310.75  88148.63
 60.0 21854.0 295.50   0.009841   2.35 349.47 314.09  88088.27
 60.0 21884.0 294.45   0.011330   1.62 332.84 334.92  87975.38
 61.0 21915.0 292.31   0.013081   1.61 263.84 351.21  87936.18
 61.0 21946.0 293.02   0.013324   1.47 266.28 353.23  87957.66
 61.0 21974.0 293.34   0.013501   1.40 292.26 348.27  88005.91
 61.0 22005.0 293.16   0.013688   1.53 236.43 357.60  87993.87
 61.0 22035.0 290.63   0.010560   1.88 238.44 322.75  88323.80
 61.0 22066.0 287.26   0.008509   1.93 208.04 304.11  88553.57
 61.0 22096.0 286.51   0.007622   2.05 226.80 292.06  88630.28
 61.0 22127.0 289.74   0.008270   2.02 281.28 292.50  88424.96
 61.0 22158.0 292.34   0.009211   2.35 311.13 305.79  88343.36
 61.0 22188.0 295.13   0.009344   2.31 346.50 307.30  88088.03
 61.0 22219.0 294.99   0.011547   2.13 328.89 335.00  88091.24
 61.0 22249.0 293.06   0.012060   1.77 331.03 334.29  88025.47
 62.0 22280.0 292.41   0.013157   1.41 303.76 343.51  87940.14
 62.0 22311.0 293.02   0.013702   1.58 238.15 359.27  87874.80
 62.0 22339.0 293.30   0.013568   1.35 279.92 350.07  87989.16
 62.0 22370.0 293.08   0.012834   1.80 262.52 346.99  88191.65
 62.0 22400.0 289.63   0.009510   1.94 248.08 310.76  88485.23
 62.0 22431.0 287.72   0.008869   1.93 202.04 313.51  88588.27
 62.0 22461.0 289.16   0.008280   1.64 261.96 290.03  88343.87
 62.0 22492.0 290.51   0.008412   2.00 285.68 293.95  88297.53
 62.0 22523.0 291.75   0.008609   2.20 317.37 296.79  88310.50
 62.0 22553.0 294.55   0.009634   2.17 343.11 307.57  88109.04
 62.0 22584.0 295.14   0.010205   2.34 348.44 316.33  88108.52
 62.0 22614.0 293.47   0.012340   1.72 330.31 334.88  88002.66
 63.0 22645.0 292.74   0.013637   1.65 252.21 357.17  87846.59
 63.0 22676.0 293.36   0.013772   1.37 270.18 356.00  87872.20
 63.0 22704.0 293.32   0.014113   1.41 269.42 360.24  88033.44
 63.0 22735.0 291.87   0.012316   1.94 236.29 348.09  88295.12
 63.0 22765.0 290.09   0.010341   1.84 242.39 317.27  88438.99
 63.0 22796.0 287.48   0.008587   1.95 228.58 299.64  88686.94
 63.0 22826.0 288.44   0.008507   1.96 244.02 297.56  88600.79
 63.0 22857.0 290.05   0.007901   2.05 290.92 286.62  88430.43
 63.0 22888.0 292.05   0.008909   2.33 314.83 301.26  88400.59
 63.0 22918.0 295.26   0.009882   2.34 338.93 315.95  88111.69
 63.0 22949.0 295.05   0.010883   2.14 331.26 326.06  88050.17
 63.0 22979.0 292.68   0.013044   1.60 278.36 350.09  87860.31
 64.0 23010.0 293.28   0.012996   1.60 300.40 345.15  87925.50
 64.0 23041.0 293.63   0.013320   1.58 302.86 350.22  87989.51
 64.0 23069.0 293.70   0.014094   1.37 273.11 357.36  88002.98
 64.0 23100.0 292.50   0.012652   2.11 223.24 356.95  88283.66
 64.0 23130.0 290.25   0.011097   1.80 221.75 332.14  88318.11
 64.0 23161.0 287.24   0.008648   1.86 211.74 306.56  88554.82
 64.0 23191.0 287.50   0.008158   1.75 255.37 285.47  88401.02
 64.0 23222.0 290.56   0.008822   1.99 282.69 298.93  88264.63
 64.0 23253.0 291.49   0.008585   2.24 308.96 300.41  88400.57
 64.0 23283.0 294.09   0.009479   2.41 334.49 311.40  88173.91
 64.0 23314.0 295.28   0.010902   2.27 346.94 324.65  87998.09
 64.0 23344.0 293.46   0.012566   1.87 293.41 346.85  87884.41
 65.0 23375.0 292.57   0.013240   1.61 302.91 344.55  87903.19
 65.0 23406.0 293.12   0.013439   1.46 250.39 353.90  87776.09
 65.0 23434.0 293.01   0.014340   1.12 206.20 367.02  87878.84
 65.0 23465.0 292.43   0.012008   1.87 258.82 339.11  88270.52
 65.0 23495.0 289.46   0.009867   1.94 222.58 322.59  88375.02
 65.0 23526.0 287.54   0.008772   1.92 213.54 307.03  88591.74
 65.0 23556.0 287.40   0.007907   2.08 241.51 288.69  88516.74
 65.0 23587.0 289.03   0.007833   2.13 282.20 286.41  88451.17
 65.0 23618.0 290.86   0.008902   2.38 287.16 307.52  88380.08
 65.0 23648.0 293.42   0.009493   2.44 338.06 305.66  88212.45
 65.0 23679.0 295.05   0.009971   2.30 341.23 317.71  88139.64
 65.0 23709.0 293.78   0.011825   1.74 322.22 336.65  88012.68
 66.0 23740.0 292.30   0.013291   1.79 241.02 354.67  87888.45
 66.0 23771.0 293.34   0.014054   1.42 234.89 361.34  87839.53
 66.0 23799.0 292.86   0.013239   1.56 270.82 350.73  88031.66
 66.0 23830.0 292.29   0.012217   1.90 251.29 343.74  88280.70
 66.0 23860.0 289.65   0.010308   2.09 203.36 332.96  88503.98
 66.0 23891.0 288.15   0.009557   1.85 193.36 320.69  88553.03
 66.0 23921.0 286.51   0.007637   1.94 235.86 288.67  88649.77
 66.0 23952.0 289.48   0.008050   2.18 280.97 290.42  88517.70
 66.0 23983.0 292.71   0.009197   2.31 323.43 301.26  88324.60
 66.0 24013.0 294.14   0.009854   2.57 338.77 310.73  88274.71
 66.0 24044.0 295.72   0.010005   2.40 346.57 318.09  88104.39
 66.0 24074.0 294.52   0.011744   1.74 335.11 333.58  87939.98
 67.0 24105.0 292.76   0.012614   1.44 326.19 338.98  87987.73
 67.0 24136.0 292.55   0.013574   1.37 256.63 354.20  87843.73
 67.0 24164.0 293.05   0.013161   1.75 293.26 349.69  88141.41
 67.0 24195.0 292.63   0.012499   1.99 249.60 348.89  88275.30
 67.0 24225.0 289.96   0.010754   1.88 222.13 327.49  88487.33
 67.0 24256.0 287.62   0.009460   2.02 179.86 324.44  88637.70
 67.0 24286.0 286.62   0.007678   1.93 230.12 291.06  88609.59
 67.0 24317.0 289.72   0.008650   2.10 256.80 302.99  88385.25
 67.0 24348.0 292.00   0.008919   2.25 308.60 304.22  88305.62
 67.0 24378.0 294.90   0.009189   2.17 345.41 308.88  88126.91
 67.0 24409.0 295.50   0.010728   2.02 342.00 326.78  88029.74
 67.0 24439.0 293.35   0.012221   1.67 325.55 337.33  87893.46
 68.0 24470.0 292.70   0.013681   1.45 240.81 356.67  87764.95
 68.0 24501.0 293.28   0.014308   1.71 208.55 365.45  87714.09
 68.0 24529.0 292.70   0.012604   1.61 270.54 345.29  87995.42
 68.0 24560.0 292.16   0.011461   1.91 260.44 335.47  88248.02
 68.0 24590.0 289.37   0.009737   1.97 222.97 319.55  88410.71
 68.0 24621.0 287.57   0.008348   1.90 223.21 301.50  88509.11
 68.0 24651.0 286.61   0.006615   2.01 249.19 276.88  88519.23
 68.0 24682.0 289.87   0.008003   2.08 287.31 289.06  88372.90
 68.0 24713.0 293.19   0.009725   2.06 306.51 310.81  88180.28
 68.0 24743.0 294.81   0.009796   2.32 339.29 313.25  88131.45
 68.0 24774.0 295.31   0.010750   2.04 346.75 325.33  87981.57
 68.0 24804.0 293.43   0.011821   1.81 340.67 331.93  87965.67
 69.0 24835.0 292.82   0.013438   1.42 263.02 354.20  87784.53
 69.0 24866.0 293.39   0.013613   1.23 291.48 348.57  87950.37
 69.0 24894.0 293.19   0.013131   1.67 286.50 350.44  88104.66
 69.0 24925.0 292.76   0.012784   1.96 255.92 349.70  88267.50
 69.0 24955.0 291.07   0.011434   1.88 222.20 336.33  88422.27
 69.0 24986.0 287.19   0.008522   1.81 220.93 300.80  88593.05
 69.0 25016.0 287.55   0.008685   2.01 206.30 311.10  88622.55
 69.0 25047.0 289.70   0.008039   2.01 279.03 292.56  88401.30
 69.0 25078.0 292.33   0.008824   2.32 320.06 297.12  88371.06
 69.0 25108.0 294.40   0.009795   2.43 331.08 310.67  88189.40
 69.0 25139.0 295.51   0.009745   2.35 353.32 308.70  88133.54
 69.0 25169.0 295.76   0.011393   2.00 348.47 328.84  88065.35
 70.0 25200.0 293.15   0.013822   1.62 292.00 350.92  87920.71
 70.0 25231.0 293.53   0.013930   1.63 262.10 358.57  87890.94
 70.0 25259.0 293.78   0.013982   1.73 280.93 359.77  88125.40
 70.0 25290.0 292.66   0.013175   1.93 222.53 358.95  88276.50
 70.0 25320.0 290.33   0.011089   2.07 209.00 337.00  88519.19
 70.0 25351.0 287.55   0.008816   1.80 222.42 302.71  88639.95
 70.0 25381.0 288.10   0.008897   1.88 235.86 300.89  88521.28
 70.0 25412.0 289.27   0.008012   2.14 280.02 289.75  88450.38
 70.0 25443.0 292.85   0.008945   2.32 318.17 301.85  88260.07
 70.0 25473.0 294.84   0.009793   2.46 340.10 313.55  88185.00
 70.0 25504.0 294.38   0.011734   2.06 329.99 332.86  88068.29
 70.0 25534.0 293.01   0.012776   1.50 307.66 344.67  87939.05
 71.0 25565.0 291.92   0.013521   1.73 167.55 365.46  87710.52
 71.0 25596.0 293.29   0.013937   1.41 248.23 358.37  87803.44
 71.0 25624.0 293.09   0.013964   1.59 220.03 364.08  87889.94
 71.0 25655.0 292.70   0.012430   1.75 251.22 346.06  88112.12
 71.0 25685.0 289.80   0.010903   2.18 191.64 343.72  88435.27
 71.0 25716.0 286.88   0.009066   1.96 190.01 318.30  88586.35
 71.0 25746.0 287.13   0.008420   1.85 233.23 297.55  88498.11
 71.0 25777.0 288.97   0.008398   2.00 277.04 291.88  88423.52
 71.0 25808.0 291.62   0.008955   2.34 295.49 307.70  88390.54
 71.0 25838.0 294.80   0.009940   2.14 334.63 315.73  88150.12
 71.0 25869.0 293.41   0.010923   1.96 317.74 330.18  88086.70
 71.0 25899.0 293.94   0.011502   1.75 341.55 332.06  87916.95
 72.0 25930.0 292.91   0.013251   1.44 316.76 344.41  87852.60
 72.0 25961.0 293.29   0.013410   1.33 267.68 352.22  87943.51
 72.0 25989.0 293.22   0.013742   1.45 280.45 353.56  88056.98
 72.0 26020.0 291.64   0.012299   1.98 220.24 350.10  88318.15
 72.0 26050.0 290.26   0.010323   2.00 236.44 322.57  88470.93
 72.0 26081.0 287.75   0.008893   1.90 208.25 312.17  88528.24
 72.0 26111.0 286.78   0.008058   2.03 223.22 299.67  88668.35
 72.0 26142.0 288.97   0.008292   2.18 259.41 299.98  88637.81
 72.0 26173.0 292.28   0.008670   2.11 321.73 298.29  88284.16
 72.0 26203.0 294.24   0.009214   2.36 348.79 302.41  88182.58
 72.0 26234.0 293.73   0.011095   2.11 323.39 330.21  88098.29
 72.0 26264.0 293.73   0.011708   1.88 326.84 333.47  88031.30
 73.0 26295.0 292.71   0.013408   1.49 287.29 349.87  87932.10
 73.0 26326.0 293.58   0.013502   1.54 275.03 352.67  87765.59
 73.0 26354.0 292.92   0.014080   1.33 224.02 364.35  87894.41
 73.0 26385.0 292.05   0.011354   1.86 262.13 331.74  88330.59
 73.0 26415.0 289.48   0.010458   2.02 207.58 332.00  88438.55
 73.0 26446.0 287.22   0.008790   1.74 218.89 304.01  88550.70
 73.0 26476.0 287.05   0.007896   1.91 239.35 290.76  88543.20
 73.0 26507.0 290.96   0.008385   2.03 284.91 294.86  88249.54
 73.0 26538.0 292.69   0.008857   2.23 324.32 295.94  88258.70
 73.0 26568.0 294.27   0.009220   2.41 352.10 298.44  88128.50
 73.0 26599.0 295.64   0.009532   2.27 356.20 308.65  88078.65
 73.0 26629.0 294.98   0.011176   2.01 329.01 330.61  88101.49
 74.0 26660.0 292.87   0.013195   1.65 288.39 349.68  87904.69
 74.0 26691.0 293.20   0.014060   1.24 260.43 357.99  87839.86
 74.0 26719.0 293.35   0.013998   1.42 262.74 356.27  88061.16
 74.0 26750.0 292.33   0.012021   1.88 260.42 340.86  88306.06
 74.0 26780.0 289.88   0.010653   2.06 207.24 332.93  88519.81
 74.0 26811.0 288.65   0.009718   1.87 218.45 314.32  88441.16
 74.0 26841.0 287.59   0.007884   1.90 248.58 290.59  88518.58
 74.0 26872.0 289.38   0.007678   2.12 289.55 283.62  88493.77
 74.0 26903.0 292.63   0.008808   2.21 324.21 299.51  88327.97
 74.0 26933.0 294.65   0.009672   2.37 347.40 305.26  88110.31
 74.0 26964.0 295.47   0.010252   2.36 348.24 316.71  88079.04
 74.0 26994.0 294.88   0.011452   2.00 342.67 330.84  88057.20
 75.0 27025.0 292.61   0.013266   1.61 278.98 350.08  87864.55
 75.0 27056.0 293.41   0.013076   1.81 253.03 354.52  87857.50
 75.0 27084.0 293.62   0.013945   1.32 263.69 359.36  87966.45
 75.0 27115.0 292.72   0.012647   1.95 236.95 351.50  88172.78
 75.0 27145.0 290.55   0.011246   2.01 200.54 341.47  88437.34
 75.0 27176.0 288.89   0.009661   1.76 227.70 308.84  88454.00
 75.0 27206.0 287.87   0.008015   1.76 253.49 286.30  88461.89
 75.0 27237.0 289.14   0.007979   2.20 276.89 292.11  88425.04
 75.0 27268.0 292.70   0.009125   2.28 315.90 305.39  88276.00
 75.0 27298.0 293.79   0.009888   2.31 328.96 315.35  88230.45
 75.0 27329.0 295.59   0.010458   2.32 345.45 320.81  87983.61
 75.0 27359.0 293.28   0.012451   1.58 320.09 338.22  87944.02
 76.0 27390.0 292.79   0.013317   1.66 298.23 347.68  87870.04
 76.0 27421.0 293.00   0.013740   1.39 245.98 356.92  87864.62
 76.0 27449.0 293.55   0.014059   1.11 265.40 355.72  87880.98
 76.0 27480.0 292.61   0.012989   1.83 229.33 355.08  88167.74
 76.0 27510.0 290.94   0.011066   1.92 229.89 328.61  88358.55
 76.0 27541.0 287.78   0.008645   1.82 214.85 302.69  88469.10
 76.0 27571.0 288.38   0.008757   1.90 238.35 299.23  88498.35
 76.0 27602.0 290.40   0.008974   2.12 263.67 306.73  88476.29
 76.0 27633.0 292.74   0.009497   2.24 311.90 308.58  88248.41
 76.0 27663.0 295.25   0.009974   2.27 340.99 313.46  88119.89
 76.0 27694.0 296.21   0.010421   2.22 348.81 321.90  88076.88
 76.0 27724.0 293.18   0.012250   1.78 327.83 336.15  87976.21
 77.0 27755.0 293.32   0.013018   1.54 299.08 348.43  87870.95
 77.0 27786.0 293.46   0.013871   1.25 294.84 350.93  87880.44
 77.0 27814.0 293.83   0.014709   1.32 266.20 364.23  87982.99
 77.0 27845.0 292.45   0.013303   1.85 195.27 366.02  88224.85
 77.0 27875.0 289.86   0.010187   1.90 221.45 322.14  88525.20
 77.0 27906.0 288.00   0.008794   1.78 232.84 299.53  88558.75
 77.0 27936.0 286.86   0.007632   1.77 247.39 283.70  88574.98
 77.0 27967.0 290.02   0.008400   2.00 279.38 294.36  88418.49
 77.0 27998.0 293.10   0.009133   2.02 316.67 306.13  88150.46
 77.0 28028.0 295.02   0.009611   2.38 348.73 307.29  88114.42
 77.0 28059.0 295.08   0.010965   2.03 348.42 325.74  88046.33
 77.0 28089.0 293.11   0.012611   1.48 315.99 341.45  87916.12
 78.0 28120.0 292.42   0.012942   1.55 307.73 341.69  87947.38
 78.0 28151.0 293.32   0.013221   1.38 313.30 343.74  87937.06
 78.0 28179.0 293.25   0.013865   1.48 241.93 362.62  88011.39
 78.0 28210.0 293.06   0.013227   1.46 272.23 347.38  88101.07
 78.0 28240.0 290.60   0.010556   1.98 231.72 322.61  88418.35
 78.0 28271.0 287.89   0.008499   1.80 230.69 298.61  88489.52
 78.0 28301.0 287.98   0.008523   2.03 226.69 302.50  88529.25
 78.0 28332.0 290.03   0.008737   2.03 260.48 305.86  88413.81
 78.0 28363.0 292.07   0.008660   2.17 314.80 298.78  88364.49
 78.0 28393.0 295.10   0.009854   2.23 338.25 314.62  88056.31
 78.0 28424.0 295.74   0.010344   2.26 354.48 313.55  87975.21
 78.0 28454.0 294.83   0.011385   1.79 325.83 333.52  87858.65
 79.0 28485.0 292.62   0.013652   1.83 293.41 348.81  87794.87
 79.0 28516.0 293.36   0.013948   1.37 265.24 356.01  87751.04
 79.0 28544.0 292.96   0.013608   1.36 228.20 359.95  87973.33
 79.0 28575.0 292.02   0.012031   1.95 241.10 346.41  88244.92
 79.0 28605.0 288.97   0.010253   2.10 192.50 334.65  88490.55
 79.0 28636.0 287.82   0.009185   1.82 221.15 309.00  88552.87
 79.0 28666.0 287.21   0.008431   1.86 236.13 295.50  88570.35
 79.0 28697.0 289.09   0.008708   2.23 248.14 306.84  88523.83
 79.0 28728.0 291.74   0.008758   2.21 318.02 297.80  88325.13
 79.0 28758.0 294.40   0.010183   2.24 327.12 317.83  88196.14
 79.0 28789.0 295.50   0.010400   1.99 340.13 324.22  88078.03
 79.0 28819.0 292.82   0.012661   1.65 269.36 349.21  87985.81
 80.0 28850.0 293.07   0.014171   1.42 237.26 360.57  87844.70
 80.0 28881.0 293.67   0.014097   1.46 260.27 359.08  87852.06
 80.0 28909.0 293.30   0.013972   1.39 242.12 358.01  87914.80
 80.0 28940.0 292.04   0.011882   1.78 268.64 337.00  88227.20
 80.0 28970.0 290.64   0.011048   2.01 217.13 335.39  88425.50
 80.0 29001.0 286.51   0.007991   1.94 226.90 292.88  88640.82
 80.0 29031.0 288.18   0.007146   1.83 262.31 278.49  88482.27
 80.0 29062.0 289.31   0.008321   2.21 267.00 297.22  88487.63
 80.0 29093.0 291.64   0.008878   2.27 310.85 301.15  88332.30
 80.0 29123.0 293.86   0.009114   2.30 348.87 301.92  88287.20
 80.0 29154.0 295.24   0.009519   2.37 358.04 307.08  88109.48
 80.0 29184.0 294.26   0.011789   1.60 322.07 337.06  88021.98
 81.0 29215.0 292.86   0.013187   2.05 242.21 357.56  87763.51
 81.0 29246.0 292.92   0.013831   1.64 234.57 362.00  87787.55
 81.0 29274.0 293.31   0.012278   1.85 300.25 338.25  88097.84
 81.0 29305.0 292.03   0.012395   2.00 205.85 356.66  88182.09
 81.0 29335.0 290.00   0.010096   1.88 236.74 320.57  88437.58
 81.0 29366.0 287.05   0.008440   1.93 209.30 303.20  88556.25
 81.0 29396.0 286.69   0.007855   2.06 227.56 293.76  88547.98
 81.0 29427.0 290.33   0.008060   1.87 288.87 288.91  88286.84
 81.0 29458.0 291.45   0.008207   2.24 320.29 292.26  88348.97
 81.0 29488.0 294.32   0.009729   2.45 336.81 310.32  88175.96
 81.0 29519.0 295.11   0.010501   1.93 338.82 325.56  87975.71
 81.0 29549.0 292.65   0.012499   1.72 318.71 339.31  87822.05
 82.0 29580.0 292.74   0.013056   1.43 280.85 347.53  87793.71
 82.0 29611.0 293.20   0.014130   1.54 229.22 364.92  87758.84
 82.0 29639.0 292.53   0.013491   1.64 216.01 363.59  88006.79
 82.0 29670.0 291.84   0.011478   1.95 252.54 337.31  88307.15
 82.0 29700.0 288.66   0.009937   2.07 205.12 329.26  88478.11
 82.0 29731.0 287.82   0.008892   1.61 236.32 296.82  88433.88
 82.0 29761.0 287.58   0.007139   1.75 264.07 274.02  88415.55
 82.0 29792.0 288.94   0.008380   2.08 253.96 302.30  88421.25
 82.0 29823.0 292.06   0.009378   2.20 300.53 310.31  88285.53
 82.0 29853.0 294.01   0.009897   2.23 332.06 314.00  88110.36
 82.0 29884.0 295.91   0.010556   1.76 334.70 330.20  88007.01
 82.0 29914.0 293.34   0.012395   1.79 320.97 340.05  87988.99
 83.0 29945.0 293.15   0.014022   1.57 280.18 355.22  87783.06
 83.0 29976.0 294.31   0.014605   1.44 288.78 358.56  87814.43
 83.0 30004.0 293.71   0.013950   1.61 283.44 354.64  87995.30
 83.0 30035.0 292.96   0.012714   1.86 259.09 346.18  88232.80
 83.0 30065.0 290.95   0.011444   2.04 205.77 340.99  88398.63
 83.0 30096.0 288.58   0.009702   1.94 195.32 322.22  88539.20
 83.0 30126.0 287.21   0.008082   1.86 236.20 295.13  88569.67
 83.0 30157.0 289.82   0.008393   2.12 282.40 292.87  88453.86
 83.0 30188.0 292.74   0.008848   2.31 320.99 298.19  88359.93
 83.0 30218.0 294.30   0.009762   2.47 340.54 310.38  88206.41
 83.0 30249.0 295.36   0.011079   2.01 338.14 328.74  87988.05
 83.0 30279.0 294.31   0.011885   1.76 333.11 335.01  87888.02
 84.0 30310.0 292.99   0.013372   1.76 281.77 351.77  87820.83
 84.0 30341.0 293.33   0.013843   1.54 267.68 355.52  87995.88
 84.0 30369.0 293.92   0.013677   1.75 269.82 354.97  87973.54
 84.0 30400.0 293.83   0.013366   1.80 268.20 352.30  88202.91
 84.0 30430.0 290.46   0.010941   1.85 228.02 329.59  88418.25
 84.0 30461.0 288.45   0.009564   1.81 213.57 313.58  88538.68
 84.0 30491.0 288.34   0.008073   1.83 256.11 289.04  88458.06
 84.0 30522.0 291.14   0.008925   2.08 276.33 303.71  88293.30
 84.0 30553.0 293.75   0.009678   2.30 315.56 311.24  88219.87
 84.0 30583.0 293.52   0.010293   2.27 319.79 320.98  88218.34
 84.0 30614.0 295.71   0.010070   2.09 347.30 323.25  88043.95
 84.0 30644.0 293.58   0.012995   1.70 297.90 349.02  87901.18
 85.0 30675.0 292.77   0.013550   1.52 279.51 351.61  87909.73
 85.0 30706.0 293.65   0.013755   1.42 295.12 350.91  87883.72
 85.0 30734.0 293.39   0.014196   1.41 256.95 361.11  87932.29
 85.0 30765.0 293.16   0.013709   1.69 234.10 360.28  88045.36
 85.0 30795.0 290.69   0.010983   1.83 226.64 328.81  88328.20
 85.0 30826.0 288.67   0.009267   1.67 231.92 304.89  88483.09
 85.0 30856.0 287.56   0.008151   2.07 230.93 298.85  88609.09
 85.0 30887.0 290.38   0.008686   2.10 277.90 300.51  88413.50
 85.0 30918.0 293.05   0.009243   2.24 325.61 301.95  88290.62
 85.0 30948.0 295.07   0.009879   2.30 342.49 311.93  88147.02
 85.0 30979.0 296.43   0.010326   2.01 351.30 323.56  88000.48
 85.0 31009.0 293.85   0.012291   1.52 315.89 342.07  87873.48
 86.0 31040.0 293.09   0.013448   1.72 294.85 348.98  87767.11
 86.0 31071.0 292.96   0.013262   1.44 321.38 344.48  88022.20
 86.0 31099.0 293.79   0.013907   1.47 281.18 354.90  88000.61
 86.0 31130.0 292.46   0.011745   1.90 267.45 336.64  88300.65
 86.0 31160.0 290.40   0.010764   2.02 221.76 331.52  88437.74
 86.0 31191.0 287.78   0.008551   1.92 233.45 298.88  88519.87
 86.0 31221.0 287.55   0.007847   2.19 228.96 296.22  88575.20
 86.0 31252.0 290.21   0.008621   2.23 263.78 304.10  88474.94
 86.0 31283.0 292.43   0.009072   2.39 307.01 306.34  88316.62
 86.0 31313.0 294.09   0.009415   2.19 328.91 312.55  88194.23
 86.0 31344.0 294.69   0.011199   2.25 346.78 322.67  88040.73
 86.0 31374.0 294.16   0.010915   1.88 341.39 328.41  87912.41
 87.0 31405.0 292.55   0.012579   1.84 285.69 345.18  87895.47
 87.0 31436.0 292.59   0.013116   1.45 277.68 349.20  87806.53
 87.0 31464.0 293.21   0.013956   1.27 249.16 358.97  87918.84
 87.0 31495.0 292.43   0.011898   1.87 260.86 339.51  88224.23
 87.0 31525.0 289.41   0.009948   1.98 222.22 321.16  88453.75
 87.0 31556.0 288.30   0.009099   1.84 216.39 309.12  88499.80
 87.0 31586.0 287.45   0.008315   2.05 219.23 301.71  88564.81
 87.0 31617.0 289.18   0.007850   2.22 273.10 291.31  88518.66
 87.0 31648.0 292.85   0.009087   2.25 320.31 301.83  88262.44
 87.0 31678.0 294.76   0.009651   2.26 329.93 315.56  88139.13
 87.0 31709.0 295.95   0.009925   2.11 347.43 318.27  88009.47
 87.0 31739.0 294.06   0.012069   1.60 329.22 338.70  87941.49
 88.0 31770.0 292.58   0.013029   1.80 277.97 350.74  87892.15
 88.0 31801.0 292.62   0.013841   1.40 199.28 365.73  87835.45
 88.0 31829.0 292.87   0.014252   1.42 196.45 369.70  87915.35
 88.0 31860.0 292.71   0.012406   1.71 265.79 341.46  88181.87
 88.0 31890.0 290.29   0.010193   1.88 240.90 318.99  88352.98
 88.0 31921.0 287.61   0.008904   1.91 203.37 312.07  88630.37
 88.0 31951.0 286.97   0.007124   2.04 261.59 275.41  88612.09
 88.0 31982.0 290.80   0.008709   1.87 289.88 296.06  88276.88
 88.0 32013.0 293.27   0.008239   1.93 322.43 296.94  88132.49
 88.0 32043.0 294.35   0.009419   2.31 344.71 305.76  88170.91
 88.0 32074.0 294.85   0.011237   1.90 337.27 328.27  88097.52
 88.0 32104.0 293.17   0.012721   1.60 308.79 343.79  87848.14
 89.0 32135.0 293.15   0.013486   1.26 290.61 348.66  87884.01
 89.0 32166.0 294.19   0.013631   1.21 309.42 349.31  87883.84
 89.0 32194.0 293.64   0.013454   1.63 284.53 350.67  88049.73
 89.0 32225.0 292.07   0.012046   2.01 242.30 344.96  88288.69
 89.0 32255.0 291.07   0.011600   1.80 222.28 338.04  88338.50
 89.0 32286.0 289.07   0.009095   1.77 233.32 304.89  88457.63
 89.0 32316.0 287.60   0.007993   2.17 226.66 299.59  88646.92
 89.0 32347.0 290.09   0.008292   2.07 283.86 293.68  88506.30
 89.0 32378.0 292.69   0.008847   2.25 306.73 303.56  88284.65
 89.0 32408.0 294.85   0.009876   2.39 339.79 314.47  88193.02
 89.0 32439.0 295.96   0.010081   2.15 340.78 323.12  88073.30
 89.0 32469.0 295.34   0.012205   1.73 328.70 340.87  87970.50
 90.0 32500.0 293.38   0.013386   1.52 322.04 346.19  87934.89
 90.0 32531.0 293.87   0.014421   1.57 260.37 362.08  87865.88
 90.0 32559.0 293.55   0.013880   1.64 273.78 358.12  88199.12
 90.0 32590.0 293.37   0.013038   1.92 252.69 351.36  88224.26
 90.0 32620.0 291.52   0.011583   1.97 215.57 339.69  88425.73
 90.0 32651.0 289.12   0.009208   1.76 233.95 303.18  88522.44
 90.0 32681.0 289.14   0.008191   2.10 256.83 290.02  88578.47
 90.0 32712.0 290.43   0.008044   2.16 287.70 291.70  88437.34
 90.0 32743.0 293.73   0.009353   2.27 317.86 308.17  88173.00
 90.0 32773.0 294.77   0.010466   2.46 320.02 324.38  88275.08
 90.0 32804.0 294.82   0.011568   2.19 323.75 333.92  88203.84
 90.0 32834.0 293.20   0.012253   1.67 314.92 341.38  88054.97
 91.0 32865.0 293.09   0.013667   1.53 282.23 352.37  87944.16
 91.0 32896.0 293.85   0.014584   1.24 279.52 360.42  87961.85
 91.0 32924.0 294.00   0.014157   1.40 267.87 361.10  88049.58
 91.0 32955.0 293.35   0.012810   1.52 263.52 347.68  88106.41
 91.0 32985.0 289.30   0.010368   2.09 199.75 332.17  88445.84
 91.0 33016.0 287.46   0.008977   1.82 202.75 310.95  88554.33
 91.0 33046.0 287.41   0.008126   1.95 245.02 290.56  88576.79
 91.0 33077.0 289.36   0.008075   1.99 270.34 294.34  88410.86
 91.0 33108.0 292.18   0.008807   2.33 319.16 298.48  88260.70
 91.0 33138.0 294.71   0.009804   2.35 337.46 313.79  88137.50
 91.0 33169.0 294.12   0.011097   2.17 325.21 328.66  88104.47
 91.0 33199.0 293.12   0.011990   1.61 316.37 337.61  87977.92
 92.0 33230.0 292.21   0.013280   1.78 219.83 356.89  87855.40
 92.0 33261.0 293.29   0.013484   1.45 275.14 351.79  87922.98
 92.0 33289.0 292.76   0.013395   1.51 265.11 352.88  88086.02
 92.0 33320.0 292.30   0.012538   1.89 237.74 349.67  88244.73
 92.0 33350.0 290.85   0.011114   1.90 227.51 331.27  88364.94
 92.0 33381.0 288.71   0.008923   1.72 241.11 299.66  88440.05
 92.0 33411.0 287.60   0.007494   1.93 254.50 283.17  88473.75
 92.0 33442.0 290.06   0.007897   2.12 286.68 286.84  88444.71
 92.0 33473.0 291.95   0.009645   2.52 285.98 317.42  88478.44
 92.0 33503.0 295.29   0.010366   2.31 331.76 322.04  88143.48
 92.0 33534.0 295.84   0.011125   2.06 342.89 331.05  88039.21
 92.0 33564.0 293.76   0.012900   1.65 324.72 342.33  87967.02
 93.0 33595.0 293.13   0.013846   1.51 274.08 354.75  87920.25
 93.0 33626.0 294.60   0.014285   1.31 293.55 355.19  87944.90
 93.0 33654.0 294.19   0.013890   1.57 291.85 352.40  88116.42
 93.0 33685.0 293.16   0.012865   1.71 270.52 344.38  88201.34
 93.0 33715.0 290.49   0.010546   1.69 249.97 317.67  88412.50
 93.0 33746.0 289.41   0.009290   1.74 242.37 303.48  88549.82
 93.0 33776.0 288.17   0.007848   2.02 242.50 291.52  88577.52
 93.0 33807.0 290.71   0.008872   2.22 270.99 304.28  88394.79
 93.0 33838.0 292.32   0.008616   2.29 323.05 295.49  88276.05
 93.0 33868.0 294.81   0.009703   2.36 345.14 309.08  88087.11
 93.0 33899.0 296.16   0.009988   2.30 354.56 318.78  88011.44
 93.0 33929.0 293.97   0.012034   1.71 334.34 335.01  87946.89
 94.0 33960.0 292.91   0.013365   1.48 259.54 355.24  87877.64
 94.0 33991.0 293.62   0.013571   1.74 255.67 358.86  87817.23
 94.0 34019.0 293.65   0.014142   1.32 249.98 359.80  87865.39
 94.0 34050.0 291.93   0.011958   1.97 245.60 344.06  88238.25
 94.0 34080.0 289.73   0.010305   1.93 227.78 322.91  88372.23
 94.0 34111.0 286.71   0.008830   1.98 179.26 319.00  88604.05
 94.0 34141.0 286.86   0.008087   1.91 226.08 297.39  88535.74
 94.0 34172.0 288.51   0.008450   2.38 243.52 306.05  88563.68
 94.0 34203.0 292.25   0.009032   2.22 308.91 305.27  88220.35
 94.0 34233.0 294.22   0.009817   2.37 338.20 310.65  88060.07
 94.0 34264.0 294.76   0.010433   2.44 348.00 317.18  88048.86
 94.0 34294.0 293.29   0.011733   1.66 330.96 332.86  87939.71
 95.0 34325.0 292.62   0.012821   1.68 291.11 346.02  87842.55
 95.0 34356.0 293.19   0.013300   1.72 241.51 355.55  87779.98
 95.0 34384.0 293.52   0.014741   0.92 239.25 364.29  87819.69
 95.0 34415.0 292.52   0.012500   2.00 234.68 350.53  88226.81
 95.0 34445.0 290.29   0.010468   1.89 223.39 326.82  88374.12
 95.0 34476.0 287.65   0.008422   1.91 230.22 296.49  88518.63
 95.0 34506.0 287.35   0.007982   2.11 218.70 300.37  88548.41
 95.0 34537.0 289.92   0.007689   2.07 284.71 288.17  88323.12
 95.0 34568.0 291.84   0.008670   2.38 319.93 296.29  88313.31
 95.0 34598.0 294.08   0.009796   2.50 339.66 309.72  88267.65
 95.0 34629.0 295.26   0.010838   1.88 329.61 331.68  88050.71
 95.0 34659.0 292.44   0.012896   1.74 279.92 346.82  87886.95
 96.0 34690.0 293.44   0.014216   1.31 261.80 357.29  87870.76
 96.0 34721.0 293.78   0.013642   1.20 284.11 351.20  87864.89
 96.0 34749.0 293.20   0.012848   1.65 291.77 345.93  88052.53
 96.0 34780.0 292.49   0.012625   1.79 251.50 346.79  88275.46
 96.0 34810.0 290.62   0.011126   1.92 219.24 333.65  88369.53
 96.0 34841.0 288.12   0.008764   1.83 227.23 302.97  88561.41
 96.0 34871.0 287.75   0.007551   1.77 257.98 280.58  88491.98
 96.0 34902.0 289.82   0.007792   2.03 287.01 286.85  88549.32
 96.0 34933.0 292.55   0.008874   2.29 320.57 300.10  88375.48
 96.0 34963.0 295.45   0.009978   2.24 342.28 316.50  88073.08
 96.0 34994.0 295.49   0.011396   1.96 331.72 332.94  88031.15
 96.0 35024.0 293.29   0.012811   1.68 320.56 341.94  88021.52
 97.0 35055.0 293.42   0.013451   1.64 284.87 352.09  87905.23
 97.0 35086.0 293.76   0.014276   1.60 247.93 363.83  87931.30
 97.0 35114.0 293.69   0.013970   1.44 289.67 354.67  88015.91
 97.0 35145.0 292.45   0.012686   1.82 238.58 350.33  88224.15
 97.0 35175.0 290.14   0.011297   1.96 203.18 341.75  88390.37
 97.0 35206.0 287.93   0.009336   1.76 208.78 313.00  88528.46
 97.0 35236.0 286.94   0.008233   1.95 232.23 296.69  88594.11
 97.0 35267.0 288.90   0.008601   2.09 263.80 299.77  88446.87
 97.0 35298.0 292.13   0.009214   2.18 310.56 304.46  88258.20
 97.0 35328.0 294.57   0.009848   2.26 340.14 312.47  88129.09
 97.0 35359.0 295.02   0.010705   1.84 333.32 327.76  88027.76
 97.0 35389.0 293.22   0.011903   1.62 322.20 335.88  87826.29
 98.0 35420.0 292.43   0.012927   1.72 282.05 345.77  87848.28
 98.0 35451.0 293.22   0.013462   1.46 283.49 349.06  87862.34
 98.0 35479.0 293.19   0.012970   1.40 297.00 342.66  88013.70
 98.0 35510.0 291.44   0.011671   1.84 244.58 339.85  88260.74
 98.0 35540.0 290.29   0.011423   1.98 197.34 345.73  88322.29
 98.0 35571.0 287.50   0.008848   1.78 223.95 301.62  88551.56
 98.0 35601.0 287.60   0.007751   1.83 254.55 282.83  88500.32
 98.0 35632.0 289.52   0.008389   2.15 261.64 299.47  88486.54
 98.0 35663.0 290.99   0.008798   2.44 295.18 304.44  88370.08
 98.0 35693.0 294.69   0.010024   2.31 332.48 316.09  88152.80
 98.0 35724.0 294.01   0.011047   2.24 333.45 326.16  88104.46
 98.0 35754.0 293.21   0.012187   1.97 306.82 337.78  87962.48
 99.0 35785.0 292.20   0.013382   1.86 223.37 359.43  87814.59
 99.0 35816.0 292.89   0.013863   1.73 209.76 364.94  87844.14
 99.0 35844.0 293.05   0.013461   1.57 258.13 356.97  88071.05
 99.0 35875.0 293.00   0.012938   1.74 262.25 348.78  88217.24
 99.0 35905.0 291.32   0.010678   1.83 248.99 321.00  88329.98
 99.0 35936.0 288.52   0.009087   1.82 213.85 310.65  88495.57
 99.0 35966.0 287.80   0.007575   1.98 252.71 285.59  88534.01
 99.0 35997.0 289.96   0.008377   2.16 271.56 299.02  88503.98
 99.0 36028.0 291.95   0.008609   2.25 319.98 297.49  88372.40
 99.0 36058.0 295.56   0.010467   2.33 341.43 317.11  88090.02
 99.0 36089.0 295.29   0.010870   2.23 343.09 325.00  88060.88
 99.0 36119.0 293.94   0.011384   1.68 316.15 335.82  87912.64
100.0 36150.0 293.15   0.014005   1.57 278.73 354.91  87763.27
100.0 36181.0 293.08   0.013989   1.69 228.65 362.89  87734.64
100.0 36209.0 293.04   0.014212   1.35 216.91 367.62  87964.66
100.0 36240.0 292.93   0.012880   1.78 256.90 350.40  88217.99
100.0 36270.0 290.39   0.010965   1.80 225.32 331.25  88456.55
100.0 36301.0 288.14   0.009686   1.87 193.11 322.53  88577.51
100.0 36331.0 286.61   0.007838   1.88 238.62 289.36  88592.21
100.0 36362.0 289.33   0.008583   2.17 265.20 299.02  88444.33
100.0 36393.0 291.86   0.008857   2.12 318.61 299.95  88306.12
100.0 36423.0 294.13   0.009664   2.36 343.82 307.33  88170.13
100.0 36454.0 295.84   0.010088   2.30 352.02 318.00  88120.08
100.0 36484.0 293.35   0.013005   1.69 279.10 353.33  87945.60
