  1.0    15.0 292.02   0.012785   3.32 233.67 350.07  89472.27
  1.0    46.0 293.43   0.013792   2.73 280.56 343.82  89521.08
  1.0    74.0 291.08   0.012819   3.33 182.96 358.13  89638.16
  1.0   105.0 290.50   0.011884   3.28 154.25 359.16  89774.47
  1.0   135.0 287.64   0.009639   3.17 150.75 330.38  90019.28
  1.0   166.0 287.04   0.009027   3.43 161.65 320.46  89980.70
  1.0   196.0 287.28   0.008656   3.00 198.00 303.31  89993.77
  1.0   227.0 289.54   0.008754   2.87 264.94 295.00  89887.27
  1.0   258.0 291.69   0.008926   3.24 281.87 305.58  89681.66
  1.0   288.0 291.02   0.009832   3.44 260.78 317.18  89670.81
  1.0   319.0 293.85   0.010653   2.91 277.71 328.96  89417.25
  1.0   349.0 292.59   0.012360   3.45 254.06 345.24  89546.53
  2.0   380.0 291.90   0.012547   3.23 228.60 350.68  89435.15
  2.0   411.0 292.31   0.013205   3.29 256.66 347.05  89502.55
  2.0   439.0 291.59   0.012724   2.96 206.57 350.30  89723.08
  2.0   470.0 289.95   0.011398   3.47 145.11 356.08  89872.03
  2.0   500.0 289.14   0.010429   3.04 178.15 330.51  89923.84
  2.0   531.0 286.67   0.008958   3.23 144.88 326.92  90047.41
  2.0   561.0 287.56   0.008997   2.86 193.87 309.40  89884.72
  2.0   592.0 288.67   0.007826   2.98 256.61 291.01  89887.47
  2.0   623.0 291.77   0.007818   3.28 306.71 293.54  89733.66
  2.0   653.0 295.22   0.008780   3.02 322.84 317.37  89471.39
  2.0   684.0 294.70   0.009981   3.10 280.16 335.52  89459.94
  2.0   714.0 292.35   0.012829   2.86 214.37 357.34  89390.22
  3.0   745.0 292.22   0.013220   2.84 202.26 359.73  89345.20
  3.0   776.0 291.42   0.013395   2.85 186.44 362.14  89440.59
  3.0   804.0 291.63   0.013013   3.19 206.63 353.35  89605.84
  3.0   835.0 288.51   0.010581   4.34 123.12 356.29  89847.31
  3.0   865.0 287.30   0.009388   3.80 146.14 335.80  90084.25
  3.0   896.0 286.20   0.008549   3.27 143.58 324.82  90004.42
  3.0   926.0 284.90   0.007818   3.98 126.84 323.65  90079.63
  3.0   957.0 286.08   0.007773   3.67 208.78 300.67  89983.05
  3.0   988.0 289.36   0.008543   3.38 262.28 301.41  89738.06
  3.0  1018.0 292.90   0.009054   2.90 308.66 308.82  89607.17
  3.0  1049.0 295.32   0.009110   3.26 326.60 322.19  89450.98
  3.0  1079.0 294.60   0.010864   3.41 262.79 345.04  89325.12
  4.0  1110.0 292.47   0.012933   2.89 217.29 355.38  89321.97
  4.0  1141.0 292.18   0.012765   3.12 231.87 351.17  89520.67
  4.0  1169.0 291.39   0.012722   3.44 193.23 358.38  89560.29
  4.0  1200.0 290.02   0.011485   3.16 157.02 350.39  89805.62
  4.0  1230.0 289.02   0.010262   3.16 179.00 328.13  89903.46
  4.0  1261.0 287.54   0.009102   2.82 186.60 307.78  90034.76
  4.0  1291.0 285.86   0.007969   3.56 173.11 306.51  90175.80
  4.0  1322.0 287.87   0.008180   3.08 231.41 298.31  89921.39
  4.0  1353.0 290.48   0.009357   3.20 244.58 312.59  89682.92
  4.0  1383.0 294.29   0.009199   3.17 322.62 310.74  89602.22
  4.0  1414.0 295.47   0.008965   3.41 302.66 328.03  89411.62
  4.0  1444.0 292.64   0.013098   2.59 230.05 351.35  89410.88
  5.0  1475.0 292.89   0.013367   3.44 234.77 355.11  89232.95
  5.0  1506.0 291.57   0.013475   3.40 185.50 364.49  89354.32
  5.0  1534.0 290.61   0.012197   3.15 174.44 357.25  89686.02
  5.0  1565.0 289.24   0.011163   3.85 128.65 359.50  89830.88
  5.0  1595.0 287.36   0.009709   3.78 127.87 345.55  89962.98
  5.0  1626.0 286.47   0.008960   2.75 137.69 325.80  90085.76
  5.0  1656.0 286.11   0.008509   2.70 152.00 318.05  89954.27
  5.0  1687.0 288.32   0.009002   2.89 224.86 304.67  89911.44
  5.0  1718.0 289.43   0.008454   3.62 253.86 307.07  89850.53
  5.0  1748.0 292.07   0.009078   3.13 297.87 309.05  89673.26
  5.0  1779.0 294.55   0.011419   2.75 306.05 330.91  89523.42
  5.0  1809.0 293.28   0.012119   2.95 276.46 337.87  89450.03
  6.0  1840.0 293.17   0.012675   3.19 239.65 352.09  89295.24
  6.0  1871.0 292.36   0.012762   3.37 227.59 353.07  89503.89
  6.0  1899.0 292.49   0.013742   2.54 233.60 352.69  89440.93
  6.0  1930.0 290.03   0.011355   3.45 184.09 342.15  89683.27
  6.0  1960.0 288.56   0.010097   3.33 170.44 331.42  89875.46
  6.0  1991.0 286.96   0.008872   2.98 172.44 314.33  89939.95
  6.0  2021.0 286.01   0.008109   3.25 178.49 304.33  89987.39
  6.0  2052.0 287.19   0.008269   3.40 201.04 308.98  89993.34
  6.0  2083.0 291.93   0.009081   2.89 301.49 296.27  89639.44
  6.0  2113.0 293.78   0.010005   2.96 297.82 316.56  89460.23
  6.0  2144.0 296.01   0.009732   2.85 305.70 328.78  89419.38
  6.0  2174.0 292.64   0.012311   2.98 238.05 347.17  89551.66
  7.0  2205.0 291.96   0.012740   2.83 218.98 350.66  89644.59
  7.0  2236.0 291.93   0.013050   3.85 225.79 353.24  89367.23
  7.0  2264.0 292.00   0.012803   3.03 233.62 344.74  89673.21
  7.0  2295.0 291.14   0.011706   3.24 184.36 346.88  89842.03
  7.0  2325.0 288.88   0.010391   3.54 141.35 340.93  90031.30
  7.0  2356.0 287.13   0.008819   3.18 171.27 314.05  89995.74
  7.0  2386.0 287.20   0.008394   2.80 202.55 298.81  89981.75
  7.0  2417.0 288.64   0.008277   3.02 236.82 298.39  89955.21
  7.0  2448.0 291.68   0.008811   3.10 287.26 302.45  89805.30
  7.0  2478.0 292.76   0.008693   3.17 279.70 314.81  89670.95
  7.0  2509.0 296.76   0.008076   3.31 329.85 322.87  89486.02
  7.0  2539.0 294.17   0.012813   2.82 272.96 346.04  89272.25
  8.0  2570.0 293.24   0.013449   3.09 242.60 353.95  89296.66
  8.0  2601.0 292.69   0.013240   3.19 222.42 354.10  89533.44
  8.0  2629.0 291.77   0.012794   3.17 191.95 355.90  89604.02
  8.0  2660.0 289.62   0.011112   3.55 146.00 351.43  89915.48
  8.0  2690.0 290.02   0.010790   2.51 206.74 317.15  89966.52
  8.0  2721.0 287.21   0.009074   3.63 137.51 329.35  89977.80
  8.0  2751.0 287.04   0.008563   3.27 173.48 316.42  90122.94
  8.0  2782.0 288.09   0.008424   3.55 211.89 306.92  89964.14
  8.0  2813.0 290.03   0.008764   3.40 242.33 311.38  89693.66
  8.0  2843.0 292.73   0.008945   3.74 291.80 313.43  89693.65
  8.0  2874.0 294.44   0.010220   3.01 289.59 328.52  89483.25
  8.0  2904.0 292.66   0.012552   3.37 231.75 349.07  89445.90
  9.0  2935.0 293.01   0.013195   2.66 270.01 344.99  89511.60
  9.0  2966.0 293.28   0.013598   2.90 271.16 346.96  89521.62
  9.0  2994.0 291.82   0.012810   3.27 196.70 357.48  89639.38
  9.0  3025.0 290.67   0.012149   3.22 159.19 355.07  89712.67
  9.0  3055.0 288.80   0.010212   2.99 168.74 330.26  89956.22
  9.0  3086.0 286.82   0.008591   3.18 171.67 312.69  89959.06
  9.0  3116.0 285.12   0.007274   3.64 187.43 296.31  90117.77
  9.0  3147.0 287.41   0.007698   3.42 236.34 290.91  90058.67
  9.0  3178.0 290.50   0.009007   3.27 244.53 311.56  89719.44
  9.0  3208.0 292.85   0.009540   3.17 281.94 316.46  89535.08
  9.0  3239.0 292.93   0.011478   3.32 261.63 336.24  89492.19
  9.0  3269.0 292.72   0.013286   3.11 236.91 350.34  89431.25
 10.0  3300.0 292.64   0.013050   3.81 219.87 353.54  89405.68
 10.0  3331.0 291.97   0.013569   2.95 215.76 356.87  89446.82
 10.0  3359.0 292.60   0.013990   2.80 227.16 351.44  89610.78
 10.0  3390.0 290.64   0.012196   3.40 144.87 359.41  89854.15
 10.0  3420.0 287.79   0.009833   3.75 142.43 336.03  90057.20
 10.0  3451.0 287.33   0.009397   2.73 170.71 316.14  89956.13
 10.0  3481.0 285.96   0.008588   2.94 138.21 323.56  89951.77
 10.0  3512.0 287.58   0.009169   3.25 167.06 322.19  89936.91
 10.0  3543.0 289.81   0.009618   3.06 240.42 310.57  89686.67
 10.0  3573.0 292.42   0.009222   3.26 306.23 304.87  89684.12
 10.0  3604.0 293.16   0.010524   3.40 276.63 329.24  89618.56
 10.0  3634.0 293.13   0.013211   2.89 204.53 359.38  89428.77
 11.0  3665.0 292.75   0.012828   2.96 271.75 340.10  89582.38
 11.0  3696.0 293.14   0.013504   2.97 272.21 344.74  89573.37
 11.0  3724.0 292.18   0.013198   2.94 222.87 350.62  89554.45
 11.0  3755.0 289.35   0.010973   4.12 146.81 351.25  89983.84
 11.0  3785.0 287.77   0.009806   2.82 155.69 327.17  89996.80
 11.0  3816.0 287.00   0.008981   3.09 173.88 313.88  90081.24
 11.0  3846.0 286.91   0.008747   2.87 186.95 304.46  90030.88
 11.0  3877.0 289.70   0.008756   3.15 258.83 294.98  89901.44
 11.0  3908.0 290.32   0.008822   3.35 253.80 308.53  89816.66
 11.0  3938.0 292.35   0.009160   3.37 293.65 312.43  89621.02
 11.0  3969.0 295.54   0.007925   3.37 337.98 317.36  89608.38
 11.0  3999.0 295.63   0.010554   3.21 305.01 337.69  89492.20
 12.0  4030.0 293.08   0.011418   3.65 267.70 343.39  89543.08
 12.0  4061.0 294.54   0.011534   3.22 305.11 335.00  89439.06
 12.0  4089.0 294.70   0.011128   3.45 285.42 336.37  89564.44
 12.0  4120.0 291.53   0.011072   3.58 155.92 351.45  89721.86
 12.0  4150.0 289.58   0.008890   3.61 172.69 327.39  90002.05
 12.0  4181.0 289.61   0.007719   3.52 186.67 315.08  89891.45
 12.0  4211.0 288.11   0.006032   3.93 206.78 296.27  89928.70
 12.0  4242.0 290.05   0.005998   3.65 236.92 297.93  89856.36
 12.0  4273.0 294.14   0.005854   4.05 300.08 297.24  89613.48
 12.0  4303.0 294.94   0.007790   4.15 280.87 322.85  89490.80
 12.0  4334.0 293.79   0.010508   3.29 283.60 331.00  89510.02
 12.0  4364.0 294.15   0.012127   3.18 274.08 345.08  89400.44
 13.0  4395.0 292.42   0.012527   3.46 240.50 350.63  89426.98
 13.0  4426.0 293.39   0.012956   3.24 266.63 347.53  89496.59
 13.0  4454.0 292.32   0.012508   3.29 214.45 351.63  89585.98
 13.0  4485.0 290.22   0.011266   4.00 133.94 359.48  89870.70
 13.0  4515.0 288.22   0.009309   3.80 167.55 327.82  90047.30
 13.0  4546.0 287.17   0.008362   3.52 159.57 318.16  90041.77
 13.0  4576.0 286.83   0.007930   3.46 172.38 311.02  90009.80
 13.0  4607.0 289.89   0.008299   3.05 252.78 296.74  89760.69
 13.0  4638.0 291.59   0.006908   3.85 282.78 298.07  89895.36
 13.0  4668.0 294.52   0.007957   3.83 306.81 315.49  89568.17
 13.0  4699.0 294.12   0.008380   3.65 271.19 326.94  89752.50
 13.0  4729.0 294.03   0.011531   3.11 256.55 347.59  89563.16
 14.0  4760.0 293.55   0.013238   2.87 256.06 350.79  89341.73
 14.0  4791.0 292.55   0.012848   3.56 226.56 354.95  89461.42
 14.0  4819.0 291.92   0.011875   3.36 203.09 349.69  89704.55
 14.0  4850.0 290.87   0.011061   3.04 171.56 347.29  89743.97
 14.0  4880.0 289.83   0.009473   3.03 196.86 319.65  90004.80
 14.0  4911.0 288.52   0.008537   2.69 181.68 312.09  90007.19
 14.0  4941.0 288.15   0.006796   3.25 231.20 286.80  89967.54
 14.0  4972.0 290.71   0.007476   2.94 227.65 308.13  89741.50
 14.0  5003.0 290.73   0.007750   3.89 217.73 318.02  89827.73
 14.0  5033.0 293.84   0.008801   3.58 275.12 324.41  89535.25
 14.0  5064.0 296.09   0.008860   2.66 305.65 327.50  89446.33
 14.0  5094.0 293.40   0.012903   2.88 227.28 356.48  89367.25
 15.0  5125.0 292.62   0.012691   3.33 237.74 352.18  89291.72
 15.0  5156.0 292.65   0.013062   3.50 234.05 355.57  89383.07
 15.0  5184.0 293.08   0.014244   2.53 255.71 351.56  89322.52
 15.0  5215.0 289.89   0.011200   4.00 167.87 350.58  89774.33
 15.0  5245.0 287.22   0.009278   3.70 154.19 327.97  89892.71
 15.0  5276.0 286.85   0.008677   3.15 171.93 311.54  89865.05
 15.0  5306.0 285.64   0.007671   3.58 197.52 296.98  89989.17
 15.0  5337.0 287.33   0.007909   3.25 225.29 295.04  89901.07
 15.0  5368.0 288.29   0.008363   3.51 213.08 315.58  89753.87
 15.0  5398.0 291.54   0.009345   2.92 275.55 313.34  89641.55
 15.0  5429.0 294.58   0.008558   3.29 332.53 313.18  89469.30
 15.0  5459.0 293.81   0.011514   3.07 281.42 338.78  89402.39
 16.0  5490.0 291.57   0.011855   3.28 239.26 345.38  89453.43
 16.0  5521.0 292.77   0.013149   3.76 219.02 357.94  89209.73
 16.0  5549.0 291.91   0.012375   3.26 223.03 350.41  89656.56
 16.0  5580.0 289.99   0.010959   3.43 161.87 348.30  89834.69
 16.0  5610.0 288.82   0.009966   2.74 160.33 333.66  89881.07
 16.0  5641.0 287.38   0.008763   2.62 179.36 308.07  89856.95
 16.0  5671.0 286.67   0.007780   3.19 195.71 300.32  90010.43
 16.0  5702.0 287.33   0.007762   3.05 202.60 305.21  89877.00
 16.0  5733.0 291.20   0.007924   2.76 286.65 296.28  89766.69
 16.0  5763.0 293.23   0.008304   3.64 292.19 314.00  89566.69
 16.0  5794.0 293.50   0.009171   3.30 299.28 323.14  89628.46
 16.0  5824.0 293.78   0.011284   2.69 249.98 345.04  89423.34
 17.0  5855.0 291.76   0.012455   3.42 208.40 357.56  89445.86
 17.0  5886.0 293.47   0.013744   2.30 281.90 344.34  89490.80
 17.0  5914.0 292.31   0.012982   2.93 241.55 348.96  89644.56
 17.0  5945.0 289.84   0.011380   3.62 130.62 356.88  89943.94
 17.0  5975.0 289.30   0.010408   2.49 190.86 321.64  89912.83
 17.0  6006.0 286.12   0.008711   3.83 121.98 332.84  90168.45
 17.0  6036.0 286.31   0.008212   3.33 178.96 312.14  90061.56
 17.0  6067.0 286.77   0.007753   3.97 214.95 301.28  90091.59
 17.0  6098.0 289.56   0.008257   3.18 267.63 300.80  89861.60
 17.0  6128.0 292.93   0.008328   3.66 331.38 304.54  89648.06
 17.0  6159.0 295.05   0.008348   3.63 310.91 321.22  89573.88
 17.0  6189.0 293.34   0.011977   3.18 246.47 350.93  89468.36
 18.0  6220.0 292.91   0.013403   2.56 260.06 347.88  89260.61
 18.0  6251.0 291.79   0.012659   3.54 231.13 355.07  89542.41
 18.0  6279.0 292.61   0.013220   3.11 248.98 349.69  89474.81
 18.0  6310.0 289.03   0.010523   4.78 145.90 354.66  89930.77
 18.0  6340.0 287.37   0.009492   3.73 134.26 339.90  90055.94
 18.0  6371.0 285.97   0.008602   3.30 132.38 326.67  90030.54
 18.0  6401.0 286.81   0.008604   3.03 187.46 309.45  90017.73
 18.0  6432.0 287.52   0.008489   2.93 205.53 306.70  89938.50
 18.0  6463.0 291.81   0.008263   2.83 314.55 291.67  89746.78
 18.0  6493.0 292.50   0.010023   3.37 278.45 322.57  89596.48
 18.0  6524.0 294.59   0.011834   3.00 283.78 341.77  89509.65
 18.0  6554.0 293.19   0.013333   2.76 256.73 349.94  89450.49
 19.0  6585.0 292.02   0.012877   3.01 220.29 352.10  89402.27
 19.0  6616.0 293.00   0.013785   2.68 277.23 345.25  89526.33
 19.0  6644.0 292.64   0.014080   2.92 222.46 358.53  89371.85
 19.0  6675.0 289.35   0.011146   3.71 127.87 359.19  89814.04
 19.0  6705.0 287.60   0.009844   4.18 115.27 347.85  90052.38
 19.0  6736.0 285.62   0.008296   4.16 144.15 321.18  90099.21
 19.0  6766.0 287.22   0.008714   2.91 211.36 298.78  89957.03
 19.0  6797.0 287.77   0.008784   3.34 192.14 313.09  89983.52
 19.0  6828.0 290.26   0.008938   3.24 264.37 306.07  89717.84
 19.0  6858.0 293.12   0.008658   3.02 320.32 302.48  89594.92
 19.0  6889.0 296.11   0.008721   3.16 328.45 319.91  89471.70
 19.0  6919.0 293.18   0.012791   3.09 256.61 347.76  89484.57
 20.0  6950.0 292.40   0.012911   3.44 246.17 350.65  89375.22
 20.0  6981.0 292.37   0.012415   3.39 262.64 341.81  89499.56
 20.0  7009.0 291.77   0.011999   3.41 233.77 349.62  89585.89
 20.0  7040.0 289.45   0.010551   3.49 161.31 342.69  89773.11
 20.0  7070.0 289.92   0.010154   2.47 216.18 312.21  89838.00
 20.0  7101.0 289.59   0.009028   2.54 238.87 292.23  89791.11
 20.0  7131.0 286.17   0.007967   3.18 164.20 311.57  89985.23
 20.0  7162.0 289.52   0.008759   2.65 226.11 305.43  89722.80
 20.0  7193.0 290.25   0.008675   3.53 231.97 317.45  89749.48
 20.0  7223.0 295.01   0.007582   3.34 325.53 307.89  89534.41
 20.0  7254.0 295.12   0.009706   3.20 300.71 329.73  89393.07
 20.0  7284.0 293.30   0.012634   2.80 253.04 345.21  89411.66
 21.0  7315.0 292.28   0.012991   3.23 214.92 356.08  89239.80
 21.0  7346.0 292.56   0.013395   3.37 232.73 353.67  89391.90
 21.0  7374.0 290.27   0.012301   3.72 148.36 361.85  89730.11
 21.0  7405.0 288.58   0.010283   4.59 157.56 347.37  90043.53
 21.0  7435.0 288.19   0.009828   3.13 173.61 327.70  89936.63
 21.0  7466.0 286.41   0.008722   3.18 159.90 317.49  90051.20
 21.0  7496.0 286.70   0.008774   2.76 141.97 322.02  90022.52
 21.0  7527.0 287.66   0.008706   3.44 194.83 313.21  89894.53
 21.0  7558.0 289.52   0.009252   3.13 240.31 311.36  89740.57
 21.0  7588.0 290.84   0.008736   3.27 296.67 303.61  89840.05
 21.0  7619.0 293.37   0.010411   3.17 278.10 329.19  89555.04
 21.0  7649.0 292.57   0.011782   3.04 235.54 342.34  89543.19
 22.0  7680.0 292.39   0.012547   3.29 242.94 346.94  89487.97
 22.0  7711.0 292.08   0.012419   3.43 235.96 352.78  89601.81
 22.0  7739.0 292.23   0.011766   3.29 217.08 350.33  89681.43
 22.0  7770.0 290.90   0.010662   3.52 170.16 347.71  89853.24
 22.0  7800.0 290.02   0.009781   2.92 194.99 319.45  89891.00
 22.0  7831.0 289.02   0.008642   2.69 212.76 302.88  89952.76
 22.0  7861.0 290.44   0.007469   2.65 246.93 289.77  89861.55
 22.0  7892.0 290.67   0.006753   3.21 234.08 298.57  89877.91
 22.0  7923.0 292.37   0.006759   4.00 273.87 306.58  89770.11
 22.0  7953.0 295.06   0.008400   3.72 301.95 320.52  89600.95
 22.0  7984.0 295.23   0.010357   3.58 285.77 337.59  89434.84
 22.0  8014.0 294.60   0.011790   2.65 269.49 343.71  89524.12
 23.0  8045.0 292.05   0.012990   3.89 191.78 362.54  89497.05
 23.0  8076.0 292.92   0.013354   3.10 241.08 353.63  89548.95
 23.0  8104.0 291.89   0.012857   3.27 183.21 358.49  89727.80
 23.0  8135.0 291.02   0.012270   2.97 162.81 357.61  89782.31
 23.0  8165.0 287.81   0.009808   3.87 138.71 337.33  90093.41
 23.0  8196.0 287.63   0.009370   2.69 174.26 315.80  89979.97
 23.0  8226.0 288.39   0.008976   2.52 241.90 286.86  89860.72
 23.0  8257.0 289.31   0.008789   3.00 231.00 304.60  89869.17
 23.0  8288.0 290.32   0.008641   3.52 257.02 310.17  89881.72
 23.0  8318.0 294.23   0.008439   2.97 322.39 305.94  89633.55
 23.0  8349.0 295.82   0.011000   2.84 293.08 342.25  89487.62
 23.0  8379.0 292.63   0.013070   3.26 229.74 351.81  89474.89
 24.0  8410.0 291.93   0.012923   3.33 235.23 346.79  89436.44
 24.0  8441.0 291.63   0.012256   3.35 228.69 348.67  89627.98
 24.0  8469.0 292.34   0.012800   3.35 234.18 350.14  89547.20
 24.0  8500.0 291.31   0.011922   2.43 186.84 342.61  89792.31
 24.0  8530.0 289.23   0.009829   3.83 187.28 328.14  90031.05
 24.0  8561.0 288.33   0.009012   2.99 193.42 311.09  90047.61
 24.0  8591.0 288.29   0.008621   3.11 191.59 308.96  89955.25
 24.0  8622.0 288.16   0.008133   3.25 211.10 306.04  89858.94
 24.0  8653.0 291.58   0.008217   3.19 280.19 305.53  89794.86
 24.0  8683.0 294.27   0.008103   3.39 296.41 317.77  89702.96
 24.0  8714.0 295.96   0.008107   3.62 308.46 322.90  89522.95
 24.0  8744.0 294.68   0.011223   3.30 274.52 345.47  89529.05
 25.0  8775.0 293.35   0.012128   2.85 260.76 345.74  89523.33
 25.0  8806.0 293.73   0.013252   3.15 271.99 348.44  89415.25
 25.0  8834.0 292.21   0.012385   3.51 212.41 353.36  89660.69
 25.0  8865.0 290.20   0.010526   3.63 147.13 348.47  89882.74
 25.0  8895.0 289.52   0.009543   3.16 178.13 326.19  90021.01
 25.0  8926.0 287.94   0.007773   3.34 191.01 304.16  90057.43
 25.0  8956.0 287.86   0.007519   3.31 190.94 307.11  89988.02
 25.0  8987.0 290.51   0.006726   3.27 267.91 289.29  89832.44
 25.0  9018.0 292.32   0.006899   3.65 263.79 306.37  89795.67
 25.0  9048.0 295.37   0.007076   3.98 315.82 311.82  89729.12
 25.0  9079.0 295.95   0.007735   4.32 314.23 324.15  89625.98
 25.0  9109.0 293.20   0.013224   2.96 237.70 355.61  89449.09
 26.0  9140.0 291.77   0.012812   2.86 199.31 355.60  89539.91
 26.0  9171.0 292.77   0.013450   2.97 247.66 349.70  89519.57
 26.0  9199.0 292.53   0.012852   2.92 254.77 340.00  89693.64
 26.0  9230.0 291.20   0.012295   3.00 169.58 349.29  89860.59
 26.0  9260.0 289.21   0.010270   3.20 176.79 328.86  90052.20
 26.0  9291.0 286.88   0.008926   3.80 140.53 331.63  90053.70
 26.0  9321.0 288.30   0.008919   2.76 215.87 300.78  89889.96
 26.0  9352.0 289.04   0.008418   2.92 223.07 304.65  89878.52
 26.0  9383.0 291.48   0.008471   3.02 284.37 299.92  89771.06
 26.0  9413.0 293.51   0.009015   3.34 275.83 321.75  89651.77
 26.0  9444.0 294.92   0.009236   3.26 268.46 337.12  89595.27
 26.0  9474.0 293.14   0.013444   2.72 236.54 352.83  89419.26
 27.0  9505.0 292.81   0.013636   3.03 218.94 358.00  89467.06
 27.0  9536.0 293.01   0.014072   3.06 241.54 357.01  89431.09
 27.0  9564.0 291.53   0.012706   3.47 182.10 359.66  89745.50
 27.0  9595.0 290.83   0.011979   3.28 156.76 355.01  89891.97
 27.0  9625.0 290.02   0.010419   3.14 216.48 316.37  89937.86
 27.0  9656.0 287.33   0.008695   3.43 175.78 312.10  90098.72
 27.0  9686.0 287.53   0.008584   2.96 180.42 308.56  90009.52
 27.0  9717.0 289.75   0.008881   3.08 234.71 306.48  89877.88
 27.0  9748.0 291.68   0.009105   3.13 268.10 308.91  89707.19
 27.0  9778.0 293.63   0.009144   3.33 309.21 311.88  89669.31
 27.0  9809.0 295.73   0.009992   3.03 290.03 334.42  89372.50
 27.0  9839.0 293.53   0.011726   3.12 266.30 338.59  89504.41
 28.0  9870.0 293.76   0.013703   3.19 269.88 347.23  89489.81
 28.0  9901.0 293.27   0.014058   2.78 229.81 357.36  89424.59
 28.0  9929.0 292.40   0.013560   3.30 198.99 358.38  89596.76
 28.0  9960.0 289.90   0.011388   3.32 162.99 342.11  89822.00
 28.0  9990.0 289.19   0.010419   3.19 181.95 324.05  89966.06
 28.0 10021.0 288.94   0.009583   2.91 212.34 301.51  89942.20
 28.0 10051.0 288.13   0.008651   3.27 207.01 300.73  89975.60
 28.0 10082.0 289.37   0.008464   2.94 251.80 293.23  89893.55
 28.0 10113.0 291.19   0.008161   3.61 281.88 300.53  89807.55
 28.0 10143.0 294.82   0.007526   3.35 328.86 306.28  89703.50
 28.0 10174.0 295.13   0.009701   4.00 276.83 337.41  89454.09
 28.0 10204.0 294.14   0.012127   3.41 291.83 341.64  89509.17
 29.0 10235.0 292.91   0.013006   3.20 241.70 351.87  89403.97
 29.0 10266.0 293.13   0.012954   3.10 248.47 347.45  89590.52
 29.0 10294.0 291.57   0.012484   3.49 179.38 359.40  89702.72
 29.0 10325.0 291.04   0.012037   3.19 159.55 353.84  89798.57
 29.0 10355.0 287.91   0.009095   3.78 164.65 327.74  90046.27
 29.0 10386.0 287.25   0.008383   3.52 198.56 303.27  90015.86
 29.0 10416.0 286.54   0.007921   3.71 189.38 303.55  90136.70
 29.0 10447.0 287.48   0.008151   3.38 184.78 308.84  89935.88
 29.0 10478.0 291.62   0.008903   3.36 265.99 305.30  89628.45
 29.0 10508.0 293.14   0.008034   4.02 299.84 310.57  89759.88
 29.0 10539.0 295.91   0.008137   3.50 307.02 321.05  89524.17
 29.0 10569.0 295.59   0.010051   2.82 304.10 333.60  89670.00
 30.0 10600.0 292.85   0.013103   3.38 233.39 353.84  89368.44
 30.0 10631.0 293.22   0.013328   3.21 265.22 346.87  89461.33
 30.0 10659.0 292.13   0.012000   3.71 207.22 354.37  89665.62
 30.0 10690.0 291.35   0.011292   3.20 179.52 343.33  89710.27
 30.0 10720.0 289.37   0.009822   3.36 151.22 335.26  89964.63
 30.0 10751.0 288.39   0.008520   3.54 190.35 314.56  90002.50
 30.0 10781.0 289.26   0.007845   2.83 225.75 293.53  89854.89
 30.0 10812.0 288.35   0.007331   4.38 193.90 314.94  89982.03
 30.0 10843.0 291.82   0.006723   3.05 260.95 300.79  89679.36
 30.0 10873.0 295.79   0.007712   3.53 309.10 314.91  89415.75
 30.0 10904.0 294.79   0.010437   2.95 305.82 326.18  89553.56
 30.0 10934.0 294.55   0.013149   2.60 262.65 347.33  89360.20
 31.0 10965.0 292.82   0.013331   3.25 236.76 353.81  89364.73
 31.0 10996.0 293.18   0.014082   2.54 236.97 355.29  89289.84
 31.0 11024.0 291.30   0.012880   3.35 186.88 358.95  89606.49
 31.0 11055.0 289.66   0.011364   3.71 132.81 358.55  89986.53
 31.0 11085.0 288.76   0.010400   3.32 152.48 337.79  90061.33
 31.0 11116.0 286.38   0.008819   3.35 142.78 324.46  90084.82
 31.0 11146.0 286.26   0.008633   3.00 164.18 311.29  89970.70
 31.0 11177.0 287.74   0.008881   3.35 182.54 316.39  89968.39
 31.0 11208.0 289.09   0.009002   3.44 234.44 309.64  89790.46
 31.0 11238.0 293.03   0.009694   3.02 296.24 315.18  89608.81
 31.0 11269.0 295.22   0.009913   3.02 306.07 326.03  89559.74
 31.0 11299.0 293.95   0.013293   2.71 260.29 346.18  89453.64
 32.0 11330.0 292.49   0.013131   3.11 222.13 354.47  89488.62
 32.0 11361.0 292.79   0.013462   3.12 232.46 354.10  89420.61
 32.0 11389.0 292.29   0.013289   2.96 221.08 349.46  89489.91
 32.0 11420.0 289.89   0.011388   3.16 140.45 352.01  89842.74
 32.0 11450.0 288.75   0.010152   3.33 178.47 327.11  89980.50
 32.0 11481.0 286.90   0.008750   3.18 178.31 304.93  89948.06
 32.0 11511.0 288.02   0.008585   2.88 208.03 297.23  89881.81
 32.0 11542.0 289.61   0.008185   3.08 261.59 289.33  89818.88
 32.0 11573.0 293.11   0.008346   2.65 314.02 293.27  89651.66
 32.0 11603.0 295.69   0.007356   3.28 331.51 302.97  89549.69
 32.0 11634.0 294.34   0.010255   3.08 255.39 338.64  89475.02
 32.0 11664.0 293.77   0.013017   2.85 286.29 339.10  89344.39
 33.0 11695.0 293.55   0.013735   3.22 254.12 351.56  89211.23
 33.0 11726.0 293.69   0.014187   2.37 262.15 347.54  89405.52
 33.0 11754.0 292.09   0.013396   2.94 183.87 361.16  89641.00
 33.0 11785.0 290.09   0.011869   4.01 131.84 362.18  89862.67
 33.0 11815.0 289.69   0.011193   2.55 177.32 327.57  89878.37
 33.0 11846.0 287.10   0.009168   3.55 157.55 322.74  90102.61
 33.0 11876.0 286.42   0.008572   3.18 169.61 311.87  90150.98
 33.0 11907.0 288.54   0.008815   3.00 218.89 301.59  89870.85
 33.0 11938.0 290.44   0.009157   3.20 249.14 309.06  89817.34
 33.0 11968.0 292.58   0.009732   3.43 265.17 321.92  89745.78
 33.0 11999.0 293.91   0.012298   3.02 295.03 333.21  89566.55
 33.0 12029.0 292.93   0.013167   3.12 239.08 349.44  89450.11
 34.0 12060.0 293.15   0.014153   2.84 240.27 354.47  89423.30
 34.0 12091.0 293.73   0.014926   2.65 247.19 354.67  89362.42
 34.0 12119.0 291.48   0.012870   3.61 174.85 362.95  89676.27
 34.0 12150.0 290.53   0.012045   3.36 135.76 361.06  89884.46
 34.0 12180.0 288.36   0.010194   3.50 156.13 333.63  90054.40
 34.0 12211.0 285.93   0.008719   3.29 147.94 320.58  90033.23
 34.0 12241.0 284.68   0.007743   3.80 137.89 318.35  90181.67
 34.0 12272.0 286.61   0.008785   3.54 145.36 329.40  90033.22
 34.0 12303.0 289.78   0.009341   3.49 254.76 308.83  89876.91
 34.0 12333.0 291.50   0.009510   3.03 272.89 313.11  89840.87
 34.0 12364.0 295.04   0.009937   3.58 311.40 323.59  89534.88
 34.0 12394.0 293.16   0.013560   3.03 250.52 347.59  89439.34
 35.0 12425.0 294.22   0.012895   2.94 287.07 343.64  89472.11
 35.0 12456.0 292.86   0.013694   3.33 239.70 353.70  89531.16
 35.0 12484.0 292.16   0.013219   3.06 205.82 353.62  89634.25
 35.0 12515.0 290.39   0.012043   3.62 131.46 360.62  89858.58
 35.0 12545.0 288.70   0.010690   3.40 124.36 350.31  89985.56
 35.0 12576.0 287.45   0.009570   3.25 147.51 329.40  90040.23
 35.0 12606.0 286.82   0.008714   3.51 162.60 313.04  90016.78
 35.0 12637.0 288.83   0.009129   3.19 236.54 300.98  89816.24
 35.0 12668.0 290.98   0.008534   3.01 291.62 293.89  89735.81
 35.0 12698.0 293.59   0.009767   3.41 310.01 311.39  89613.15
 35.0 12729.0 296.01   0.007858   3.72 330.80 313.01  89542.25
 35.0 12759.0 292.92   0.012685   3.26 232.17 348.86  89469.39
 36.0 12790.0 293.33   0.013491   2.97 255.65 347.79  89306.95
 36.0 12821.0 292.05   0.013633   3.09 215.73 355.68  89369.48
 36.0 12849.0 291.49   0.012983   3.20 201.82 354.52  89603.35
 36.0 12880.0 289.75   0.011613   3.23 130.42 360.49  89831.06
 36.0 12910.0 288.60   0.010449   2.82 140.32 337.60  89969.83
 36.0 12941.0 287.20   0.009291   2.88 173.94 313.64  90024.07
 36.0 12971.0 285.62   0.008399   3.11 145.27 316.22  90036.21
 36.0 13002.0 286.95   0.008389   3.22 197.36 303.29  89909.48
 36.0 13033.0 290.31   0.009298   3.01 270.68 300.61  89705.95
 36.0 13063.0 293.22   0.011133   2.75 286.29 319.44  89556.27
 36.0 13094.0 294.68   0.011833   2.87 317.30 322.88  89483.02
 36.0 13124.0 293.07   0.012968   3.07 234.90 351.52  89449.47
 37.0 13155.0 292.70   0.013648   2.96 227.44 355.22  89404.73
 37.0 13186.0 292.17   0.013692   3.23 222.31 358.19  89549.69
 37.0 13214.0 291.88   0.013219   2.97 196.47 356.20  89720.95
 37.0 13245.0 290.74   0.012132   2.86 163.95 352.61  89761.78
 37.0 13275.0 288.80   0.010556   3.28 148.30 339.99  90035.44
 37.0 13306.0 286.79   0.009033   3.07 152.59 318.57  90074.04
 37.0 13336.0 286.07   0.008403   3.43 153.82 317.24  90102.92
 37.0 13367.0 288.07   0.008695   3.06 203.69 308.80  89965.12
 37.0 13398.0 289.84   0.009655   3.46 211.28 324.55  89725.09
 37.0 13428.0 292.50   0.009643   3.00 280.18 314.10  89657.64
 37.0 13459.0 294.94   0.008703   3.86 331.23 313.04  89670.24
 37.0 13489.0 296.34   0.009043   3.85 318.82 327.82  89555.22
 38.0 13520.0 293.45   0.012946   3.26 260.09 347.57  89334.55
 38.0 13551.0 293.31   0.013899   2.61 255.51 348.55  89462.20
 38.0 13579.0 291.33   0.012349   3.64 168.77 361.99  89754.42
 38.0 13610.0 290.85   0.011357   3.43 172.53 350.59  89866.30
 38.0 13640.0 289.66   0.010099   3.15 178.84 330.74  89976.92
 38.0 13671.0 288.61   0.009032   2.86 186.97 314.60  89988.28
 38.0 13701.0 288.25   0.007994   2.71 197.68 301.12  89920.89
 38.0 13732.0 288.75   0.007153   3.40 238.21 293.49  89919.64
 38.0 13763.0 293.57   0.006473   3.56 315.06 293.21  89723.22
 38.0 13793.0 295.70   0.006020   4.11 344.93 295.67  89682.71
 38.0 13824.0 296.57   0.008225   3.54 325.16 322.83  89518.34
 38.0 13854.0 293.51   0.011984   3.21 253.02 346.52  89561.03
 39.0 13885.0 293.29   0.012931   2.42 233.54 350.30  89556.27
 39.0 13916.0 292.68   0.012432   3.02 255.17 343.64  89579.19
 39.0 13944.0 292.57   0.012347   3.07 214.09 351.02  89759.16
 39.0 13975.0 292.64   0.011410   3.13 216.43 340.79  89793.68
 39.0 14005.0 290.14   0.009052   3.59 186.15 325.09  89993.98
 39.0 14036.0 288.75   0.008102   3.15 200.50 304.01  90003.11
 39.0 14066.0 287.82   0.006786   3.25 197.55 298.30  90003.94
 39.0 14097.0 293.56   0.005986   2.99 285.85 289.88  89729.21
 39.0 14128.0 294.99   0.005962   3.49 307.47 296.20  89598.59
 39.0 14158.0 295.82   0.007473   4.17 302.26 318.71  89616.30
 39.0 14189.0 294.83   0.011272   3.22 268.66 344.31  89527.83
 39.0 14219.0 292.85   0.012909   2.90 240.05 347.94  89536.00
 40.0 14250.0 292.88   0.013267   3.17 234.50 354.77  89405.44
 40.0 14281.0 292.11   0.013344   3.34 184.06 364.40  89501.11
 40.0 14309.0 291.19   0.012260   3.40 187.66 354.08  89841.14
 40.0 14340.0 290.56   0.011514   3.43 171.79 349.32  89933.89
 40.0 14370.0 289.53   0.010878   3.16 161.07 336.42  89997.03
 40.0 14401.0 286.70   0.008930   3.49 139.37 327.47  90188.59
 40.0 14431.0 288.50   0.009265   2.63 203.00 306.93  89975.67
 40.0 14462.0 290.79   0.008488   2.54 270.69 291.10  89809.66
 40.0 14493.0 292.64   0.008978   2.72 287.92 304.97  89726.83
 40.0 14523.0 293.49   0.010075   3.30 284.12 324.39  89726.14
 40.0 14554.0 295.37   0.009798   2.98 295.41 331.41  89493.02
 40.0 14584.0 293.19   0.013685   2.82 246.97 352.45  89548.19
 41.0 14615.0 292.42   0.012393   3.32 229.84 346.19  89563.83
 41.0 14646.0 291.98   0.012237   3.43 218.19 352.98  89645.97
 41.0 14674.0 292.02   0.012282   3.30 204.05 351.35  89636.70
 41.0 14705.0 291.71   0.011240   3.08 213.73 335.51  89774.01
 41.0 14735.0 290.94   0.009777   2.75 243.08 304.01  89877.55
 41.0 14766.0 288.90   0.007953   3.05 228.24 291.11  90028.88
 41.0 14796.0 288.02   0.007686   3.00 205.98 295.97  90010.94
 41.0 14827.0 291.43   0.007381   2.91 263.46 295.05  89715.02
 41.0 14858.0 293.05   0.006552   3.51 290.11 297.42  89682.91
 41.0 14888.0 293.78   0.008527   3.23 288.83 317.18  89638.98
 41.0 14919.0 296.54   0.007627   4.02 324.94 322.65  89499.01
 41.0 14949.0 295.44   0.010558   3.56 281.41 341.24  89327.20
 42.0 14980.0 292.35   0.011972   3.61 253.20 342.88  89519.39
 42.0 15011.0 292.47   0.012390   3.40 257.52 342.83  89516.48
 42.0 15039.0 292.38   0.013026   2.87 214.83 354.04  89560.69
 42.0 15070.0 289.51   0.011287   3.64 126.89 358.39  89747.88
 42.0 15100.0 288.51   0.009590   3.24 169.04 331.87  89889.37
 42.0 15131.0 287.51   0.008531   3.23 187.48 306.81  89978.52
 42.0 15161.0 285.92   0.007396   3.82 176.91 304.36  90126.66
 42.0 15192.0 288.20   0.007816   3.06 213.60 301.08  89897.39
 42.0 15223.0 291.17   0.007419   3.53 268.23 305.14  89755.45
 42.0 15253.0 293.98   0.008258   3.89 284.64 320.02  89532.80
 42.0 15284.0 296.02   0.008576   3.67 317.77 323.22  89404.44
 42.0 15314.0 294.82   0.012245   2.63 274.49 346.76  89363.16
 43.0 15345.0 292.47   0.013225   2.75 226.07 352.37  89372.09
 43.0 15376.0 291.82   0.012705   3.49 226.22 349.47  89606.34
 43.0 15404.0 291.40   0.012331   3.48 184.83 355.96  89657.38
 43.0 15435.0 289.71   0.011169   3.65 157.26 348.40  89852.83
 43.0 15465.0 288.94   0.010074   3.21 184.41 323.65  90028.77
 43.0 15496.0 287.76   0.009233   3.21 191.94 306.88  89969.44
 43.0 15526.0 286.25   0.008300   3.18 169.23 310.44  89965.09
 43.0 15557.0 289.12   0.008227   3.15 250.79 294.46  89960.00
 43.0 15588.0 291.62   0.008390   2.83 302.33 292.68  89772.38
 43.0 15618.0 294.98   0.007831   3.06 324.22 304.11  89478.78
 43.0 15649.0 294.92   0.009984   3.14 277.82 331.49  89478.38
 43.0 15679.0 291.71   0.012383   3.18 228.95 346.07  89476.16
 44.0 15710.0 291.77   0.012919   3.32 198.17 357.87  89416.70
 44.0 15741.0 291.74   0.013340   2.94 232.75 349.84  89606.69
 44.0 15769.0 291.39   0.012867   2.77 186.30 356.17  89703.30
 44.0 15800.0 289.49   0.011075   3.90 141.02 355.17  89888.00
 44.0 15830.0 289.01   0.010755   3.07 143.76 345.45  90025.38
 44.0 15861.0 286.88   0.009307   2.63 151.85 318.49  90014.28
 44.0 15891.0 286.64   0.008684   3.24 172.94 311.37  90006.45
 44.0 15922.0 289.48   0.009824   2.46 215.61 311.27  89847.48
 44.0 15953.0 291.17   0.009442   3.22 257.45 310.09  89732.09
 44.0 15983.0 294.33   0.008359   3.26 339.40 300.81  89590.14
 44.0 16014.0 296.60   0.010073   3.16 318.66 333.08  89510.37
 44.0 16044.0 292.22   0.012404   3.22 190.79 358.22  89537.98
 45.0 16075.0 292.08   0.012907   3.23 220.76 351.59  89493.97
 45.0 16106.0 293.50   0.013961   2.98 265.92 348.72  89547.75
 45.0 16134.0 292.26   0.013265   2.96 209.43 352.04  89649.95
 45.0 16165.0 290.57   0.011699   3.54 150.22 351.58  89853.55
 45.0 16195.0 288.09   0.009845   3.66 158.53 329.15  90120.75
 45.0 16226.0 287.45   0.009105   3.54 170.45 316.09  90087.47
 45.0 16256.0 286.77   0.008455   3.37 171.72 310.81  90103.02
 45.0 16287.0 288.01   0.009021   3.51 175.95 320.31  89936.80
 45.0 16318.0 291.92   0.009590   2.82 289.71 304.03  89645.94
 45.0 16348.0 294.45   0.008861   3.40 321.47 310.16  89682.55
 45.0 16379.0 294.01   0.010944   3.41 259.00 338.54  89529.59
 45.0 16409.0 293.53   0.012626   3.11 259.60 342.77  89556.17
 46.0 16440.0 292.50   0.012646   3.33 243.55 347.56  89573.70
 46.0 16471.0 292.55   0.013330   3.19 229.69 353.28  89514.89
 46.0 16499.0 291.20   0.012046   3.88 165.24 361.60  89802.44
 46.0 16530.0 290.58   0.010925   4.03 193.90 342.37  89926.69
 46.0 16560.0 290.46   0.010331   3.36 192.49 328.04  89998.22
 46.0 16591.0 288.23   0.009230   3.01 177.35 312.98  89995.36
 46.0 16621.0 288.07   0.008430   3.62 214.39 299.28  89989.27
 46.0 16652.0 290.49   0.008706   3.12 253.25 298.29  89837.98
 46.0 16683.0 294.22   0.008089   3.33 300.17 305.20  89611.06
 46.0 16713.0 294.48   0.008905   3.10 285.26 323.05  89509.00
 46.0 16744.0 293.67   0.010228   3.83 285.58 333.30  89663.70
 46.0 16774.0 292.75   0.013180   2.90 217.04 355.27  89363.74
 47.0 16805.0 291.71   0.012944   3.42 198.66 356.53  89441.24
 47.0 16836.0 292.36   0.013447   2.80 230.99 354.28  89505.95
 47.0 16864.0 292.01   0.013430   3.23 198.82 359.60  89597.80
 47.0 16895.0 290.15   0.011588   3.12 168.32 343.28  89881.52
 47.0 16925.0 288.33   0.009641   4.06 175.20 329.85  90126.59
 47.0 16956.0 286.54   0.009022   3.31 140.62 326.40  90014.80
 47.0 16986.0 285.72   0.008285   4.18 139.99 327.13  90143.02
 47.0 17017.0 288.06   0.008489   3.13 229.99 295.99  89969.58
 47.0 17048.0 290.08   0.008712   3.42 264.08 304.52  89846.25
 47.0 17078.0 293.69   0.008538   2.94 331.72 297.04  89739.48
 47.0 17109.0 295.08   0.009194   3.70 307.12 324.62  89597.16
 47.0 17139.0 294.84   0.010657   3.71 269.94 340.37  89419.33
 48.0 17170.0 292.21   0.012869   3.39 222.34 353.25  89431.36
 48.0 17201.0 293.37   0.013784   3.18 257.49 350.82  89451.67
 48.0 17229.0 291.80   0.013173   3.38 185.13 360.02  89586.08
 48.0 17260.0 290.18   0.011611   3.70 148.35 354.87  89829.94
 48.0 17290.0 288.94   0.010317   3.35 177.57 324.89  89945.23
 48.0 17321.0 287.50   0.009267   3.58 149.22 326.60  89980.97
 48.0 17351.0 286.03   0.008399   3.99 149.53 321.04  90039.03
 48.0 17382.0 287.85   0.007939   3.36 235.37 292.79  89951.83
 48.0 17413.0 292.18   0.008809   2.93 303.68 295.98  89709.62
 48.0 17443.0 294.52   0.008818   3.37 328.25 308.80  89563.82
 48.0 17474.0 293.65   0.011457   3.12 241.60 346.75  89486.00
 48.0 17504.0 292.70   0.013589   2.69 232.68 350.09  89484.19
 49.0 17535.0 291.70   0.013445   2.62 207.45 353.46  89452.89
 49.0 17566.0 291.31   0.013167   3.71 199.88 359.04  89467.48
 49.0 17594.0 292.75   0.014300   2.51 241.65 350.00  89463.75
 49.0 17625.0 290.06   0.011555   3.46 160.88 347.97  89753.14
 49.0 17655.0 289.09   0.010711   2.85 164.72 332.60  89929.95
 49.0 17686.0 286.61   0.008927   3.21 163.62 314.13  89950.00
 49.0 17716.0 285.20   0.007994   3.64 147.33 315.31  90083.59
 49.0 17747.0 288.10   0.008873   3.30 224.57 302.05  89963.81
 49.0 17778.0 289.06   0.009062   3.29 214.37 314.71  89837.08
 49.0 17808.0 292.69   0.009795   2.93 314.37 305.04  89653.80
 49.0 17839.0 294.78   0.010547   3.11 312.10 322.68  89528.13
 49.0 17869.0 294.23   0.010543   3.75 276.43 335.99  89590.16
 50.0 17900.0 292.63   0.013318   3.40 232.90 353.36  89428.84
 50.0 17931.0 292.45   0.012797   3.42 235.78 353.89  89668.86
 50.0 17959.0 292.54   0.012500   3.26 227.24 348.39  89579.79
 50.0 17990.0 290.96   0.011685   3.26 158.34 352.60  89879.69
 50.0 18020.0 290.23   0.010561   2.87 183.56 331.73  89973.70
 50.0 18051.0 287.25   0.008529   3.68 159.70 319.86  90118.64
 50.0 18081.0 286.68   0.008295   3.32 153.60 316.54  90036.26
 50.0 18112.0 287.28   0.008346   3.31 177.14 313.60  89977.45
 50.0 18143.0 291.26   0.007666   3.47 278.35 298.16  89784.50
 50.0 18173.0 293.12   0.011440   3.06 273.46 327.78  89591.90
 50.0 18204.0 295.99   0.011704   2.89 319.50 329.09  89472.02
 50.0 18234.0 292.71   0.013395   3.25 212.52 357.66  89345.94
 51.0 18265.0 292.24   0.012944   2.95 238.10 346.25  89635.58
 51.0 18296.0 294.29   0.014642   2.44 284.63 346.86  89477.41
 51.0 18324.0 291.95   0.013418   3.29 182.88 361.16  89637.86
 51.0 18355.0 290.86   0.012122   2.73 173.04 346.86  89889.78
 51.0 18385.0 289.13   0.010847   3.69 123.90 353.22  90055.25
 51.0 18416.0 287.14   0.009460   3.40 133.62 330.92  90130.98
 51.0 18446.0 287.33   0.008784   3.02 197.49 303.56  90079.86
 51.0 18477.0 288.39   0.008631   3.52 233.28 298.01  89997.59
 51.0 18508.0 293.28   0.009367   2.90 306.62 300.27  89705.38
 51.0 18538.0 294.56   0.010226   3.27 295.94 327.16  89624.95
 51.0 18569.0 294.70   0.010903   2.66 272.67 338.38  89592.02
 51.0 18599.0 293.36   0.013270   2.81 240.64 351.54  89513.03
 52.0 18630.0 292.55   0.013740   2.33 219.30 353.85  89583.48
 52.0 18661.0 292.72   0.014267   3.49 231.50 356.58  89214.02
 52.0 18689.0 292.92   0.014639   2.43 203.29 361.17  89475.36
 52.0 18720.0 290.63   0.012203   3.48 153.06 355.08  89741.49
 52.0 18750.0 286.92   0.009439   4.29 119.31 342.80  90101.62
 52.0 18781.0 287.07   0.009045   3.38 165.75 318.88  90024.59
 52.0 18811.0 287.67   0.009535   2.63 172.08 316.83  90000.32
 52.0 18842.0 290.19   0.009960   2.89 230.78 309.75  89842.06
 52.0 18873.0 290.14   0.009044   3.50 241.95 312.64  89835.53
 52.0 18903.0 293.94   0.009752   2.80 323.70 308.19  89551.36
 52.0 18934.0 296.09   0.010368   2.58 289.07 337.75  89489.41
 52.0 18964.0 292.48   0.013176   2.85 228.18 352.16  89541.91
 53.0 18995.0 293.23   0.013507   2.81 261.07 344.68  89464.27
 53.0 19026.0 292.67   0.013841   3.05 238.96 352.13  89490.75
 53.0 19054.0 292.95   0.013929   2.63 238.20 347.38  89587.02
 53.0 19085.0 289.56   0.011444   3.72 138.91 353.26  89871.34
 53.0 19115.0 289.24   0.010930   2.85 163.14 334.28  89871.36
 53.0 19146.0 288.87   0.010098   2.77 210.78 305.57  90032.34
 53.0 19176.0 288.28   0.009220   3.00 203.05 304.23  89951.78
 53.0 19207.0 289.88   0.008572   3.01 260.35 293.10  89924.20
 53.0 19238.0 292.73   0.009744   3.00 273.84 313.58  89697.19
 53.0 19268.0 294.20   0.009166   3.01 311.60 312.96  89638.02
 53.0 19299.0 295.50   0.010581   2.78 291.22 334.20  89562.47
 53.0 19329.0 294.04   0.013499   2.55 259.97 348.01  89403.65
 54.0 19360.0 292.95   0.013552   2.89 244.69 351.74  89489.93
 54.0 19391.0 292.99   0.013456   3.32 239.88 350.81  89429.67
 54.0 19419.0 291.42   0.012594   3.25 183.61 356.16  89630.09
 54.0 19450.0 290.62   0.011815   2.64 181.67 339.60  89833.23
 54.0 19480.0 289.24   0.010772   3.21 151.19 338.82  90028.54
 54.0 19511.0 287.63   0.009335   3.02 160.02 321.90  90067.51
 54.0 19541.0 285.84   0.008230   3.65 137.65 320.41  89979.38
 54.0 19572.0 287.55   0.008355   3.41 196.29 312.42  89884.66
 54.0 19603.0 291.20   0.008676   3.28 271.05 302.92  89729.89
 54.0 19633.0 293.57   0.008022   3.15 323.14 301.40  89686.82
 54.0 19664.0 294.57   0.010420   3.78 290.47 330.71  89535.55
 54.0 19694.0 294.31   0.012589   3.10 287.11 339.31  89441.91
 55.0 19725.0 295.98   0.010286   3.67 319.97 336.51  89518.09
 55.0 19756.0 294.00   0.013215   3.27 255.68 351.84  89473.78
 55.0 19784.0 292.69   0.012512   3.61 217.95 353.83  89656.05
 55.0 19815.0 292.02   0.011500   3.28 188.97 342.71  89734.09
 55.0 19845.0 291.29   0.009101   3.39 205.53 322.12  89942.03
 55.0 19876.0 290.29   0.008638   3.09 202.61 311.66  89852.06
 55.0 19906.0 289.05   0.007349   3.49 197.38 304.36  89932.95
 55.0 19937.0 288.56   0.008048   3.53 179.78 319.04  89900.45
 55.0 19968.0 291.60   0.006465   4.14 278.51 298.73  89828.24
 55.0 19998.0 294.63   0.008287   3.88 305.15 315.62  89551.16
 55.0 20029.0 293.43   0.011676   3.56 237.63 348.74  89477.58
 55.0 20059.0 293.89   0.013355   3.11 263.26 348.02  89280.57
 56.0 20090.0 293.19   0.013233   3.22 253.20 350.52  89429.07
 56.0 20121.0 293.78   0.014189   2.70 252.55 353.31  89441.16
 56.0 20149.0 292.43   0.013602   3.25 201.25 359.34  89541.53
 56.0 20180.0 290.50   0.012059   3.54 148.02 355.22  89827.83
 56.0 20210.0 289.39   0.010977   3.36 147.68 345.31  90029.50
 56.0 20241.0 287.13   0.009361   3.20 145.01 325.55  89998.47
 56.0 20271.0 286.94   0.008934   2.89 179.82 311.65  89915.70
 56.0 20302.0 287.00   0.008150   3.78 201.47 304.51  89943.25
 56.0 20333.0 289.75   0.008584   3.42 253.00 308.27  89801.80
 56.0 20363.0 294.75   0.008811   2.79 332.54 303.69  89547.95
 56.0 20394.0 293.48   0.012181   2.86 268.54 333.17  89569.63
 56.0 20424.0 292.81   0.013101   3.12 217.74 352.62  89389.23
 57.0 20455.0 292.36   0.013381   3.13 237.06 350.75  89417.88
 57.0 20486.0 292.40   0.014101   2.84 217.76 357.38  89403.70
 57.0 20514.0 292.59   0.014062   3.10 224.21 354.59  89427.62
 57.0 20545.0 289.65   0.011480   3.82 131.89 353.97  89877.06
 57.0 20575.0 289.03   0.010830   2.85 162.94 333.11  89905.02
 57.0 20606.0 287.53   0.009420   2.62 197.40 302.69  89879.95
 57.0 20636.0 286.11   0.008497   3.48 155.01 317.90  90062.41
 57.0 20667.0 288.07   0.009463   2.93 193.27 315.43  89892.89
 57.0 20698.0 292.41   0.009783   2.79 296.94 303.27  89658.06
 57.0 20728.0 295.28   0.008847   3.22 327.92 306.45  89640.70
 57.0 20759.0 293.72   0.010611   3.34 241.28 337.87  89564.31
 57.0 20789.0 294.27   0.013370   2.75 281.20 343.23  89453.03
 58.0 20820.0 293.14   0.013900   2.49 239.55 349.32  89410.51
 58.0 20851.0 294.14   0.014819   2.45 242.06 356.66  89451.78
 58.0 20879.0 291.48   0.012888   3.39 165.39 362.16  89690.98
 58.0 20910.0 291.78   0.012860   3.04 185.61 346.12  89664.38
 58.0 20940.0 288.27   0.010285   4.07 127.11 341.36  90140.72
 58.0 20971.0 286.90   0.009096   3.33 153.41 320.97  90073.47
 58.0 21001.0 286.19   0.008494   3.06 161.74 311.33  90003.70
 58.0 21032.0 287.87   0.009027   3.24 183.69 314.75  90024.36
 58.0 21063.0 291.11   0.008899   3.27 277.52 300.62  89892.66
 58.0 21093.0 292.29   0.009506   3.73 258.21 321.74  89704.30
 58.0 21124.0 294.66   0.011646   2.96 290.58 333.17  89575.64
 58.0 21154.0 292.88   0.013261   3.38 228.77 349.85  89493.59
 59.0 21185.0 293.49   0.013553   2.94 260.18 346.25  89529.12
 59.0 21216.0 294.52   0.014541   2.59 269.74 349.87  89524.68
 59.0 21244.0 293.02   0.013841   3.11 207.85 357.56  89681.74
 59.0 21275.0 290.72   0.012266   4.04 139.63 359.93  89860.14
 59.0 21305.0 289.25   0.010519   3.59 176.47 331.85  90014.61
 59.0 21336.0 287.58   0.009433   3.54 147.76 326.79  90122.22
 59.0 21366.0 287.06   0.009008   3.40 154.85 323.12  90032.91
 59.0 21397.0 289.72   0.008983   3.31 243.49 297.49  89943.86
 59.0 21428.0 290.58   0.009079   3.49 248.60 309.78  89847.55
 59.0 21458.0 293.01   0.010499   3.48 277.37 321.20  89600.86
 59.0 21489.0 295.12   0.011676   2.64 288.22 330.76  89578.50
 59.0 21519.0 294.42   0.014140   2.65 267.68 347.39  89338.27
 60.0 21550.0 293.52   0.014158   2.87 252.01 350.74  89353.58
 60.0 21581.0 294.22   0.015001   2.86 252.30 354.62  89358.50
 60.0 21609.0 291.14   0.012791   3.84 160.34 362.44  89780.66
 60.0 21640.0 290.43   0.011862   4.10 163.66 350.72  89986.11
 60.0 21670.0 288.45   0.010590   3.35 135.02 339.67  90001.36
 60.0 21701.0 288.20   0.009783   3.37 191.81 308.90  90010.62
 60.0 21731.0 288.60   0.009486   3.28 203.11 308.88  90070.85
 60.0 21762.0 290.66   0.009399   3.17 257.64 298.03  89831.62
 60.0 21793.0 292.82   0.008969   3.60 297.92 301.36  89762.48
 60.0 21823.0 295.21   0.008484   3.45 317.77 310.88  89606.39
 60.0 21854.0 295.91   0.010398   3.81 270.24 346.31  89563.98
 60.0 21884.0 293.50   0.013032   2.77 239.41 347.80  89528.34
 61.0 21915.0 292.96   0.013572   3.18 235.59 353.08  89401.12
 61.0 21946.0 293.11   0.014187   3.17 220.55 357.50  89475.72
 61.0 21974.0 292.91   0.014497   2.40 205.23 360.09  89445.91
 61.0 22005.0 290.85   0.012283   3.53 151.41 357.33  89694.50
 61.0 22035.0 288.71   0.010151   3.66 178.44 325.40  89971.73
 61.0 22066.0 286.55   0.009014   3.85 123.92 332.50  90064.66
 61.0 22096.0 286.90   0.009001   3.38 163.58 317.51  89983.16
 61.0 22127.0 288.38   0.009324   3.25 209.10 308.65  89896.88
 61.0 22158.0 291.71   0.009812   3.00 277.78 302.76  89644.39
 61.0 22188.0 293.19   0.008934   3.12 314.49 301.80  89652.11
 61.0 22219.0 295.31   0.011013   2.87 311.13 327.09  89559.64
 61.0 22249.0 295.30   0.011780   2.97 300.78 336.48  89541.70
 62.0 22280.0 292.52   0.013478   3.75 205.98 361.10  89412.50
 62.0 22311.0 291.60   0.013507   3.67 157.96 365.25  89464.46
 62.0 22339.0 291.36   0.012742   3.14 172.24 360.00  89734.77
 62.0 22370.0 289.74   0.011464   3.77 136.09 354.00  89919.28
 62.0 22400.0 287.92   0.010051   4.11 138.90 339.36  90013.46
 62.0 22431.0 286.25   0.009077   3.79 107.17 339.38  90117.41
 62.0 22461.0 285.47   0.008410   4.42 113.32 336.88  90151.20
 62.0 22492.0 287.70   0.009448   3.09 192.67 313.86  89924.23
 62.0 22523.0 288.92   0.008959   3.47 244.89 302.13  89840.44
 62.0 22553.0 291.76   0.009839   3.38 271.30 314.85  89744.34
 62.0 22584.0 293.59   0.012045   3.29 278.59 333.14  89495.24
 62.0 22614.0 295.06   0.012037   2.91 311.82 330.71  89553.08
 63.0 22645.0 293.36   0.012901   3.31 249.45 347.46  89527.91
 63.0 22676.0 293.53   0.014173   2.53 262.55 346.69  89517.32
 63.0 22704.0 292.40   0.013185   3.40 212.10 350.08  89653.77
 63.0 22735.0 289.47   0.011151   3.94 130.53 355.78  89872.61
 63.0 22765.0 289.03   0.010437   3.43 139.42 340.12  90023.11
 63.0 22796.0 289.17   0.010037   2.82 185.63 317.94  89919.36
 63.0 22826.0 288.16   0.008568   3.49 211.07 299.26  90053.83
 63.0 22857.0 287.34   0.008034   3.94 181.04 310.19  90013.06
 63.0 22888.0 290.58   0.008542   3.31 265.46 301.18  89761.22
 63.0 22918.0 293.62   0.009324   3.37 283.70 316.76  89609.11
 63.0 22949.0 296.57   0.009698   3.12 318.32 327.89  89504.23
 63.0 22979.0 292.41   0.012348   3.35 198.87 356.49  89482.08
 64.0 23010.0 292.26   0.013489   3.24 218.76 352.32  89433.03
 64.0 23041.0 293.19   0.014309   3.09 247.11 352.77  89438.64
 64.0 23069.0 292.20   0.013603   3.25 200.46 355.86  89568.11
 64.0 23100.0 290.75   0.012539   3.16 148.06 355.28  89763.41
 64.0 23130.0 288.83   0.010855   3.45 161.27 330.61  89869.22
 64.0 23161.0 287.88   0.009897   3.07 145.36 328.95  89962.45
 64.0 23191.0 287.68   0.009633   2.65 161.43 318.60  89910.28
 64.0 23222.0 288.26   0.009036   3.47 219.35 306.65  89924.48
 64.0 23253.0 291.39   0.008951   3.17 292.83 296.55  89789.47
 64.0 23283.0 294.55   0.008739   3.14 335.96 300.45  89602.55
 64.0 23314.0 294.22   0.011155   3.25 278.96 331.03  89563.42
 64.0 23344.0 293.89   0.013198   3.20 262.00 348.48  89391.86
 65.0 23375.0 292.81   0.013550   3.16 213.76 356.44  89388.45
 65.0 23406.0 291.92   0.013142   3.51 217.09 352.93  89525.80
 65.0 23434.0 292.64   0.014184   2.68 231.71 351.58  89465.19
 65.0 23465.0 290.07   0.012041   4.00 136.79 359.78  89840.59
 65.0 23495.0 289.10   0.010828   3.24 172.83 328.43  89940.59
 65.0 23526.0 286.94   0.009337   3.78 129.07 335.72  89976.57
 65.0 23556.0 286.56   0.008979   3.43 145.52 324.82  89895.16
 65.0 23587.0 287.70   0.009262   2.95 200.55 309.93  89898.01
 65.0 23618.0 288.69   0.009149   3.41 189.32 320.74  89770.69
 65.0 23648.0 291.69   0.011205   3.14 235.33 331.62  89646.42
 65.0 23679.0 295.27   0.011693   2.74 309.77 331.27  89543.04
 65.0 23709.0 292.09   0.011653   3.44 245.27 341.16  89620.72
 66.0 23740.0 292.80   0.013283   2.72 244.10 348.64  89424.32
 66.0 23771.0 293.49   0.014290   2.97 262.34 348.36  89400.86
 66.0 23799.0 290.98   0.012615   3.49 158.43 360.59  89638.91
 66.0 23830.0 289.97   0.011335   3.62 155.63 350.68  89912.25
 66.0 23860.0 288.22   0.010285   3.24 139.59 338.14  89997.88
 66.0 23891.0 288.90   0.010292   2.55 190.64 315.38  89880.38
 66.0 23921.0 287.28   0.009024   3.13 164.98 316.77  90024.34
 66.0 23952.0 287.86   0.008581   3.49 187.93 316.78  89979.06
 66.0 23983.0 290.95   0.009054   3.01 269.54 305.26  89819.16
 66.0 24013.0 293.79   0.008835   3.12 315.31 306.52  89558.41
 66.0 24044.0 293.76   0.011652   3.09 238.09 346.61  89425.79
 66.0 24074.0 292.04   0.013110   3.43 193.67 360.82  89489.31
 67.0 24105.0 292.29   0.013860   3.23 222.74 357.19  89356.62
 67.0 24136.0 292.02   0.013889   2.91 216.08 356.27  89391.11
 67.0 24164.0 291.38   0.013273   2.93 185.10 358.67  89610.59
 67.0 24195.0 289.02   0.011129   3.99 123.37 358.03  89969.12
 67.0 24225.0 288.06   0.010140   3.07 152.83 333.46  89971.55
 67.0 24256.0 285.67   0.008459   3.31 142.48 318.25  90180.06
 67.0 24286.0 284.86   0.008009   3.79 124.35 328.37  90114.98
 67.0 24317.0 285.89   0.008405   3.49 137.63 327.34  90022.96
 67.0 24348.0 290.27   0.009693   2.73 269.91 303.11  89761.60
 67.0 24378.0 292.80   0.009651   3.13 322.81 303.31  89618.14
 67.0 24409.0 293.37   0.011857   3.70 266.79 337.67  89596.94
 67.0 24439.0 294.27   0.013104   2.60 277.99 342.57  89505.95
 68.0 24470.0 292.84   0.013665   3.38 217.74 359.31  89228.40
 68.0 24501.0 291.98   0.013358   3.65 212.82 356.37  89467.62
 68.0 24529.0 291.72   0.012896   3.30 193.93 357.61  89657.44
 68.0 24560.0 290.63   0.012066   2.89 163.63 352.66  89743.73
 68.0 24590.0 287.54   0.009775   4.05 133.18 340.73  90087.61
 68.0 24621.0 286.00   0.008656   3.47 137.51 325.27  90053.34
 68.0 24651.0 285.70   0.008249   3.73 130.00 332.05  90144.67
 68.0 24682.0 287.37   0.009021   2.95 203.08 306.82  89984.95
 68.0 24713.0 289.97   0.009229   3.28 254.73 306.49  89846.29
 68.0 24743.0 293.36   0.009577   3.50 295.50 313.89  89759.78
 68.0 24774.0 294.65   0.011275   3.25 298.32 335.11  89591.99
 68.0 24804.0 292.43   0.013215   3.09 216.68 354.71  89344.88
 69.0 24835.0 292.73   0.013778   3.01 220.53 355.05  89437.56
 69.0 24866.0 291.33   0.013226   3.31 187.33 361.73  89586.09
 69.0 24894.0 290.76   0.012253   3.33 166.18 359.50  89801.47
 69.0 24925.0 289.25   0.011179   3.89 127.66 357.81  89899.03
 69.0 24955.0 287.58   0.009840   3.02 129.88 339.28  89948.46
 69.0 24986.0 286.88   0.009098   2.87 179.35 308.16  90021.75
 69.0 25016.0 286.09   0.008609   3.16 144.85 319.86  89971.56
 69.0 25047.0 286.71   0.008476   3.28 177.15 316.75  89888.88
 69.0 25078.0 290.92   0.009348   2.82 271.40 301.35  89682.51
 69.0 25108.0 294.16   0.009221   3.17 334.76 303.22  89571.95
 69.0 25139.0 296.44   0.009624   2.75 329.16 322.19  89529.84
 69.0 25169.0 293.90   0.012756   2.80 244.29 350.87  89378.22
 70.0 25200.0 293.86   0.013539   2.53 292.72 340.20  89469.68
 70.0 25231.0 293.27   0.014018   2.95 223.57 359.29  89285.92
 70.0 25259.0 290.73   0.012311   3.56 156.65 362.03  89683.95
 70.0 25290.0 290.06   0.011435   3.68 157.56 351.78  89938.36
 70.0 25320.0 287.77   0.009998   3.50 125.33 342.63  90097.41
 70.0 25351.0 287.13   0.009105   2.85 170.91 317.11  90091.58
 70.0 25381.0 285.65   0.008334   3.57 128.41 328.57  90132.21
 70.0 25412.0 286.56   0.008396   3.32 170.22 316.36  89960.71
 70.0 25443.0 290.21   0.009298   3.12 270.39 302.15  89836.03
 70.0 25473.0 292.89   0.009518   3.41 303.97 311.05  89657.62
 70.0 25504.0 293.70   0.012768   2.87 257.36 343.49  89492.25
 70.0 25534.0 293.71   0.013097   2.95 267.25 345.79  89400.03
 71.0 25565.0 294.23   0.013939   2.40 271.89 345.34  89340.46
 71.0 25596.0 293.30   0.014275   3.18 219.56 360.50  89367.13
 71.0 25624.0 292.18   0.013297   3.47 199.45 358.79  89737.58
 71.0 25655.0 289.83   0.011580   4.47 124.00 363.95  89931.73
 71.0 25685.0 287.62   0.009865   4.38 120.48 350.09  90157.70
 71.0 25716.0 285.57   0.008364   3.19 149.91 316.41  90059.67
 71.0 25746.0 287.07   0.008790   3.34 186.36 310.56  90020.33
 71.0 25777.0 288.62   0.009284   2.76 206.92 312.57  89888.79
 71.0 25808.0 291.05   0.008627   3.19 296.19 293.92  89733.61
 71.0 25838.0 293.72   0.010524   3.05 275.15 325.41  89602.08
 71.0 25869.0 295.98   0.010054   3.07 314.97 329.82  89565.55
 71.0 25899.0 294.30   0.013544   2.64 266.24 349.05  89534.50
 72.0 25930.0 293.21   0.013689   2.88 234.23 353.10  89404.48
 72.0 25961.0 292.82   0.013618   3.11 233.98 353.15  89535.82
 72.0 25989.0 292.37   0.012714   3.36 221.12 350.46  89732.05
 72.0 26020.0 290.85   0.011885   3.59 153.62 355.07  89883.25
 72.0 26050.0 289.83   0.010708   3.38 176.09 331.86  89957.66
 72.0 26081.0 288.08   0.009357   3.08 171.90 316.23  89943.97
 72.0 26111.0 287.19   0.008789   3.30 167.64 317.18  90004.91
 72.0 26142.0 291.53   0.008673   2.19 287.75 285.78  89850.77
 72.0 26173.0 293.63   0.008066   2.84 301.07 298.92  89633.19
 72.0 26203.0 296.03   0.006915   3.24 325.67 304.81  89528.95
 72.0 26234.0 296.61   0.008063   3.48 322.89 322.19  89467.83
 72.0 26264.0 294.26   0.012895   2.60 249.25 350.42  89312.89
 73.0 26295.0 291.93   0.012829   3.80 204.43 356.09  89330.30
 73.0 26326.0 292.45   0.013967   3.32 232.38 355.31  89292.00
 73.0 26354.0 291.72   0.013267   3.34 197.65 355.70  89558.89
 73.0 26385.0 290.30   0.012055   3.60 154.59 356.48  89810.89
 73.0 26415.0 288.11   0.010243   3.60 149.29 336.20  90014.56
 73.0 26446.0 285.53   0.008314   3.86 136.75 322.92  90116.86
 73.0 26476.0 285.60   0.008465   3.93 127.82 330.17  90112.04
 73.0 26507.0 287.17   0.008941   3.43 180.07 312.10  89864.11
 73.0 26538.0 288.72   0.008878   3.59 238.29 309.02  89781.09
 73.0 26568.0 292.12   0.010547   3.14 257.80 325.10  89674.04
 73.0 26599.0 292.42   0.012131   3.40 245.84 338.41  89612.03
 73.0 26629.0 292.66   0.013077   3.12 236.88 349.11  89453.69
 74.0 26660.0 291.84   0.012946   2.85 203.76 355.86  89487.30
 74.0 26691.0 291.95   0.013581   2.62 209.68 356.93  89516.47
 74.0 26719.0 291.09   0.012925   3.22 181.34 359.56  89623.44
 74.0 26750.0 290.02   0.011777   3.29 138.45 356.86  89847.87
 74.0 26780.0 288.36   0.010581   3.38 131.37 347.74  89955.31
 74.0 26811.0 287.38   0.009529   2.51 189.39 304.97  89934.86
 74.0 26841.0 287.44   0.009111   3.14 187.60 314.54  90034.03
 74.0 26872.0 290.13   0.009984   2.32 240.14 303.32  89758.79
 74.0 26903.0 290.50   0.008760   3.56 262.57 302.91  89799.36
 74.0 26933.0 294.65   0.009966   2.77 302.30 317.22  89569.89
 74.0 26964.0 292.96   0.012329   2.93 233.28 346.92  89485.50
 74.0 26994.0 292.16   0.013027   3.11 204.72 355.58  89445.62
 75.0 27025.0 292.09   0.012940   2.97 231.32 349.54  89540.58
 75.0 27056.0 294.02   0.014032   2.49 293.39 338.90  89469.17
 75.0 27084.0 293.32   0.014337   2.38 237.31 352.15  89496.76
 75.0 27115.0 289.97   0.011790   3.29 134.91 360.03  89816.55
 75.0 27145.0 287.45   0.009999   3.59  98.56 354.33  90061.06
 75.0 27176.0 285.77   0.008674   3.52 124.68 333.24  90151.06
 75.0 27206.0 286.94   0.009112   2.45 180.86 310.34  89986.12
 75.0 27237.0 287.45   0.009206   3.07 177.00 317.58  89942.25
 75.0 27268.0 291.17   0.010012   2.67 276.40 304.05  89707.33
 75.0 27298.0 293.99   0.009410   2.77 334.13 303.47  89655.28
 75.0 27329.0 295.08   0.009432   3.40 286.10 332.07  89595.49
 75.0 27359.0 293.39   0.012533   2.95 255.14 344.48  89598.95
 76.0 27390.0 293.05   0.013433   3.17 225.20 357.12  89513.70
 76.0 27421.0 293.44   0.014188   2.57 247.31 352.99  89550.75
 76.0 27449.0 292.50   0.013663   3.06 202.59 359.33  89618.80
 76.0 27480.0 290.31   0.011832   3.88 143.23 358.23  89947.39
 76.0 27510.0 288.97   0.010533   3.64 157.12 335.07  90112.16
 76.0 27541.0 287.67   0.009561   3.45 140.46 329.54  90159.66
 76.0 27571.0 285.99   0.008243   3.75 164.38 310.75  90067.88
 76.0 27602.0 289.21   0.008672   2.83 270.33 288.06  89988.67
 76.0 27633.0 290.68   0.008860   3.06 262.60 303.72  89771.50
 76.0 27663.0 293.71   0.009106   3.14 324.21 302.66  89632.39
 76.0 27694.0 294.12   0.010264   3.02 283.74 331.08  89552.67
 76.0 27724.0 293.78   0.012333   3.18 237.72 350.78  89440.62
 77.0 27755.0 292.46   0.012450   3.55 259.59 343.29  89499.30
 77.0 27786.0 293.88   0.013782   3.03 284.09 345.37  89392.12
 77.0 27814.0 293.20   0.013259   3.04 243.28 350.50  89609.31
 77.0 27845.0 290.63   0.011155   3.66 169.64 345.02  89912.59
 77.0 27875.0 289.17   0.009691   3.60 187.18 323.34  90079.91
 77.0 27906.0 288.94   0.009171   3.41 199.94 310.08  90052.19
 77.0 27936.0 288.74   0.008313   3.26 209.56 303.08  89903.53
 77.0 27967.0 289.93   0.008041   3.32 231.65 303.83  89813.88
 77.0 27998.0 293.07   0.007097   3.42 306.08 295.52  89641.16
 77.0 28028.0 296.13   0.006830   3.71 329.77 306.06  89627.43
 77.0 28059.0 295.18   0.009012   3.81 279.91 330.69  89587.05
 77.0 28089.0 293.65   0.013030   2.76 233.32 352.79  89482.05
 78.0 28120.0 292.70   0.013298   3.18 228.57 353.42  89457.09
 78.0 28151.0 292.31   0.013435   3.76 209.83 359.35  89386.35
 78.0 28179.0 291.99   0.013083   3.32 216.36 351.14  89593.62
 78.0 28210.0 291.67   0.013274   2.45 194.76 348.84  89508.91
 78.0 28240.0 288.57   0.010486   3.49 140.15 340.60  89860.62
 78.0 28271.0 285.91   0.008460   3.35 166.43 309.99  90022.49
 78.0 28301.0 286.18   0.008578   3.33 145.32 320.27  89993.32
 78.0 28332.0 288.07   0.009357   2.89 184.81 318.98  89787.91
 78.0 28363.0 290.39   0.009685   2.90 232.74 316.75  89648.22
 78.0 28393.0 290.82   0.009487   3.34 251.41 317.90  89751.14
 78.0 28424.0 294.18   0.010254   3.33 305.34 322.11  89523.48
 78.0 28454.0 293.68   0.013697   2.96 263.03 346.72  89364.96
 79.0 28485.0 292.44   0.013341   3.52 238.65 349.41  89308.39
 79.0 28516.0 292.20   0.013261   2.89 234.28 348.51  89591.91
 79.0 28544.0 291.45   0.012309   3.53 211.32 346.75  89592.57
 79.0 28575.0 289.36   0.010968   3.35 146.14 347.99  89813.31
 79.0 28605.0 289.90   0.010522   2.44 210.98 316.43  89906.27
 79.0 28636.0 287.42   0.008642   2.93 191.27 300.61  90018.73
 79.0 28666.0 285.86   0.007745   3.15 176.97 301.57  90016.02
 79.0 28697.0 287.50   0.008450   3.01 188.36 314.03  89897.58
 79.0 28728.0 292.05   0.008371   3.04 289.01 296.45  89694.94
 79.0 28758.0 294.52   0.008103   3.31 308.82 310.71  89613.47
 79.0 28789.0 296.62   0.010245   2.86 309.21 333.19  89448.73
 79.0 28819.0 293.58   0.012016   3.44 242.21 347.45  89380.55
 80.0 28850.0 292.91   0.012929   3.45 240.94 354.69  89458.78
 80.0 28881.0 293.00   0.013463   3.50 251.03 348.46  89532.98
 80.0 28909.0 292.47   0.013013   3.51 214.93 353.46  89571.73
 80.0 28940.0 290.82   0.011720   3.43 156.81 352.40  89890.33
 80.0 28970.0 288.78   0.010247   3.87 133.61 344.95  90008.59
 80.0 29001.0 287.40   0.009500   3.09 145.03 327.61  90069.51
 80.0 29031.0 286.21   0.008618   3.34 138.98 321.67  90034.20
 80.0 29062.0 288.24   0.008808   3.34 212.51 305.01  89965.47
 80.0 29093.0 289.84   0.008657   3.58 233.23 314.62  89882.09
 80.0 29123.0 294.23   0.008190   3.08 315.44 305.17  89746.75
 80.0 29154.0 297.96   0.008094   3.79 325.85 330.25  89532.11
 80.0 29184.0 294.63   0.013123   3.27 271.91 348.47  89572.28
 81.0 29215.0 293.87   0.013561   3.06 256.47 350.21  89411.19
 81.0 29246.0 291.97   0.013135   3.55 186.95 363.72  89568.23
 81.0 29274.0 292.07   0.013397   2.75 187.19 361.30  89681.44
 81.0 29305.0 290.40   0.011934   3.43 133.10 361.75  89936.19
 81.0 29335.0 288.42   0.010311   3.23 143.82 339.28  90047.27
 81.0 29366.0 287.24   0.009215   3.38 155.65 325.58  90064.67
 81.0 29396.0 287.34   0.008886   3.11 164.15 314.74  90009.94
 81.0 29427.0 289.48   0.008897   2.81 245.00 297.00  89853.12
 81.0 29458.0 290.90   0.009105   3.89 236.90 318.02  89798.38
 81.0 29488.0 293.29   0.009463   3.46 277.05 320.33  89613.52
 81.0 29519.0 295.62   0.009227   3.81 294.19 329.40  89528.05
 81.0 29549.0 294.74   0.012358   3.18 254.70 351.21  89231.75
 82.0 29580.0 292.65   0.013088   3.05 227.64 354.64  89474.16
 82.0 29611.0 292.80   0.013569   2.85 217.47 358.73  89457.94
 82.0 29639.0 291.87   0.013196   3.33 192.33 357.52  89547.18
 82.0 29670.0 290.76   0.011796   3.02 166.32 350.56  89808.41
 82.0 29700.0 287.61   0.009174   4.42 159.21 330.52  90043.36
 82.0 29731.0 286.88   0.008623   3.27 182.85 307.66  90000.95
 82.0 29761.0 286.17   0.008316   3.16 157.76 313.58  89902.00
 82.0 29792.0 288.85   0.008611   2.84 226.54 300.03  89824.02
 82.0 29823.0 290.63   0.008436   3.04 278.77 298.26  89724.08
 82.0 29853.0 294.00   0.008216   3.00 328.95 303.38  89601.41
 82.0 29884.0 291.66   0.011739   3.73 203.89 352.76  89446.12
 82.0 29914.0 293.14   0.013369   3.07 261.11 346.05  89443.80
 83.0 29945.0 292.69   0.013365   2.86 234.16 350.27  89503.58
 83.0 29976.0 292.41   0.013401   3.03 233.27 351.94  89457.89
 83.0 30004.0 290.51   0.012177   3.33 160.79 359.13  89702.63
 83.0 30035.0 289.81   0.011301   3.11 154.54 350.47  89745.87
 83.0 30065.0 288.97   0.010377   2.81 166.57 330.93  89880.86
 83.0 30096.0 287.63   0.009047   3.02 181.93 310.26  89915.48
 83.0 30126.0 287.77   0.008728   2.67 208.13 299.38  89942.25
 83.0 30157.0 289.57   0.007738   2.85 278.93 280.94  89783.66
 83.0 30188.0 292.66   0.008474   3.03 308.54 296.63  89704.42
 83.0 30218.0 294.90   0.007519   3.91 322.29 308.53  89557.43
 83.0 30249.0 295.03   0.009506   3.32 284.57 332.94  89576.69
 83.0 30279.0 292.43   0.012783   3.19 218.06 353.69  89483.05
 84.0 30310.0 291.48   0.012859   3.55 195.07 357.36  89372.28
 84.0 30341.0 291.17   0.012511   3.17 203.93 352.93  89633.86
 84.0 30369.0 291.31   0.013180   2.94 184.23 356.88  89584.95
 84.0 30400.0 290.15   0.011738   3.36 141.96 356.22  89875.36
 84.0 30430.0 288.83   0.010295   3.19 175.16 328.74  89995.03
 84.0 30461.0 287.66   0.009358   3.16 185.35 312.56  90101.92
 84.0 30491.0 285.38   0.007922   3.66 150.33 313.58  90137.34
 84.0 30522.0 288.85   0.009503   2.87 214.18 311.66  89861.26
 84.0 30553.0 289.75   0.009196   3.07 238.23 310.65  89898.89
 84.0 30583.0 293.24   0.009932   3.18 285.92 320.94  89712.49
 84.0 30614.0 294.57   0.010163   3.45 287.08 330.34  89584.38
 84.0 30644.0 292.34   0.013123   2.87 234.76 346.19  89582.34
 85.0 30675.0 293.27   0.013616   3.29 256.03 350.45  89402.59
 85.0 30706.0 293.27   0.014269   3.17 231.45 357.12  89418.41
 85.0 30734.0 291.24   0.012514   3.48 175.06 361.28  89795.32
 85.0 30765.0 290.06   0.011749   3.80 126.30 364.39  89797.34
 85.0 30795.0 289.26   0.011062   2.79 146.81 345.25  89842.04
 85.0 30826.0 286.62   0.009003   3.38 141.57 326.72  90013.37
 85.0 30856.0 287.89   0.009345   2.24 206.63 296.67  89970.42
 85.0 30887.0 289.31   0.009356   2.84 223.12 306.82  89892.32
 85.0 30918.0 291.20   0.008728   2.93 271.72 302.85  89711.33
 85.0 30948.0 293.75   0.009450   3.33 301.65 316.57  89579.45
 85.0 30979.0 293.80   0.010683   3.19 288.93 328.40  89640.27
 85.0 31009.0 293.04   0.013420   3.17 212.34 358.03  89425.41
 86.0 31040.0 293.03   0.013406   3.42 253.88 349.19  89382.93
 86.0 31071.0 292.88   0.012718   3.36 268.53 342.20  89567.66
 86.0 31099.0 292.89   0.012778   3.38 244.73 345.30  89665.83
 86.0 31130.0 290.54   0.011714   3.66 141.26 357.14  89826.78
 86.0 31160.0 289.78   0.010924   3.46 146.45 344.94  89924.72
 86.0 31191.0 287.04   0.008853   3.42 151.05 319.60  90126.16
 86.0 31221.0 286.59   0.008541   3.07 151.41 320.15  89970.28
 86.0 31252.0 289.68   0.009398   2.64 221.69 308.74  89797.12
 86.0 31283.0 290.82   0.008501   3.39 263.96 305.15  89839.84
 86.0 31313.0 293.27   0.008344   3.31 285.55 311.99  89667.96
 86.0 31344.0 295.66   0.009018   3.71 308.10 328.49  89589.62
 86.0 31374.0 295.10   0.011724   3.05 265.74 347.28  89436.18
 87.0 31405.0 293.77   0.013136   2.72 273.23 342.50  89495.84
 87.0 31436.0 294.20   0.013009   3.15 285.40 342.16  89518.36
 87.0 31464.0 293.29   0.013432   3.34 232.41 350.08  89607.34
 87.0 31495.0 290.32   0.011015   4.07 156.13 348.59  89928.33
 87.0 31525.0 290.14   0.009832   3.51 182.11 327.87  90042.97
 87.0 31556.0 289.91   0.007912   3.05 212.55 300.97  89974.88
 87.0 31586.0 287.96   0.007534   3.43 166.18 313.67  90033.38
 87.0 31617.0 291.83   0.006262   3.24 265.88 290.46  89811.79
 87.0 31648.0 295.73   0.005670   3.83 310.04 296.20  89640.32
 87.0 31678.0 294.06   0.010126   3.30 245.57 338.11  89555.21
 87.0 31709.0 293.78   0.012631   2.85 258.47 345.11  89629.84
 87.0 31739.0 293.48   0.012652   3.00 228.56 349.97  89473.35
 88.0 31770.0 292.56   0.013311   2.66 227.76 349.98  89534.16
 88.0 31801.0 293.52   0.014147   3.61 254.08 353.62  89323.84
 88.0 31829.0 292.03   0.013179   3.07 206.84 352.31  89690.48
 88.0 31860.0 290.96   0.012164   3.04 176.04 345.29  89790.08
 88.0 31890.0 289.50   0.010940   2.80 176.49 328.78  89937.58
 88.0 31921.0 287.05   0.009064   2.77 160.12 314.47  89976.62
 88.0 31951.0 287.17   0.008693   2.99 179.15 310.58  89963.08
 88.0 31982.0 289.06   0.008887   3.09 233.39 300.22  89927.82
 88.0 32013.0 292.34   0.009129   2.59 299.78 296.77  89751.23
 88.0 32043.0 293.70   0.008297   3.41 306.38 306.42  89716.29
 88.0 32074.0 295.93   0.010625   3.14 302.04 332.79  89485.83
 88.0 32104.0 294.54   0.013454   2.95 280.91 344.74  89475.86
 89.0 32135.0 293.92   0.013592   2.80 271.47 345.47  89487.91
 89.0 32166.0 292.30   0.013213   3.70 217.48 356.77  89517.09
 89.0 32194.0 291.89   0.012542   3.95 196.78 355.32  89740.70
 89.0 32225.0 290.53   0.011463   3.56 154.06 351.07  89945.20
 89.0 32255.0 288.72   0.009968   3.85 148.75 336.51  90063.38
 89.0 32286.0 289.08   0.009402   2.65 211.87 302.59  89982.19
 89.0 32316.0 287.38   0.008348   3.80 173.17 312.14  90108.09
 89.0 32347.0 290.38   0.008294   3.17 245.38 299.57  89815.77
 89.0 32378.0 292.20   0.007644   3.53 271.99 304.87  89792.28
 89.0 32408.0 295.97   0.007686   3.06 327.61 309.68  89546.36
 89.0 32439.0 295.78   0.011164   2.90 300.77 334.82  89604.00
 89.0 32469.0 296.75   0.010854   3.08 304.97 342.70  89377.16
 90.0 32500.0 294.36   0.013517   2.87 256.89 350.49  89384.23
 90.0 32531.0 293.12   0.014045   2.94 238.17 356.53  89454.14
 90.0 32559.0 291.86   0.012890   3.32 178.38 357.93  89759.12
 90.0 32590.0 290.63   0.011714   3.49 152.67 350.98  89936.52
 90.0 32620.0 289.92   0.010731   3.33 165.99 333.73  89946.55
 90.0 32651.0 287.86   0.008815   3.23 184.27 306.69  89991.34
 90.0 32681.0 288.19   0.007954   3.40 223.09 293.08  89940.91
 90.0 32712.0 288.98   0.007946   3.05 236.86 295.78  89918.03
 90.0 32743.0 293.45   0.007156   3.11 312.09 292.92  89726.45
 90.0 32773.0 295.90   0.007506   3.74 315.02 310.36  89610.27
 90.0 32804.0 295.22   0.011080   3.05 286.08 335.08  89559.21
 90.0 32834.0 293.50   0.014166   2.43 242.74 349.86  89391.14
 91.0 32865.0 292.19   0.013238   3.07 208.52 357.83  89422.95
 91.0 32896.0 292.15   0.013464   2.92 221.36 354.70  89429.34
 91.0 32924.0 291.84   0.013464   2.96 218.42 353.81  89546.81
 91.0 32955.0 290.46   0.012143   2.70 146.82 353.47  89731.06
 91.0 32985.0 288.49   0.009865   3.71 180.13 326.41  90046.32
 91.0 33016.0 286.40   0.008461   3.55 177.98 306.83  90080.53
 91.0 33046.0 285.71   0.008382   3.70 133.20 327.26  90023.50
 91.0 33077.0 287.91   0.009065   2.92 207.44 308.78  89939.62
 91.0 33108.0 292.61   0.010169   2.15 288.56 304.39  89617.28
 91.0 33138.0 293.64   0.010699   2.96 271.54 326.35  89658.64
 91.0 33169.0 293.72   0.010114   3.57 279.56 329.97  89649.35
 91.0 33199.0 293.79   0.013638   2.73 260.77 349.46  89449.98
 92.0 33230.0 293.12   0.013796   2.87 237.17 357.55  89485.64
 92.0 33261.0 292.55   0.013763   3.33 235.32 353.33  89507.88
 92.0 33289.0 292.22   0.013682   3.05 218.76 353.57  89579.81
 92.0 33320.0 290.28   0.011932   3.32 145.56 359.91  89763.02
 92.0 33350.0 289.18   0.010637   3.03 171.04 330.39  89977.89
 92.0 33381.0 286.71   0.009153   4.08 121.92 338.28  90125.75
 92.0 33411.0 287.30   0.009230   2.80 174.31 314.57  90018.64
 92.0 33442.0 288.60   0.009427   3.02 206.72 310.45  89875.72
 92.0 33473.0 290.55   0.009111   3.25 248.47 309.58  89829.91
 92.0 33503.0 294.12   0.010553   3.07 307.97 317.99  89613.36
 92.0 33534.0 293.94   0.011993   2.75 278.32 336.16  89560.95
 92.0 33564.0 292.79   0.013195   3.23 227.14 351.73  89436.12
 93.0 33595.0 292.12   0.013075   2.84 215.05 353.27  89619.84
 93.0 33626.0 292.33   0.013883   3.14 244.98 350.36  89416.62
 93.0 33654.0 291.85   0.013529   2.71 191.34 357.12  89701.16
 93.0 33685.0 290.52   0.012180   3.32 148.53 358.96  89877.36
 93.0 33715.0 289.31   0.011188   3.42 131.15 350.99  90005.27
 93.0 33746.0 286.73   0.009229   3.93 139.67 333.03  90224.88
 93.0 33776.0 287.37   0.009488   2.79 180.07 310.60  90051.36
 93.0 33807.0 287.99   0.009446   3.43 183.39 323.81  89967.59
 93.0 33838.0 289.71   0.009696   3.11 232.10 311.04  89798.16
 93.0 33868.0 293.38   0.009754   2.89 307.03 309.52  89648.30
 93.0 33899.0 295.62   0.010863   2.99 294.66 330.59  89539.42
 93.0 33929.0 293.65   0.013036   3.15 268.85 342.24  89504.80
 94.0 33960.0 293.77   0.014006   3.12 261.80 350.91  89419.31
 94.0 33991.0 292.90   0.013877   3.29 218.87 356.04  89458.32
 94.0 34019.0 292.14   0.013821   2.72 192.95 359.94  89608.81
 94.0 34050.0 290.71   0.012378   3.52 140.06 359.31  89831.36
 94.0 34080.0 289.42   0.011248   3.53 143.26 345.92  89945.97
 94.0 34111.0 285.73   0.008516   3.73 149.22 318.07  90205.19
 94.0 34141.0 287.50   0.009257   3.13 182.22 313.13  90013.48
 94.0 34172.0 289.81   0.009863   2.45 256.71 292.50  89911.05
 94.0 34203.0 292.38   0.009116   3.07 309.87 294.50  89783.19
 94.0 34233.0 293.96   0.009560   2.90 308.70 309.75  89522.90
 94.0 34264.0 294.02   0.012388   2.74 253.25 341.76  89525.32
 94.0 34294.0 293.86   0.012930   2.66 269.03 344.24  89502.75
 95.0 34325.0 293.22   0.013958   3.21 233.50 356.90  89220.20
 95.0 34356.0 292.38   0.014121   3.08 211.58 356.24  89300.70
 95.0 34384.0 291.54   0.013452   3.05 191.36 359.06  89558.98
 95.0 34415.0 289.60   0.011643   3.43 138.05 354.70  89848.77
 95.0 34445.0 287.24   0.009785   3.08 138.78 334.80  89972.11
 95.0 34476.0 286.27   0.009121   2.65 140.25 322.08  89930.67
 95.0 34506.0 286.50   0.008988   3.14 157.29 320.91  90050.50
 95.0 34537.0 288.50   0.009337   2.70 233.48 301.18  89919.25
 95.0 34568.0 289.14   0.009039   3.73 219.50 318.18  89942.42
 95.0 34598.0 292.52   0.010238   3.39 272.50 320.04  89705.77
 95.0 34629.0 294.22   0.011559   2.71 261.13 337.75  89611.12
 95.0 34659.0 293.34   0.013011   2.70 273.92 336.07  89552.72
 96.0 34690.0 292.24   0.012410   3.40 224.22 350.66  89575.35
 96.0 34721.0 293.03   0.013062   2.59 279.00 341.04  89617.01
 96.0 34749.0 291.72   0.012966   3.12 179.12 361.10  89579.84
 96.0 34780.0 290.64   0.012135   2.96 147.89 359.38  89756.70
 96.0 34810.0 288.67   0.010289   3.15 173.83 330.39  89998.72
 96.0 34841.0 286.90   0.009049   3.17 160.26 320.96  90013.82
 96.0 34871.0 285.86   0.007867   3.43 173.37 308.17  90158.11
 96.0 34902.0 289.76   0.008917   2.63 253.13 295.95  89884.62
 96.0 34933.0 290.29   0.008661   2.92 258.04 303.80  89735.83
 96.0 34963.0 294.28   0.008745   3.19 317.35 309.65  89652.74
 96.0 34994.0 295.48   0.009420   3.78 302.96 329.14  89555.81
 96.0 35024.0 293.69   0.013785   2.61 256.96 348.78  89395.45
 97.0 35055.0 293.08   0.013711   3.12 228.31 354.85  89263.19
 97.0 35086.0 292.72   0.013589   3.17 220.53 356.20  89526.23
 97.0 35114.0 292.08   0.013157   3.49 208.23 354.45  89562.98
 97.0 35145.0 290.65   0.011950   3.65 156.44 355.90  89737.41
 97.0 35175.0 289.58   0.010869   3.10 161.47 336.69  89921.62
 97.0 35206.0 286.45   0.008902   4.27 125.43 332.69  90070.66
 97.0 35236.0 286.04   0.008640   3.62 133.25 325.50  90021.00
 97.0 35267.0 286.51   0.008572   3.69 178.05 316.30  89914.98
 97.0 35298.0 289.62   0.009179   3.32 237.05 314.74  89853.27
 97.0 35328.0 292.90   0.009614   3.08 312.30 309.41  89665.55
 97.0 35359.0 296.18   0.009753   3.21 330.08 323.39  89498.42
 97.0 35389.0 293.22   0.013214   2.73 236.38 351.66  89376.41
 98.0 35420.0 291.52   0.012895   3.55 192.38 356.96  89595.19
 98.0 35451.0 292.47   0.012848   3.09 253.75 343.17  89558.89
 98.0 35479.0 291.87   0.012620   3.26 202.10 349.30  89650.16
 98.0 35510.0 290.66   0.011479   3.24 189.32 338.56  89848.83
 98.0 35540.0 289.26   0.010232   2.92 169.86 329.92  90031.56
 98.0 35571.0 287.73   0.008955   2.99 181.72 310.57  90005.57
 98.0 35601.0 287.03   0.007986   3.25 206.19 295.75  89970.67
 98.0 35632.0 289.17   0.008261   3.28 225.67 301.15  89827.16
 98.0 35663.0 292.98   0.008024   3.11 298.37 297.40  89602.84
 98.0 35693.0 295.30   0.006970   3.16 329.45 302.07  89532.94
 98.0 35724.0 298.15   0.007270   3.64 339.27 317.40  89415.09
 98.0 35754.0 294.96   0.010696   3.21 279.31 338.28  89566.56
 99.0 35785.0 292.54   0.012856   2.87 235.55 347.85  89480.76
 99.0 35816.0 292.87   0.013292   3.04 248.87 346.88  89491.22
 99.0 35844.0 291.91   0.012539   3.61 195.82 353.06  89661.78
 99.0 35875.0 290.75   0.011759   3.66 145.84 354.76  89778.97
 99.0 35905.0 289.30   0.010564   2.84 161.88 330.78  89893.84
 99.0 35936.0 287.08   0.008917   3.38 136.53 324.51  90069.88
 99.0 35966.0 287.25   0.008465   3.25 190.21 302.99  89946.91
 99.0 35997.0 288.20   0.007985   3.47 234.69 298.19  89922.12
 99.0 36028.0 291.54   0.007506   3.59 293.44 292.91  89757.34
 99.0 36058.0 294.66   0.007911   3.91 316.17 307.46  89643.75
 99.0 36089.0 295.15   0.010728   2.86 281.15 336.39  89516.75
 99.0 36119.0 292.37   0.012938   2.87 205.05 354.64  89510.70
100.0 36150.0 291.44   0.012593   3.62 211.81 354.26  89516.22
100.0 36181.0 292.72   0.013714   2.83 237.24 352.84  89379.40
100.0 36209.0 291.64   0.013461   3.36 189.85 358.85  89484.71
100.0 36240.0 290.51   0.011925   3.13 166.07 349.45  89865.02
100.0 36270.0 289.12   0.010635   3.36 159.15 340.52  89959.12
100.0 36301.0 288.33   0.009885   2.76 177.31 319.19  90040.02
100.0 36331.0 287.85   0.008764   2.89 220.68 293.22  90031.23
100.0 36362.0 287.38   0.008275   3.32 193.36 308.84  90100.39
100.0 36393.0 292.01   0.009564   3.20 278.63 309.47  89755.95
100.0 36423.0 292.61   0.008525   3.48 295.02 307.52  89796.33
100.0 36454.0 294.70   0.009962   3.01 298.92 327.35  89624.67
100.0 36484.0 293.30   0.012826   3.39 235.35 352.80  89433.20
