  1.0    15.0 295.24   0.014809   2.60 233.28 373.56  89998.89
  1.0    46.0 294.89   0.014658   2.65 242.74 369.58  90106.09
  1.0    74.0 294.56   0.015016   2.41 216.36 371.32  90010.83
  1.0   105.0 292.56   0.012972   3.70 157.22 369.82  90325.38
  1.0   135.0 290.87   0.011137   3.79 169.59 345.18  90527.85
  1.0   166.0 289.93   0.009433   3.47 198.38 320.85  90627.46
  1.0   196.0 288.67   0.009446   3.52 158.97 332.87  90587.38
  1.0   227.0 290.71   0.009401   2.99 222.44 317.82  90428.75
  1.0   258.0 294.59   0.009283   2.91 301.21 317.41  90203.55
  1.0   288.0 298.02   0.009112   3.36 331.41 330.09  90088.09
  1.0   319.0 299.87   0.008428   3.35 341.15 337.61  90048.48
  1.0   349.0 297.63   0.012325   2.79 297.63 353.40  89983.19
  2.0   380.0 295.26   0.015211   2.16 254.60 366.26  89879.08
  2.0   411.0 294.87   0.015645   2.17 214.81 375.75  89819.86
  2.0   439.0 294.08   0.015257   2.45 190.81 375.22  90079.96
  2.0   470.0 292.50   0.013423   3.09 171.95 362.70  90398.31
  2.0   500.0 290.88   0.011682   3.10 162.19 348.50  90520.80
  2.0   531.0 288.75   0.009879   3.38 167.34 327.16  90693.14
  2.0   561.0 289.29   0.010135   2.77 166.39 333.44  90599.19
  2.0   592.0 292.06   0.009793   2.96 278.41 303.06  90399.64
  2.0   623.0 293.52   0.009069   3.22 305.41 309.56  90303.28
  2.0   653.0 297.15   0.009296   3.48 327.01 324.80  90193.44
  2.0   684.0 297.95   0.010779   3.37 300.20 348.64  90085.29
  2.0   714.0 295.39   0.014671   2.59 243.27 371.63  89970.98
  3.0   745.0 294.47   0.015243   2.40 205.49 376.51  89965.45
  3.0   776.0 293.90   0.014177   3.33 220.18 369.62  90123.00
  3.0   804.0 293.90   0.014103   2.76 208.67 366.38  90192.28
  3.0   835.0 291.80   0.012551   4.11 146.97 367.16  90404.39
  3.0   865.0 290.62   0.011027   3.28 182.70 337.02  90521.24
  3.0   896.0 288.62   0.009179   3.66 173.54 323.50  90690.78
  3.0   926.0 288.06   0.009328   3.81 138.08 336.21  90695.66
  3.0   957.0 289.06   0.009378   3.36 189.35 327.09  90605.92
  3.0   988.0 292.03   0.009378   3.58 265.25 321.92  90464.81
  3.0  1018.0 296.05   0.009390   3.15 328.28 325.69  90178.87
  3.0  1049.0 299.36   0.011249   2.98 324.28 350.51  89958.70
  3.0  1079.0 298.92   0.012480   3.07 309.65 360.09  89968.94
  4.0  1110.0 295.12   0.015019   2.77 226.63 372.15  89930.89
  4.0  1141.0 295.83   0.015466   2.64 269.46 364.40  90031.98
  4.0  1169.0 294.40   0.014948   3.02 196.06 371.77  90160.52
  4.0  1200.0 292.83   0.013327   3.72 148.00 371.66  90405.20
  4.0  1230.0 291.53   0.011414   3.35 166.43 343.90  90546.75
  4.0  1261.0 289.92   0.009741   3.56 180.90 325.16  90623.81
  4.0  1291.0 289.88   0.008553   3.40 181.46 319.53  90647.61
  4.0  1322.0 291.35   0.008342   3.60 217.58 319.52  90510.25
  4.0  1353.0 295.98   0.008973   3.74 272.97 328.84  90202.25
  4.0  1383.0 298.94   0.007931   4.25 320.41 330.14  90144.75
  4.0  1414.0 299.38   0.009725   3.51 318.92 348.67  90029.06
  4.0  1444.0 298.54   0.012176   3.06 280.67 364.79  89914.14
  5.0  1475.0 296.07   0.015025   2.29 239.52 371.88  89951.92
  5.0  1506.0 295.07   0.014998   2.53 233.32 368.82  90100.75
  5.0  1534.0 294.75   0.015580   2.55 205.05 374.16  89974.03
  5.0  1565.0 291.41   0.012210   3.92 149.92 360.79  90430.54
  5.0  1595.0 289.93   0.010850   4.00 134.15 353.99  90591.62
  5.0  1626.0 287.67   0.009300   3.94 132.58 335.70  90663.71
  5.0  1656.0 287.27   0.008664   4.32 152.40 332.41  90750.95
  5.0  1687.0 289.90   0.009105   3.90 213.50 321.94  90615.22
  5.0  1718.0 292.59   0.008773   3.48 281.91 313.92  90528.97
  5.0  1748.0 295.91   0.009612   3.34 295.11 330.57  90252.20
  5.0  1779.0 298.56   0.009380   3.64 300.45 343.14  90013.50
  5.0  1809.0 295.32   0.014400   2.65 252.87 365.60  89955.61
  6.0  1840.0 294.73   0.014273   2.60 219.33 370.22  90101.43
  6.0  1871.0 294.60   0.014533   2.83 244.37 364.32  89992.66
  6.0  1899.0 295.83   0.014656   2.63 246.69 365.98  90041.05
  6.0  1930.0 293.79   0.013356   3.47 170.64 368.17  90352.89
  6.0  1960.0 291.75   0.010913   3.94 180.72 342.41  90582.03
  6.0  1991.0 289.22   0.009040   4.28 156.06 331.81  90712.66
  6.0  2021.0 289.01   0.009348   3.70 144.92 338.58  90665.67
  6.0  2052.0 291.18   0.008574   3.46 224.54 320.39  90545.34
  6.0  2083.0 297.06   0.007826   3.24 316.37 316.40  90251.77
  6.0  2113.0 300.16   0.007629   3.96 339.75 329.50  90096.20
  6.0  2144.0 298.88   0.011748   3.78 305.99 358.28  90079.99
  6.0  2174.0 297.48   0.013363   2.88 292.36 359.87  89998.97
  7.0  2205.0 296.99   0.015173   2.26 259.73 372.14  89916.52
  7.0  2236.0 295.42   0.015641   2.87 227.31 375.80  90065.55
  7.0  2264.0 294.42   0.015140   3.13 173.25 380.50  90198.27
  7.0  2295.0 293.37   0.013745   3.78 158.26 373.51  90455.24
  7.0  2325.0 290.80   0.010679   3.87 171.66 343.64  90661.44
  7.0  2356.0 289.29   0.009377   4.02 171.11 328.49  90669.99
  7.0  2386.0 288.67   0.008760   3.50 167.97 326.63  90669.84
  7.0  2417.0 293.81   0.008184   2.83 276.63 310.49  90414.21
  7.0  2448.0 296.73   0.006288   3.62 324.97 306.95  90336.36
  7.0  2478.0 298.79   0.007314   3.93 320.08 330.71  90035.73
  7.0  2509.0 300.33   0.007968   4.34 340.08 338.98  89938.95
  7.0  2539.0 296.15   0.014032   3.06 260.78 363.04  89943.23
  8.0  2570.0 295.70   0.015110   2.63 234.47 373.19  89910.62
  8.0  2601.0 294.23   0.014950   2.86 192.28 377.75  90036.54
  8.0  2629.0 294.35   0.014830   2.88 211.40 371.10  90184.90
  8.0  2660.0 292.35   0.012875   3.51 155.31 368.60  90431.48
  8.0  2690.0 291.54   0.011644   3.25 177.54 346.84  90556.12
  8.0  2721.0 289.26   0.009464   3.16 186.15 321.02  90573.69
  8.0  2751.0 288.46   0.009643   4.00 143.38 341.80  90640.28
  8.0  2782.0 290.98   0.009246   2.70 243.59 313.44  90441.92
  8.0  2813.0 294.70   0.009472   3.03 297.88 318.36  90224.79
  8.0  2843.0 296.08   0.009585   3.47 317.53 325.76  90183.39
  8.0  2874.0 299.15   0.009334   3.72 331.54 341.20  90004.66
  8.0  2904.0 296.83   0.013397   3.17 259.52 368.87  89850.12
  9.0  2935.0 296.36   0.014553   2.88 296.62 360.82  89932.38
  9.0  2966.0 294.77   0.014452   2.59 235.76 366.63  90080.94
  9.0  2994.0 293.93   0.014057   3.09 203.37 368.88  90214.23
  9.0  3025.0 293.04   0.013205   3.52 154.24 370.81  90282.55
  9.0  3055.0 291.93   0.010602   3.01 213.99 330.77  90483.84
  9.0  3086.0 289.94   0.009127   4.03 170.75 330.05  90577.62
  9.0  3116.0 289.06   0.008903   3.75 175.74 326.11  90749.41
  9.0  3147.0 292.24   0.008094   2.98 251.70 310.02  90482.88
  9.0  3178.0 295.80   0.007195   3.52 304.13 314.83  90170.67
  9.0  3208.0 297.12   0.008303   4.02 288.88 333.45  90185.22
  9.0  3239.0 300.23   0.007437   4.08 347.76 331.15  90021.61
  9.0  3269.0 298.63   0.011771   2.89 296.36 357.69  89938.77
 10.0  3300.0 295.18   0.014974   2.83 244.72 366.21  89944.30
 10.0  3331.0 294.09   0.014282   3.09 229.90 365.66  90117.52
 10.0  3359.0 293.96   0.014361   3.05 204.47 366.64  90172.05
 10.0  3390.0 292.64   0.013238   3.05 149.50 366.08  90302.86
 10.0  3420.0 291.80   0.011101   3.35 175.99 338.82  90549.02
 10.0  3451.0 290.11   0.010013   3.40 156.61 333.44  90595.79
 10.0  3481.0 293.14   0.008600   2.70 245.40 309.16  90371.91
 10.0  3512.0 294.85   0.008327   3.42 242.37 323.18  90315.20
 10.0  3543.0 294.04   0.008128   4.23 250.48 328.69  90353.56
 10.0  3573.0 298.07   0.006910   3.86 330.74 320.63  90193.61
 10.0  3604.0 300.17   0.009230   4.02 335.16 347.30  89972.35
 10.0  3634.0 296.81   0.013497   2.86 272.40 365.41  89983.73
 11.0  3665.0 295.38   0.014937   2.51 262.08 364.94  89989.91
 11.0  3696.0 295.05   0.015397   2.31 224.23 372.35  89878.25
 11.0  3724.0 294.56   0.015218   2.50 204.95 373.49  90098.65
 11.0  3755.0 292.60   0.012973   3.55 161.01 366.95  90335.45
 11.0  3785.0 291.46   0.011541   3.41 164.97 349.40  90558.36
 11.0  3816.0 288.95   0.009693   3.38 155.01 331.27  90632.00
 11.0  3846.0 289.38   0.009077   3.46 195.99 319.36  90631.59
 11.0  3877.0 290.29   0.008335   3.58 242.19 308.35  90540.98
 11.0  3908.0 293.77   0.008494   3.01 292.82 313.44  90349.12
 11.0  3938.0 297.93   0.008217   3.53 328.94 327.33  90139.23
 11.0  3969.0 299.49   0.010324   3.45 314.36 353.16  90006.90
 11.0  3999.0 295.00   0.014623   3.15 201.58 376.93  89897.73
 12.0  4030.0 295.27   0.015262   2.81 248.00 370.16  89997.56
 12.0  4061.0 295.29   0.016002   2.76 233.01 371.38  89854.52
 12.0  4089.0 293.17   0.014664   3.41 141.76 381.45  90137.72
 12.0  4120.0 292.57   0.013320   3.51 179.00 356.97  90382.38
 12.0  4150.0 290.73   0.011888   3.96 147.01 353.56  90572.38
 12.0  4181.0 288.88   0.010183   3.63 160.39 329.11  90688.48
 12.0  4211.0 290.04   0.010227   3.05 197.86 318.32  90630.69
 12.0  4242.0 291.16   0.010229   3.09 217.65 322.67  90523.94
 12.0  4273.0 294.37   0.009812   3.19 303.93 313.11  90312.54
 12.0  4303.0 297.40   0.009127   3.52 337.14 325.15  90109.06
 12.0  4334.0 299.40   0.009331   3.92 332.98 344.49  90006.06
 12.0  4364.0 297.23   0.014563   2.36 270.86 370.11  89887.69
 13.0  4395.0 295.21   0.014988   2.63 248.80 369.91  89834.40
 13.0  4426.0 295.11   0.015314   3.13 229.99 373.83  89761.55
 13.0  4454.0 293.12   0.013610   3.65 164.84 375.93  90168.91
 13.0  4485.0 292.43   0.012751   3.46 175.46 361.72  90343.46
 13.0  4515.0 291.27   0.011490   3.54 169.30 348.15  90482.17
 13.0  4546.0 287.94   0.008943   4.21 157.85 329.82  90690.14
 13.0  4576.0 288.29   0.008959   3.61 175.19 323.01  90728.66
 13.0  4607.0 290.58   0.008473   3.23 257.56 305.35  90479.80
 13.0  4638.0 294.17   0.009202   3.41 284.50 321.35  90275.50
 13.0  4668.0 297.56   0.008793   3.41 320.28 332.98  90086.98
 13.0  4699.0 297.67   0.011370   3.34 271.09 361.68  89969.09
 13.0  4729.0 295.56   0.014709   2.83 242.03 368.42  90071.48
 14.0  4760.0 294.82   0.015170   2.41 213.98 371.58  89986.92
 14.0  4791.0 294.98   0.015267   2.88 243.29 366.61  90131.95
 14.0  4819.0 294.24   0.014893   3.21 186.57 372.93  90182.64
 14.0  4850.0 292.87   0.013599   3.31 165.01 363.84  90323.67
 14.0  4880.0 290.61   0.011618   3.54 133.56 354.78  90574.26
 14.0  4911.0 290.74   0.010093   3.12 202.56 323.55  90611.53
 14.0  4941.0 289.16   0.009954   3.69 141.60 336.10  90662.07
 14.0  4972.0 292.07   0.009653   2.93 261.19 307.06  90497.91
 14.0  5003.0 294.98   0.008380   3.32 305.33 312.50  90396.31
 14.0  5033.0 298.04   0.009548   3.41 304.25 336.38  90112.73
 14.0  5064.0 298.53   0.009882   3.51 291.47 350.42  90059.16
 14.0  5094.0 294.80   0.014399   3.22 227.20 370.28  89963.17
 15.0  5125.0 296.23   0.014587   2.73 285.43 362.16  90042.91
 15.0  5156.0 296.33   0.014827   2.65 271.97 365.98  90032.77
 15.0  5184.0 294.64   0.014369   3.36 202.23 371.37  90203.89
 15.0  5215.0 293.50   0.012200   3.70 203.52 357.12  90454.02
 15.0  5245.0 292.55   0.009749   4.04 206.91 337.04  90559.97
 15.0  5276.0 290.28   0.008657   4.19 181.09 327.60  90681.52
 15.0  5306.0 290.67   0.007731   3.49 225.37 309.19  90672.85
 15.0  5337.0 292.73   0.007689   3.78 228.46 319.48  90440.56
 15.0  5368.0 297.07   0.006652   3.89 322.95 308.74  90186.32
 15.0  5398.0 299.69   0.007895   4.46 326.99 330.30  89984.75
 15.0  5429.0 301.12   0.008212   3.82 328.91 349.07  89939.64
 15.0  5459.0 298.76   0.011337   3.17 288.15 363.33  89828.99
 16.0  5490.0 296.47   0.014082   2.31 276.50 363.36  90012.04
 16.0  5521.0 296.54   0.013959   2.59 261.01 368.54  90101.64
 16.0  5549.0 295.52   0.013892   2.73 240.70 366.42  90121.05
 16.0  5580.0 296.99   0.011671   2.87 238.68 359.75  90210.95
 16.0  5610.0 293.45   0.010715   4.48 157.92 359.54  90476.89
 16.0  5641.0 290.14   0.009141   4.29 137.91 342.26  90616.55
 16.0  5671.0 289.60   0.008077   4.39 171.73 331.49  90704.47
 16.0  5702.0 292.03   0.006833   3.97 244.87 311.28  90531.37
 16.0  5733.0 296.27   0.006755   4.13 317.69 312.30  90208.02
 16.0  5763.0 299.35   0.008157   4.02 321.52 335.97  90090.33
 16.0  5794.0 299.76   0.009026   3.89 312.33 351.44  89980.40
 16.0  5824.0 299.11   0.011802   3.16 292.01 363.95  89814.22
 17.0  5855.0 295.63   0.014636   2.33 245.92 365.66  89990.78
 17.0  5886.0 294.98   0.015237   2.21 240.68 367.52  89987.85
 17.0  5914.0 294.53   0.015188   2.68 214.27 369.95  90048.19
 17.0  5945.0 292.05   0.012601   3.55 159.00 361.37  90380.53
 17.0  5975.0 292.19   0.011288   3.16 188.22 340.29  90484.38
 17.0  6006.0 289.82   0.009966   3.58 147.09 339.06  90654.92
 17.0  6036.0 292.16   0.007962   2.66 231.10 309.06  90472.41
 17.0  6067.0 294.22   0.007761   3.78 263.14 315.65  90439.77
 17.0  6098.0 295.46   0.007822   3.91 279.76 324.02  90290.16
 17.0  6128.0 297.95   0.007970   3.86 321.83 331.09  90092.09
 17.0  6159.0 296.97   0.011067   3.46 277.97 357.04  90114.34
 17.0  6189.0 296.18   0.012903   3.15 259.22 363.69  89960.05
 18.0  6220.0 296.50   0.013279   2.77 274.28 362.60  90001.38
 18.0  6251.0 295.16   0.014797   2.64 259.74 364.16  89927.25
 18.0  6279.0 295.55   0.014083   2.81 261.73 362.18  90008.14
 18.0  6310.0 292.87   0.012607   3.59 158.61 369.78  90370.27
 18.0  6340.0 292.88   0.010227   2.79 206.08 336.51  90384.10
 18.0  6371.0 290.01   0.009163   4.41 155.23 341.64  90619.90
 18.0  6401.0 289.48   0.008632   3.87 155.56 337.55  90654.44
 18.0  6432.0 293.07   0.007154   3.51 273.42 310.03  90448.12
 18.0  6463.0 294.88   0.007268   4.06 278.16 321.84  90395.02
 18.0  6493.0 298.61   0.009404   3.51 308.76 342.06  89998.38
 18.0  6524.0 298.80   0.008484   4.03 304.73 343.81  90058.52
 18.0  6554.0 295.88   0.013221   2.93 266.02 360.13  90021.54
 19.0  6585.0 296.53   0.014502   2.26 292.30 361.28  89925.02
 19.0  6616.0 296.18   0.013223   3.19 259.74 368.81  90118.54
 19.0  6644.0 294.44   0.013971   2.96 196.37 370.60  90140.18
 19.0  6675.0 293.71   0.012042   3.29 187.98 358.45  90342.93
 19.0  6705.0 294.79   0.009496   3.13 231.22 332.21  90376.02
 19.0  6736.0 290.47   0.008486   4.58 171.80 334.34  90666.41
 19.0  6766.0 289.16   0.007817   4.04 168.51 327.06  90649.52
 19.0  6797.0 293.49   0.006612   3.64 257.72 309.13  90473.20
 19.0  6828.0 296.80   0.006418   4.17 315.44 311.91  90267.30
 19.0  6858.0 299.99   0.006984   4.47 338.04 328.96  90048.98
 19.0  6889.0 299.46   0.008140   4.59 334.49 336.51  90123.98
 19.0  6919.0 297.90   0.012896   2.81 277.62 362.01  89978.91
 20.0  6950.0 297.78   0.011720   3.52 292.99 360.09  90104.68
 20.0  6981.0 298.90   0.010833   3.91 262.15 370.02  90050.80
 20.0  7009.0 295.19   0.014005   2.94 218.96 370.85  90199.23
 20.0  7040.0 294.16   0.012868   3.28 186.30 364.83  90331.47
 20.0  7070.0 293.58   0.009630   3.96 201.49 339.03  90518.62
 20.0  7101.0 292.31   0.008347   4.02 199.35 325.60  90537.02
 20.0  7131.0 291.34   0.008167   3.66 189.18 324.66  90553.59
 20.0  7162.0 292.98   0.006735   3.94 258.87 309.16  90485.70
 20.0  7193.0 296.36   0.007189   3.95 292.17 321.55  90235.82
 20.0  7223.0 298.93   0.007151   4.12 324.26 326.36  90059.33
 20.0  7254.0 299.58   0.009418   3.75 308.93 350.21  90004.92
 20.0  7284.0 298.90   0.011010   3.43 288.89 362.81  90068.27
 21.0  7315.0 296.55   0.015402   2.30 262.39 372.43  89923.62
 21.0  7346.0 294.61   0.015416   2.41 203.12 376.50  89919.87
 21.0  7374.0 294.25   0.014656   2.91 210.21 369.15  90158.84
 21.0  7405.0 293.35   0.013202   3.23 188.37 361.37  90346.81
 21.0  7435.0 291.38   0.011206   4.06 157.72 352.39  90567.31
 21.0  7466.0 289.73   0.009487   3.97 165.82 333.73  90716.11
 21.0  7496.0 289.91   0.009390   2.81 175.30 327.75  90467.78
 21.0  7527.0 292.89   0.007498   2.89 265.68 304.56  90457.55
 21.0  7558.0 295.15   0.007223   3.67 297.17 313.85  90301.53
 21.0  7588.0 299.06   0.007421   4.24 341.32 325.40  90036.75
 21.0  7619.0 297.98   0.010020   4.02 263.84 355.31  90005.06
 21.0  7649.0 295.29   0.013679   2.61 276.42 354.87  89988.66
 22.0  7680.0 294.66   0.014383   3.04 251.88 361.89  90042.23
 22.0  7711.0 295.43   0.014830   2.40 257.87 364.25  89876.28
 22.0  7739.0 293.75   0.013454   3.38 207.16 365.53  90265.23
 22.0  7770.0 293.17   0.012334   3.20 188.40 355.87  90427.89
 22.0  7800.0 292.84   0.010891   3.14 219.17 333.88  90508.58
 22.0  7831.0 289.88   0.010081   3.91 136.41 347.60  90685.14
 22.0  7861.0 288.97   0.008795   3.09 167.14 326.47  90613.52
 22.0  7892.0 292.72   0.008559   3.13 264.87 310.55  90361.77
 22.0  7923.0 295.67   0.007594   3.55 300.72 317.65  90286.59
 22.0  7953.0 297.36   0.007848   3.92 309.13 328.18  90262.20
 22.0  7984.0 299.59   0.009449   3.53 317.24 347.11  90093.30
 22.0  8014.0 297.92   0.013327   2.95 278.88 366.41  89977.10
 23.0  8045.0 295.82   0.015186   2.29 249.90 369.11  89981.42
 23.0  8076.0 296.88   0.015011   2.33 270.48 365.73  90067.47
 23.0  8104.0 295.96   0.015407   3.06 242.45 367.11  90052.67
 23.0  8135.0 294.18   0.012992   3.66 175.64 364.76  90371.77
 23.0  8165.0 293.50   0.011021   3.41 182.63 346.87  90567.62
 23.0  8196.0 292.98   0.008733   2.70 197.28 323.09  90473.41
 23.0  8226.0 291.49   0.008605   4.03 177.01 334.26  90622.80
 23.0  8257.0 294.80   0.006824   3.61 273.79 306.68  90378.84
 23.0  8288.0 297.98   0.006724   3.99 323.34 314.64  90169.53
 23.0  8318.0 299.05   0.006233   4.50 350.79 315.08  90155.09
 23.0  8349.0 299.80   0.009524   3.46 314.89 350.31  89955.88
 23.0  8379.0 296.26   0.013461   2.62 259.53 361.94  89952.73
 24.0  8410.0 295.83   0.014152   2.51 242.65 368.49  89810.69
 24.0  8441.0 294.80   0.014865   2.67 231.06 372.22  90054.14
 24.0  8469.0 294.70   0.014065   3.09 231.15 362.95  90210.55
 24.0  8500.0 293.91   0.012984   3.09 188.84 363.01  90391.91
 24.0  8530.0 291.34   0.010459   3.81 166.17 346.44  90601.42
 24.0  8561.0 291.05   0.008365   3.69 199.87 322.72  90653.36
 24.0  8591.0 290.49   0.006992   3.49 221.46 304.28  90649.86
 24.0  8622.0 293.06   0.007017   3.70 251.30 313.08  90482.73
 24.0  8653.0 296.74   0.007275   3.91 301.63 321.30  90237.20
 24.0  8683.0 297.41   0.008105   4.16 303.26 331.26  90230.25
 24.0  8714.0 298.31   0.010638   3.92 303.18 351.52  90041.81
 24.0  8744.0 297.93   0.012651   2.82 282.28 361.59  90007.86
 25.0  8775.0 298.76   0.011422   3.31 307.88 357.78  90018.26
 25.0  8806.0 296.53   0.014003   2.71 238.82 374.49  90059.38
 25.0  8834.0 294.94   0.014958   2.59 219.47 369.88  90185.34
 25.0  8865.0 292.56   0.012977   3.86 154.21 367.64  90423.41
 25.0  8895.0 291.18   0.010984   3.60 163.39 344.48  90613.20
 25.0  8926.0 289.83   0.009065   4.16 168.87 333.23  90672.45
 25.0  8956.0 290.59   0.008323   3.28 198.89 317.82  90638.45
 25.0  8987.0 291.76   0.008261   3.86 198.61 331.91  90508.38
 25.0  9018.0 295.58   0.007026   4.06 292.89 316.50  90364.44
 25.0  9048.0 298.47   0.006891   3.95 330.48 324.03  90200.14
 25.0  9079.0 299.30   0.008480   4.49 333.56 336.73  90119.31
 25.0  9109.0 297.27   0.012135   2.96 294.33 353.89  90038.09
 26.0  9140.0 298.61   0.012036   3.17 281.57 369.37  89992.46
 26.0  9171.0 296.50   0.015988   1.88 257.71 370.87  89834.10
 26.0  9199.0 294.82   0.013953   3.60 223.49 368.38  90174.95
 26.0  9230.0 295.12   0.012032   3.20 212.95 356.75  90293.67
 26.0  9260.0 292.28   0.009392   3.91 171.81 343.24  90526.83
 26.0  9291.0 291.06   0.008989   4.20 162.62 336.29  90598.00
 26.0  9321.0 290.57   0.008046   3.85 178.03 326.22  90630.58
 26.0  9352.0 293.58   0.007059   3.72 255.67 315.22  90414.80
 26.0  9383.0 295.57   0.006924   3.88 277.87 321.23  90349.25
 26.0  9413.0 298.26   0.008411   4.20 303.85 335.51  90063.20
 26.0  9444.0 299.27   0.009212   3.92 319.45 346.51  90075.28
 26.0  9474.0 297.25   0.011597   3.49 253.06 361.83  89929.27
 27.0  9505.0 295.61   0.013630   2.81 276.91 358.36  90153.80
 27.0  9536.0 295.47   0.013381   2.88 248.25 363.25  90077.86
 27.0  9564.0 297.01   0.012301   3.23 251.09 363.90  90152.45
 27.0  9595.0 292.96   0.013065   3.64 157.75 371.59  90368.60
 27.0  9625.0 292.73   0.009860   3.49 202.70 333.35  90471.48
 27.0  9656.0 292.99   0.007134   3.33 237.27 308.31  90493.77
 27.0  9686.0 294.06   0.007051   3.18 241.27 311.51  90382.36
 27.0  9717.0 293.57   0.007793   3.98 230.12 323.07  90393.05
 27.0  9748.0 296.30   0.007194   4.43 294.36 317.67  90199.85
 27.0  9778.0 300.05   0.007814   4.22 326.57 334.89  90029.67
 27.0  9809.0 300.18   0.009757   3.82 323.15 351.85  89915.98
 27.0  9839.0 296.17   0.014598   2.73 229.05 373.68  89853.47
 28.0  9870.0 294.52   0.014906   2.56 237.07 365.28  90034.48
 28.0  9901.0 294.81   0.015341   2.07 242.50 364.38  90002.70
 28.0  9929.0 294.23   0.015180   2.79 202.94 370.83  90125.23
 28.0  9960.0 293.55   0.013951   2.92 183.98 362.14  90286.16
 28.0  9990.0 292.48   0.012493   2.76 173.57 347.77  90415.10
 28.0 10021.0 291.15   0.010127   3.58 202.76 322.20  90534.91
 28.0 10051.0 290.82   0.009470   3.37 204.45 317.39  90580.86
 28.0 10082.0 292.27   0.008693   2.98 249.71 310.32  90522.88
 28.0 10113.0 295.38   0.007718   3.48 295.12 315.53  90351.20
 28.0 10143.0 297.94   0.007786   3.86 329.56 326.25  90075.01
 28.0 10174.0 296.66   0.013243   2.71 260.89 363.87  89961.63
 28.0 10204.0 294.51   0.014344   3.17 229.25 368.29  89968.67
 29.0 10235.0 294.98   0.015176   2.60 254.44 366.55  89916.67
 29.0 10266.0 295.57   0.015061   2.40 277.65 360.42  90064.01
 29.0 10294.0 293.86   0.014636   3.07 182.94 376.35  90137.45
 29.0 10325.0 292.09   0.012783   4.06 155.77 367.93  90373.16
 29.0 10355.0 291.75   0.011967   3.09 176.02 346.74  90460.53
 29.0 10386.0 289.50   0.010100   4.01 154.39 340.05  90656.95
 29.0 10416.0 289.87   0.009667   3.32 184.51 328.72  90608.48
 29.0 10447.0 291.86   0.009085   3.31 253.94 315.31  90412.39
 29.0 10478.0 296.27   0.008348   2.49 323.28 309.08  90157.52
 29.0 10508.0 299.13   0.008417   3.68 336.36 330.46  90064.94
 29.0 10539.0 298.96   0.010835   3.18 299.78 356.45  89970.77
 29.0 10569.0 294.70   0.014809   2.22 239.49 362.61  89952.62
 30.0 10600.0 295.60   0.015615   2.42 261.61 366.11  89772.36
 30.0 10631.0 294.16   0.015365   2.59 196.47 375.34  89992.69
 30.0 10659.0 294.12   0.014689   2.52 224.30 362.49  90191.19
 30.0 10690.0 293.12   0.013300   3.46 183.64 361.75  90339.91
 30.0 10720.0 290.70   0.010783   3.47 177.75 338.06  90559.69
 30.0 10751.0 289.74   0.009183   3.18 202.37 316.04  90657.93
 30.0 10781.0 288.67   0.009854   3.51 128.15 345.18  90685.79
 30.0 10812.0 289.30   0.009142   3.52 184.66 327.74  90561.38
 30.0 10843.0 293.42   0.009266   3.23 283.59 318.05  90283.05
 30.0 10873.0 298.79   0.008013   2.97 349.40 318.53  90101.00
 30.0 10904.0 296.89   0.012551   3.74 256.11 361.07  89950.59
 30.0 10934.0 295.38   0.015285   3.03 248.09 369.58  89999.66
 31.0 10965.0 295.68   0.015538   3.37 254.77 368.32  89895.17
 31.0 10996.0 296.09   0.015858   2.59 280.53 362.11  90051.77
 31.0 11024.0 295.00   0.014954   3.49 215.20 370.14  90153.00
 31.0 11055.0 293.49   0.013811   3.85 159.62 371.09  90375.37
 31.0 11085.0 291.12   0.011702   4.28 141.08 358.45  90643.12
 31.0 11116.0 289.17   0.010014   4.23 150.09 336.55  90716.74
 31.0 11146.0 289.28   0.009903   3.21 164.91 327.60  90649.14
 31.0 11177.0 292.92   0.010231   2.70 265.38 309.66  90451.05
 31.0 11208.0 295.54   0.009658   3.34 277.09 325.52  90371.42
 31.0 11238.0 298.09   0.008407   3.42 327.79 327.03  90136.81
 31.0 11269.0 296.56   0.010690   2.99 266.41 349.84  90148.85
 31.0 11299.0 294.46   0.014464   2.87 234.63 363.78  90160.88
 32.0 11330.0 295.42   0.015193   2.44 257.87 366.36  89947.11
 32.0 11361.0 295.99   0.015435   2.11 282.49 362.44  89997.62
 32.0 11389.0 295.34   0.014560   2.57 242.41 364.80  90225.09
 32.0 11420.0 292.47   0.013531   3.91 121.48 375.95  90461.09
 32.0 11450.0 290.81   0.011641   4.17 140.78 357.60  90663.95
 32.0 11481.0 290.42   0.010379   3.01 178.27 330.77  90567.41
 32.0 11511.0 290.16   0.008936   2.75 211.03 312.99  90607.30
 32.0 11542.0 291.18   0.009150   3.55 211.66 326.73  90578.95
 32.0 11573.0 294.99   0.008161   3.86 290.29 319.14  90407.88
 32.0 11603.0 299.16   0.008307   3.79 336.82 331.82  90077.03
 32.0 11634.0 299.03   0.009712   3.77 311.79 349.37  90098.27
 32.0 11664.0 298.60   0.012408   3.20 284.26 363.92  89920.91
 33.0 11695.0 295.18   0.015302   2.58 228.37 373.24  90042.39
 33.0 11726.0 295.25   0.015674   2.52 211.42 379.49  89941.48
 33.0 11754.0 293.37   0.014365   3.64 155.55 379.32  90179.84
 33.0 11785.0 292.61   0.013156   3.66 149.63 370.13  90406.90
 33.0 11815.0 291.47   0.011645   3.68 184.80 344.07  90552.94
 33.0 11846.0 288.18   0.009713   4.16 125.62 343.32  90740.83
 33.0 11876.0 289.43   0.009319   2.97 226.03 306.40  90669.80
 33.0 11907.0 290.65   0.009098   3.30 227.54 318.11  90549.16
 33.0 11938.0 294.01   0.009627   2.87 281.75 319.76  90356.20
 33.0 11968.0 295.77   0.008577   3.47 316.39 319.01  90298.06
 33.0 11999.0 298.97   0.011329   3.25 315.06 349.80  90039.09
 33.0 12029.0 298.53   0.011178   3.34 286.50 357.46  90034.00
 34.0 12060.0 296.15   0.015543   2.43 259.38 370.51  89888.12
 34.0 12091.0 295.90   0.014774   2.80 251.42 369.03  90096.31
 34.0 12119.0 294.45   0.014901   2.99 194.91 372.58  90194.12
 34.0 12150.0 293.85   0.014020   3.64 160.17 375.85  90350.46
 34.0 12180.0 290.93   0.011084   3.70 158.62 347.09  90642.54
 34.0 12211.0 289.21   0.010251   3.77 132.38 344.57  90670.02
 34.0 12241.0 289.12   0.008857   3.81 189.05 322.26  90691.05
 34.0 12272.0 291.10   0.008514   3.63 231.92 316.42  90632.72
 34.0 12303.0 295.92   0.006873   3.70 323.69 306.42  90305.42
 34.0 12333.0 298.34   0.007458   4.11 333.49 322.56  90166.17
 34.0 12364.0 299.95   0.009323   3.51 324.31 345.54  90026.02
 34.0 12394.0 297.19   0.013058   3.21 290.29 357.30  90005.52
 35.0 12425.0 295.22   0.015537   2.99 220.12 374.35  89845.72
 35.0 12456.0 295.25   0.015292   2.55 244.43 368.11  90083.43
 35.0 12484.0 294.05   0.014505   3.19 184.88 375.93  90176.05
 35.0 12515.0 293.79   0.013239   2.99 192.05 360.29  90307.64
 35.0 12545.0 292.20   0.011217   3.02 187.79 340.93  90460.25
 35.0 12576.0 290.36   0.009939   3.54 163.69 335.71  90659.06
 35.0 12606.0 289.33   0.009331   3.57 159.87 333.71  90689.49
 35.0 12637.0 292.14   0.008820   3.00 246.82 316.62  90523.17
 35.0 12668.0 294.96   0.007927   3.58 301.24 313.67  90304.73
 35.0 12698.0 298.94   0.007718   3.95 340.67 322.84  90108.83
 35.0 12729.0 299.88   0.009491   3.48 327.91 345.79  89964.05
 35.0 12759.0 296.71   0.014870   2.11 243.03 372.54  89980.14
 36.0 12790.0 296.11   0.015374   2.56 251.15 372.88  89943.09
 36.0 12821.0 294.80   0.015229   2.58 224.62 371.68  89898.17
 36.0 12849.0 293.76   0.014534   3.19 176.04 373.41  90158.14
 36.0 12880.0 293.71   0.014085   3.00 189.28 365.41  90248.64
 36.0 12910.0 290.31   0.010440   3.27 190.79 331.88  90472.52
 36.0 12941.0 288.19   0.009461   4.30 124.02 340.71  90688.85
 36.0 12971.0 289.48   0.009885   3.25 178.53 326.93  90505.34
 36.0 13002.0 290.01   0.008992   4.08 218.33 320.02  90636.61
 36.0 13033.0 294.30   0.008864   3.12 314.74 311.14  90288.73
 36.0 13063.0 297.91   0.008728   3.49 340.06 325.44  90085.62
 36.0 13094.0 299.40   0.008875   3.56 320.16 344.04  90072.44
 36.0 13124.0 297.17   0.013755   2.71 279.35 362.00  89945.16
 37.0 13155.0 297.96   0.011548   3.35 289.39 361.92  90003.55
 37.0 13186.0 299.55   0.010069   3.71 307.27 362.00  90021.81
 37.0 13214.0 297.95   0.012633   3.06 274.62 367.34  89963.15
 37.0 13245.0 294.69   0.011706   3.92 190.02 364.94  90195.98
 37.0 13275.0 292.11   0.008880   4.07 173.36 338.70  90389.05
 37.0 13306.0 290.46   0.007606   4.41 195.20 318.22  90600.07
 37.0 13336.0 289.42   0.006826   3.96 186.22 316.82  90636.29
 37.0 13367.0 293.11   0.006319   3.97 260.43 306.90  90483.34
 37.0 13398.0 295.71   0.006563   4.06 306.05 311.96  90303.23
 37.0 13428.0 298.95   0.006742   4.52 332.71 323.32  90067.92
 37.0 13459.0 299.15   0.009945   3.19 310.48 351.98  89958.26
 37.0 13489.0 297.19   0.013485   2.76 273.57 369.56  89919.51
 38.0 13520.0 295.75   0.013891   2.65 275.52 366.48  90048.56
 38.0 13551.0 295.16   0.015062   2.90 229.00 376.16  89770.56
 38.0 13579.0 294.28   0.014354   3.15 206.09 374.30  90105.09
 38.0 13610.0 292.92   0.012993   3.42 155.75 370.52  90281.30
 38.0 13640.0 290.77   0.011264   3.86 135.58 356.88  90554.54
 38.0 13671.0 288.28   0.009162   4.00 161.74 328.07  90679.86
 38.0 13701.0 288.29   0.009238   3.81 149.31 336.54  90643.59
 38.0 13732.0 289.75   0.008652   3.07 221.86 316.17  90478.77
 38.0 13763.0 292.36   0.008686   3.14 261.33 322.27  90342.31
 38.0 13793.0 296.96   0.008440   3.61 330.22 327.51  90186.45
 38.0 13824.0 297.10   0.009991   3.99 291.22 348.84  90146.69
 38.0 13854.0 298.20   0.011574   3.28 303.69 362.54  89938.55
 39.0 13885.0 294.50   0.013644   3.13 235.32 364.96  90050.08
 39.0 13916.0 296.35   0.012908   2.94 275.34 361.69  90046.42
 39.0 13944.0 297.82   0.010588   3.95 272.75 362.13  90163.44
 39.0 13975.0 297.30   0.009245   3.80 268.47 341.19  90192.98
 39.0 14005.0 296.27   0.007924   2.94 248.99 324.90  90357.06
 39.0 14036.0 292.38   0.007403   3.78 212.23 317.07  90495.20
 39.0 14066.0 289.76   0.007965   4.23 162.77 328.76  90596.66
 39.0 14097.0 293.52   0.006834   4.10 271.93 309.92  90367.00
 39.0 14128.0 294.92   0.007549   4.61 272.23 324.97  90298.20
 39.0 14158.0 297.41   0.007298   4.78 316.67 327.26  90107.88
 39.0 14189.0 300.16   0.007518   4.45 342.03 339.97  89910.80
 39.0 14219.0 298.69   0.011423   3.29 276.04 367.08  89911.74
 40.0 14250.0 294.44   0.014383   3.10 199.75 379.96  89935.38
 40.0 14281.0 294.80   0.013594   2.88 237.41 368.64  90056.94
 40.0 14309.0 294.47   0.014486   2.80 220.90 372.89  89980.59
 40.0 14340.0 291.96   0.011803   3.68 181.70 354.12  90306.63
 40.0 14370.0 290.43   0.010708   4.22 163.28 345.15  90532.44
 40.0 14401.0 288.26   0.009528   3.91 136.35 338.68  90570.95
 40.0 14431.0 287.11   0.008575   4.49 151.24 330.72  90688.58
 40.0 14462.0 290.47   0.009141   3.22 244.62 313.03  90466.89
 40.0 14493.0 291.96   0.009661   3.68 240.42 330.42  90418.38
 40.0 14523.0 296.40   0.008943   2.80 340.36 321.58  90224.85
 40.0 14554.0 298.40   0.009423   3.67 305.04 347.67  90113.97
 40.0 14584.0 298.04   0.011462   3.03 285.97 364.31  89963.78
 41.0 14615.0 295.17   0.013705   3.26 225.82 370.48  90007.08
 41.0 14646.0 294.32   0.014386   2.46 238.72 364.59  90156.31
 41.0 14674.0 293.54   0.014055   3.27 190.81 371.56  90108.72
 41.0 14705.0 292.40   0.013174   3.40 141.82 375.73  90282.90
 41.0 14735.0 291.79   0.011402   3.10 183.98 343.17  90504.12
 41.0 14766.0 289.18   0.009441   3.72 158.60 333.96  90653.30
 41.0 14796.0 287.66   0.008709   3.66 146.42 330.15  90726.92
 41.0 14827.0 291.55   0.008853   3.04 250.96 311.89  90428.47
 41.0 14858.0 295.32   0.007508   3.54 318.45 309.44  90286.09
 41.0 14888.0 296.34   0.007955   3.89 306.80 328.74  90133.36
 41.0 14919.0 298.40   0.008519   3.97 325.18 342.17  90086.28
 41.0 14949.0 297.20   0.013232   2.57 234.04 376.60  89983.89
 42.0 14980.0 293.78   0.013940   2.86 194.13 373.48  90031.69
 42.0 15011.0 294.80   0.014854   1.96 234.31 367.39  89963.92
 42.0 15039.0 293.70   0.014255   2.83 198.90 370.12  90094.20
 42.0 15070.0 292.61   0.012645   3.71 175.97 363.28  90373.38
 42.0 15100.0 291.15   0.011495   3.81 153.92 353.49  90503.17
 42.0 15131.0 289.56   0.009925   4.17 172.55 333.84  90585.25
 42.0 15161.0 287.66   0.008661   3.88 153.09 326.41  90734.47
 42.0 15192.0 291.75   0.009222   2.49 271.76 306.69  90385.35
 42.0 15223.0 294.32   0.009040   3.01 311.64 313.76  90245.79
 42.0 15253.0 296.80   0.008922   3.70 328.59 327.66  90095.23
 42.0 15284.0 296.51   0.011014   3.11 291.14 347.03  90067.98
 42.0 15314.0 296.72   0.013476   2.62 288.74 364.22  89997.31
 43.0 15345.0 296.78   0.012518   2.87 288.34 358.89  89981.19
 43.0 15376.0 296.88   0.014917   1.88 270.70 370.19  89951.25
 43.0 15404.0 293.69   0.014430   2.97 174.88 374.87  90154.03
 43.0 15435.0 291.88   0.012314   3.63 154.24 363.24  90416.11
 43.0 15465.0 291.82   0.010954   3.37 184.76 344.38  90497.39
 43.0 15496.0 290.37   0.009136   3.99 194.01 324.32  90613.64
 43.0 15526.0 290.26   0.008770   3.25 196.14 324.02  90548.45
 43.0 15557.0 293.74   0.007314   3.09 289.54 303.63  90399.16
 43.0 15588.0 295.53   0.007167   4.14 313.54 312.44  90287.94
 43.0 15618.0 298.84   0.007217   3.96 335.64 326.76  90036.41
 43.0 15649.0 298.45   0.008997   4.55 301.97 348.52  90079.06
 43.0 15679.0 298.78   0.010722   3.36 318.05 354.81  89958.39
 44.0 15710.0 296.43   0.014155   2.22 260.51 370.15  89946.42
 44.0 15741.0 294.67   0.014991   2.92 207.53 377.11  89805.23
 44.0 15769.0 294.35   0.013833   3.49 225.54 364.89  90197.37
 44.0 15800.0 294.42   0.012086   3.30 222.21 355.31  90356.78
 44.0 15830.0 292.72   0.010667   3.52 194.15 341.91  90475.67
 44.0 15861.0 290.03   0.008818   4.50 191.11 323.21  90689.29
 44.0 15891.0 289.32   0.009150   3.57 169.76 329.29  90577.25
 44.0 15922.0 292.84   0.008137   3.20 260.47 312.61  90421.95
 44.0 15953.0 295.40   0.007125   3.69 290.42 316.29  90168.59
 44.0 15983.0 297.15   0.006604   3.96 338.12 314.22  90146.18
 44.0 16014.0 299.54   0.007679   4.19 344.84 331.98  90001.99
 44.0 16044.0 297.35   0.012933   2.81 266.61 368.19  89914.09
 45.0 16075.0 295.32   0.014355   2.81 252.30 366.47  89954.81
 45.0 16106.0 293.97   0.014736   2.63 205.29 372.47  89934.96
 45.0 16134.0 294.45   0.013573   2.87 240.83 361.45  90108.59
 45.0 16165.0 293.11   0.012568   2.83 179.60 359.94  90249.80
 45.0 16195.0 291.72   0.011041   3.14 165.22 347.76  90458.06
 45.0 16226.0 289.22   0.009328   3.71 156.77 335.07  90649.61
 45.0 16256.0 289.48   0.009147   3.27 176.42 325.51  90584.22
 45.0 16287.0 292.34   0.008681   3.03 241.63 316.68  90464.41
 45.0 16318.0 294.58   0.007693   3.73 293.38 316.46  90288.00
 45.0 16348.0 297.67   0.008630   3.45 309.65 330.47  90023.30
 45.0 16379.0 297.09   0.010111   3.63 302.86 346.66  90117.12
 45.0 16409.0 296.76   0.013302   2.61 255.79 372.74  89997.17
 46.0 16440.0 295.27   0.014737   2.63 247.72 366.39  89907.00
 46.0 16471.0 294.95   0.014385   2.32 259.00 361.07  90032.05
 46.0 16499.0 294.58   0.014970   2.44 219.29 368.71  89956.19
 46.0 16530.0 292.99   0.013333   3.81 156.92 372.72  90277.34
 46.0 16560.0 289.97   0.010505   4.12 154.14 344.67  90565.79
 46.0 16591.0 288.19   0.009476   3.76 135.92 336.29  90594.69
 46.0 16621.0 289.50   0.008969   3.41 211.18 311.23  90584.03
 46.0 16652.0 290.20   0.008324   3.54 244.50 307.58  90557.58
 46.0 16683.0 293.07   0.008463   3.42 292.56 313.48  90341.92
 46.0 16713.0 298.68   0.007799   3.35 340.07 324.97  90074.71
 46.0 16744.0 300.74   0.007906   3.86 347.92 339.42  89935.55
 46.0 16774.0 295.49   0.014477   3.00 228.53 373.76  89785.25
 47.0 16805.0 294.93   0.014961   2.54 228.63 371.52  89780.30
 47.0 16836.0 294.50   0.014295   3.05 236.52 366.27  90011.89
 47.0 16864.0 294.46   0.014654   3.03 201.83 373.11  90090.19
 47.0 16895.0 293.06   0.012879   3.46 169.00 366.58  90324.30
 47.0 16925.0 291.57   0.011460   3.33 169.64 345.49  90461.89
 47.0 16956.0 289.81   0.009839   3.67 171.62 330.38  90584.84
 47.0 16986.0 288.47   0.009230   4.04 146.16 331.91  90603.47
 47.0 17017.0 290.22   0.009773   3.40 204.33 327.21  90561.11
 47.0 17048.0 293.58   0.010429   3.10 254.05 330.56  90226.48
 47.0 17078.0 298.14   0.008918   3.10 331.92 328.03  90051.64
 47.0 17109.0 296.87   0.012184   3.15 266.73 362.36  90007.55
 47.0 17139.0 296.67   0.014039   2.20 290.06 360.84  89980.33
 48.0 17170.0 295.52   0.014610   2.43 253.72 366.48  89890.14
 48.0 17201.0 295.50   0.014888   2.41 223.59 375.00  89988.34
 48.0 17229.0 294.42   0.014261   2.82 214.49 366.64  90059.12
 48.0 17260.0 293.37   0.013514   3.08 178.84 365.34  90234.61
 48.0 17290.0 291.27   0.011624   3.52 138.25 357.85  90498.34
 48.0 17321.0 288.98   0.009507   3.94 151.31 334.19  90650.83
 48.0 17351.0 288.14   0.008953   3.71 149.65 331.87  90668.45
 48.0 17382.0 291.50   0.009015   3.34 250.05 313.59  90504.83
 48.0 17413.0 294.91   0.007824   3.48 305.88 310.07  90406.51
 48.0 17443.0 299.60   0.007626   3.60 340.55 327.24  89973.03
 48.0 17474.0 297.53   0.010963   3.18 294.45 352.83  90059.73
 48.0 17504.0 294.57   0.014747   2.93 182.86 379.90  89803.99
 49.0 17535.0 293.70   0.014281   3.20 216.47 370.58  89962.98
 49.0 17566.0 294.59   0.015077   2.62 249.93 367.15  89942.79
 49.0 17594.0 293.51   0.014789   2.54 194.98 370.28  90074.64
 49.0 17625.0 292.38   0.013349   3.05 160.63 365.53  90273.35
 49.0 17655.0 290.31   0.011097   3.05 185.98 334.77  90441.92
 49.0 17686.0 288.69   0.009665   3.51 177.88 322.92  90594.54
 49.0 17716.0 288.01   0.009384   3.54 158.85 330.47  90646.48
 49.0 17747.0 290.40   0.009357   3.18 235.28 313.89  90415.16
 49.0 17778.0 292.71   0.009087   3.05 294.23 310.92  90316.33
 49.0 17808.0 295.20   0.009960   3.16 309.08 326.30  90135.10
 49.0 17839.0 298.08   0.008894   3.56 353.70 324.87  90077.89
 49.0 17869.0 297.56   0.013347   2.24 283.61 359.70  89910.23
 50.0 17900.0 294.75   0.014610   3.04 247.19 363.01  89953.27
 50.0 17931.0 294.59   0.015156   2.65 209.60 371.67  89994.86
 50.0 17959.0 294.78   0.014760   2.98 229.98 364.86  90116.29
 50.0 17990.0 293.83   0.013158   3.67 183.44 362.80  90291.09
 50.0 18020.0 291.87   0.011858   3.62 156.08 350.64  90536.60
 50.0 18051.0 289.51   0.010024   4.03 141.20 342.51  90712.72
 50.0 18081.0 289.45   0.009252   3.34 186.93 318.17  90614.04
 50.0 18112.0 290.68   0.009975   3.47 193.36 332.00  90585.59
 50.0 18143.0 295.32   0.008776   3.43 284.57 319.88  90369.50
 50.0 18173.0 299.64   0.008542   3.73 339.70 329.15  90096.23
 50.0 18204.0 298.60   0.011541   3.04 294.10 355.99  90002.75
 50.0 18234.0 296.44   0.013790   2.70 277.45 360.65  90034.47
 51.0 18265.0 296.30   0.014146   2.28 269.04 363.08  89934.83
 51.0 18296.0 294.37   0.015122   2.66 198.22 373.64  89894.59
 51.0 18324.0 294.63   0.015518   2.02 223.97 368.37  90111.54
 51.0 18355.0 292.66   0.012953   3.20 161.31 365.01  90302.91
 51.0 18385.0 291.03   0.011343   3.20 155.71 349.64  90462.50
 51.0 18416.0 289.33   0.009796   3.41 159.24 335.25  90553.59
 51.0 18446.0 288.83   0.009048   3.43 184.72 320.80  90669.86
 51.0 18477.0 291.89   0.008175   2.84 258.88 305.19  90562.27
 51.0 18508.0 296.93   0.008156   3.14 311.48 318.45  90140.30
 51.0 18538.0 298.32   0.007674   3.86 341.97 323.19  90122.06
 51.0 18569.0 298.08   0.011638   3.70 260.80 361.48  89823.16
 51.0 18599.0 294.89   0.014856   2.66 238.61 367.15  89975.49
 52.0 18630.0 294.95   0.015093   2.64 217.11 374.24  89826.41
 52.0 18661.0 294.42   0.015141   2.47 224.88 371.91  89996.17
 52.0 18689.0 294.15   0.015290   2.68 210.74 371.34  90050.45
 52.0 18720.0 292.74   0.013501   3.48 167.23 368.83  90344.75
 52.0 18750.0 291.41   0.011793   3.47 168.76 350.41  90485.36
 52.0 18781.0 288.52   0.009498   4.04 159.48 329.66  90681.47
 52.0 18811.0 287.63   0.009168   3.96 146.82 330.18  90718.12
 52.0 18842.0 291.24   0.010463   2.45 248.56 316.79  90432.66
 52.0 18873.0 292.94   0.008924   2.98 319.29 303.92  90394.55
 52.0 18903.0 295.70   0.010034   3.11 325.35 324.54  90254.41
 52.0 18934.0 298.85   0.009221   3.16 349.21 330.80  90074.77
 52.0 18964.0 296.27   0.013258   2.89 274.56 355.81  90056.52
 53.0 18995.0 294.78   0.015152   2.52 238.70 367.66  89941.20
 53.0 19026.0 294.93   0.015376   2.50 249.28 361.03  90087.52
 53.0 19054.0 295.61   0.014625   2.62 250.71 358.47  90092.69
 53.0 19085.0 292.63   0.013554   3.79 140.58 373.16  90440.77
 53.0 19115.0 290.78   0.011532   3.63 144.57 349.38  90527.00
 53.0 19146.0 290.98   0.010157   3.16 197.47 322.33  90556.30
 53.0 19176.0 289.17   0.009536   3.58 148.95 338.30  90702.05
 53.0 19207.0 292.25   0.009092   3.01 229.19 320.21  90528.81
 53.0 19238.0 295.78   0.008275   2.91 293.48 316.31  90284.64
 53.0 19268.0 298.92   0.008561   3.50 315.96 332.76  90083.39
 53.0 19299.0 299.13   0.009899   3.56 323.68 346.67  90089.94
 53.0 19329.0 298.10   0.012955   2.68 280.87 364.39  89966.38
 54.0 19360.0 295.17   0.015133   2.85 244.31 369.29  89838.61
 54.0 19391.0 295.49   0.015328   2.18 248.39 366.66  89997.45
 54.0 19419.0 294.02   0.014539   3.20 196.66 371.51  90164.64
 54.0 19450.0 293.17   0.013689   3.49 154.89 371.76  90380.89
 54.0 19480.0 291.14   0.011730   3.24 151.62 350.92  90565.73
 54.0 19511.0 289.32   0.010174   3.62 137.01 342.58  90665.38
 54.0 19541.0 289.92   0.010154   2.53 187.01 322.21  90554.34
 54.0 19572.0 291.29   0.009713   3.34 226.77 321.30  90535.83
 54.0 19603.0 293.82   0.010026   3.08 270.23 327.47  90358.72
 54.0 19633.0 297.98   0.009248   3.45 321.43 330.69  90128.25
 54.0 19664.0 296.80   0.010184   3.48 280.70 347.73  90172.51
 54.0 19694.0 298.10   0.011888   2.94 309.45 354.05  89990.94
 55.0 19725.0 296.78   0.014516   2.77 249.74 369.31  89919.06
 55.0 19756.0 295.08   0.015887   2.05 235.00 370.85  89843.95
 55.0 19784.0 293.87   0.014938   3.12 180.95 375.75  90150.89
 55.0 19815.0 292.50   0.013413   3.10 156.18 364.55  90370.03
 55.0 19845.0 291.44   0.011954   3.48 169.86 346.20  90570.33
 55.0 19876.0 288.17   0.009639   3.86 140.22 337.92  90724.84
 55.0 19906.0 288.78   0.009870   2.98 166.77 328.05  90600.23
 55.0 19937.0 290.52   0.009692   3.55 223.78 321.63  90613.83
 55.0 19968.0 295.47   0.009459   2.36 320.45 310.95  90237.53
 55.0 19998.0 297.03   0.009379   3.66 323.11 326.89  90214.59
 55.0 20029.0 297.56   0.011308   2.65 296.88 344.93  90121.95
 55.0 20059.0 296.12   0.014053   2.50 269.22 358.97  90053.39
 56.0 20090.0 295.22   0.015068   2.21 221.73 371.09  89945.81
 56.0 20121.0 294.85   0.014999   2.55 227.40 369.75  90069.75
 56.0 20149.0 294.36   0.014655   3.17 195.94 375.18  90257.59
 56.0 20180.0 293.54   0.012974   3.60 195.09 359.78  90399.87
 56.0 20210.0 293.10   0.011722   3.04 201.97 344.82  90500.94
 56.0 20241.0 289.74   0.010060   3.87 148.01 339.36  90661.59
 56.0 20271.0 288.71   0.009336   3.73 147.04 335.25  90715.84
 56.0 20302.0 290.55   0.009787   3.61 191.19 334.23  90543.94
 56.0 20333.0 294.45   0.008328   3.02 302.75 312.62  90403.16
 56.0 20363.0 297.57   0.008408   4.01 322.87 327.26  90315.67
 56.0 20394.0 297.65   0.012653   3.04 291.48 355.43  89933.87
 56.0 20424.0 299.93   0.010545   3.35 333.91 350.48  90026.63
 57.0 20455.0 298.14   0.013850   2.21 260.46 372.35  90049.34
 57.0 20486.0 295.98   0.016477   1.84 230.91 376.53  89863.73
 57.0 20514.0 294.02   0.015024   3.48 165.42 380.31  90197.55
 57.0 20545.0 293.88   0.014020   3.32 178.52 367.47  90331.64
 57.0 20575.0 291.19   0.011826   4.13 144.72 358.12  90580.97
 57.0 20606.0 289.19   0.010217   3.56 131.55 344.07  90646.33
 57.0 20636.0 288.73   0.010095   3.45 131.19 340.61  90678.38
 57.0 20667.0 290.94   0.009265   3.16 240.33 312.38  90565.27
 57.0 20698.0 295.44   0.009102   3.10 305.17 316.73  90277.54
 57.0 20728.0 299.45   0.009453   3.75 332.08 337.36  90018.00
 57.0 20759.0 298.90   0.011195   3.11 294.05 356.96  90029.47
 57.0 20789.0 298.69   0.010895   3.79 301.18 354.77  90049.17
 58.0 20820.0 297.60   0.015000   2.77 272.62 372.93  89982.61
 58.0 20851.0 295.88   0.015159   2.63 244.74 371.30  90087.12
 58.0 20879.0 295.03   0.015221   2.65 200.93 374.84  90104.55
 58.0 20910.0 293.59   0.012798   3.45 191.37 360.71  90373.60
 58.0 20940.0 292.82   0.011240   3.46 186.51 348.44  90464.61
 58.0 20971.0 290.86   0.008804   3.78 178.84 332.78  90586.28
 58.0 21001.0 292.00   0.008175   3.24 209.36 325.12  90590.52
 58.0 21032.0 296.21   0.007048   3.31 287.72 310.33  90324.98
 58.0 21063.0 297.43   0.007157   3.93 307.78 320.28  90205.53
 58.0 21093.0 299.33   0.007112   4.31 349.20 318.80  90185.23
 58.0 21124.0 298.81   0.009647   3.68 285.34 357.00  90033.83
 58.0 21154.0 296.05   0.014556   2.72 246.95 369.54  89906.27
 59.0 21185.0 296.08   0.013631   2.84 275.96 360.60  89951.55
 59.0 21216.0 294.80   0.014686   2.53 240.50 364.93  90078.98
 59.0 21244.0 293.73   0.014120   3.36 180.33 372.50  90222.88
 59.0 21275.0 294.02   0.012709   3.15 207.72 352.41  90246.68
 59.0 21305.0 292.74   0.010639   3.47 184.06 343.74  90509.12
 59.0 21336.0 291.91   0.008438   3.11 205.71 318.12  90544.71
 59.0 21366.0 290.34   0.008218   3.76 166.92 329.27  90581.78
 59.0 21397.0 292.75   0.007154   4.43 253.97 312.28  90541.66
 59.0 21428.0 295.46   0.007867   4.26 267.28 328.17  90366.12
 59.0 21458.0 297.89   0.007012   4.31 321.36 321.45  90189.11
 59.0 21489.0 299.11   0.010278   4.04 310.77 350.01  90017.85
 59.0 21519.0 299.12   0.011546   3.32 294.69 361.48  89958.70
 60.0 21550.0 298.87   0.013839   2.17 290.01 370.03  89885.80
 60.0 21581.0 294.95   0.014469   3.53 233.16 371.03  90032.68
 60.0 21609.0 294.11   0.014226   3.29 203.31 371.11  90298.38
 60.0 21640.0 293.51   0.012498   3.17 192.89 356.72  90357.32
 60.0 21670.0 293.75   0.009799   3.15 210.47 336.56  90511.14
 60.0 21701.0 292.71   0.008448   3.79 203.28 324.41  90522.35
 60.0 21731.0 292.63   0.007554   3.25 216.00 316.80  90457.17
 60.0 21762.0 294.15   0.007551   3.57 248.50 319.43  90441.38
 60.0 21793.0 296.20   0.007708   4.16 276.61 325.72  90330.23
 60.0 21823.0 300.38   0.005999   4.14 347.64 319.59  90102.94
 60.0 21854.0 298.03   0.012597   3.09 285.32 363.91  90002.85
 60.0 21884.0 299.60   0.009792   3.30 303.14 354.68  90002.98
 61.0 21915.0 295.73   0.015695   2.31 242.25 372.64  89899.12
 61.0 21946.0 294.32   0.014972   3.14 212.09 370.73  90033.48
 61.0 21974.0 294.39   0.015094   2.59 211.23 368.93  90062.00
 61.0 22005.0 292.67   0.013335   3.53 146.64 370.10  90342.28
 61.0 22035.0 291.60   0.011651   3.55 154.34 356.12  90559.94
 61.0 22066.0 290.16   0.009950   4.06 162.52 340.47  90693.95
 61.0 22096.0 288.47   0.008642   3.76 170.64 321.53  90721.68
 61.0 22127.0 290.70   0.009007   3.56 196.53 328.24  90579.28
 61.0 22158.0 295.13   0.007902   3.77 288.43 318.97  90410.16
 61.0 22188.0 298.62   0.007736   3.93 322.95 329.02  90085.83
 61.0 22219.0 299.39   0.010626   4.00 307.84 354.62  90041.38
 61.0 22249.0 293.88   0.014543   3.08 176.09 376.13  90087.24
 62.0 22280.0 296.35   0.013766   2.67 263.07 362.57  90171.22
 62.0 22311.0 297.79   0.014196   2.69 265.69 370.88  90027.59
 62.0 22339.0 296.52   0.014391   2.81 234.59 369.87  90144.55
 62.0 22370.0 293.82   0.013192   3.59 156.22 369.49  90396.98
 62.0 22400.0 294.88   0.009653   3.09 238.65 330.53  90403.70
 62.0 22431.0 290.32   0.009240   4.51 149.46 338.81  90627.91
 62.0 22461.0 290.31   0.008856   3.55 179.61 327.43  90629.34
 62.0 22492.0 294.49   0.007008   3.40 250.58 315.82  90382.05
 62.0 22523.0 297.43   0.007429   4.41 313.89 318.12  90245.17
 62.0 22553.0 299.73   0.007176   4.11 337.03 327.06  90138.94
 62.0 22584.0 299.48   0.008598   4.79 322.05 341.20  90146.28
 62.0 22614.0 297.32   0.013007   2.67 220.76 377.88  89835.88
 63.0 22645.0 295.45   0.014272   2.66 271.39 357.10  90012.64
 63.0 22676.0 296.43   0.014944   2.44 277.18 362.50  89937.07
 63.0 22704.0 293.37   0.013729   3.80 185.80 367.85  90227.66
 63.0 22735.0 293.48   0.012527   3.40 204.54 354.28  90314.22
 63.0 22765.0 291.45   0.010220   3.59 174.34 343.04  90528.58
 63.0 22796.0 292.28   0.008162   2.95 234.75 309.41  90439.95
 63.0 22826.0 290.96   0.007766   3.92 205.77 316.06  90530.17
 63.0 22857.0 294.50   0.006634   3.28 272.20 307.11  90345.69
 63.0 22888.0 295.41   0.006995   4.34 280.88 316.63  90249.47
 63.0 22918.0 298.89   0.007657   4.21 315.80 331.14  90130.09
 63.0 22949.0 300.11   0.009184   3.20 321.22 344.18  89956.80
 63.0 22979.0 296.25   0.014384   3.23 255.83 369.05  89865.70
 64.0 23010.0 295.36   0.015107   2.75 255.74 365.81  89974.55
 64.0 23041.0 295.72   0.015914   2.13 254.33 367.45  89959.02
 64.0 23069.0 294.75   0.015296   2.26 227.10 365.80  90137.43
 64.0 23100.0 293.58   0.013895   2.90 172.35 366.92  90269.48
 64.0 23130.0 292.63   0.011574   3.04 195.07 341.80  90386.62
 64.0 23161.0 291.10   0.010378   3.85 157.83 345.46  90553.89
 64.0 23191.0 288.84   0.008870   4.25 156.61 335.88  90721.90
 64.0 23222.0 291.81   0.007986   3.05 253.02 308.70  90528.91
 64.0 23253.0 295.07   0.007500   3.57 283.77 318.13  90340.41
 64.0 23283.0 298.30   0.008227   3.57 306.86 334.40  90107.77
 64.0 23314.0 297.85   0.010868   3.70 287.49 353.15  89996.06
 64.0 23344.0 296.62   0.013785   2.58 257.04 364.30  90010.83
 65.0 23375.0 295.65   0.014839   2.80 274.37 360.45  89922.02
 65.0 23406.0 295.79   0.015428   2.50 256.78 366.17  90064.61
 65.0 23434.0 295.53   0.014259   3.10 250.14 363.75  90155.38
 65.0 23465.0 294.97   0.012818   3.39 201.88 362.77  90276.33
 65.0 23495.0 292.28   0.010703   3.45 168.92 345.67  90438.19
 65.0 23526.0 289.81   0.008586   4.04 170.05 325.01  90556.39
 65.0 23556.0 291.15   0.008038   3.76 203.27 321.09  90608.20
 65.0 23587.0 293.75   0.007079   3.32 258.58 309.79  90437.53
 65.0 23618.0 297.14   0.006568   3.63 318.16 309.75  90206.44
 65.0 23648.0 299.16   0.007215   4.52 334.17 323.77  90064.89
 65.0 23679.0 299.90   0.009575   3.74 293.97 356.27  90003.12
 65.0 23709.0 296.87   0.014409   2.63 273.86 365.89  89976.25
 66.0 23740.0 297.19   0.015483   2.03 264.36 370.54  89836.36
 66.0 23771.0 295.31   0.015595   2.16 237.03 366.95  89891.05
 66.0 23799.0 294.86   0.015158   2.51 234.00 364.21  90110.77
 66.0 23830.0 293.91   0.013547   3.01 199.99 359.52  90321.94
 66.0 23860.0 291.68   0.010996   3.50 167.09 344.97  90496.92
 66.0 23891.0 289.66   0.009790   4.33 136.01 345.19  90663.64
 66.0 23921.0 288.35   0.007826   3.98 183.89 318.26  90758.56
 66.0 23952.0 294.55   0.007948   2.62 263.68 316.04  90359.88
 66.0 23983.0 298.27   0.006136   3.16 322.35 310.60  90136.49
 66.0 24013.0 298.41   0.008402   3.85 296.83 339.46  90057.34
 66.0 24044.0 298.80   0.009927   3.47 295.87 352.18  90075.68
 66.0 24074.0 298.31   0.012878   2.75 261.72 370.66  89896.24
 67.0 24105.0 294.77   0.015358   2.16 209.77 373.94  89929.00
 67.0 24136.0 294.58   0.015391   2.26 211.01 371.81  89933.06
 67.0 24164.0 294.13   0.014647   2.92 199.92 371.92  90184.04
 67.0 24195.0 293.03   0.013483   3.28 159.15 369.84  90338.09
 67.0 24225.0 291.75   0.011185   2.59 211.01 325.69  90475.61
 67.0 24256.0 289.02   0.010061   4.22 142.13 339.26  90677.77
 67.0 24286.0 288.90   0.008977   3.10 190.06 317.39  90633.66
 67.0 24317.0 289.94   0.008393   3.51 221.15 314.19  90571.00
 67.0 24348.0 295.02   0.008898   3.11 289.46 317.98  90225.05
 67.0 24378.0 297.67   0.008473   3.27 320.68 325.00  90123.02
 67.0 24409.0 298.88   0.010803   3.28 306.85 351.70  89964.25
 67.0 24439.0 297.75   0.013188   2.99 283.29 363.74  89952.34
 68.0 24470.0 295.25   0.014942   2.63 246.61 363.98  90009.17
 68.0 24501.0 295.09   0.014701   2.78 233.31 367.24  90155.55
 68.0 24529.0 294.07   0.014455   3.26 193.28 370.99  90216.71
 68.0 24560.0 292.84   0.013341   3.80 138.69 374.94  90373.59
 68.0 24590.0 291.66   0.010897   3.49 176.33 344.48  90631.23
 68.0 24621.0 291.14   0.009332   3.18 199.34 321.33  90607.36
 68.0 24651.0 290.04   0.008892   3.35 163.13 334.93  90662.70
 68.0 24682.0 291.31   0.007924   3.52 222.08 319.13  90508.47
 68.0 24713.0 294.58   0.007771   3.69 253.01 324.81  90333.71
 68.0 24743.0 298.74   0.008335   3.92 319.58 331.56  90140.84
 68.0 24774.0 300.67   0.008570   4.50 339.86 340.91  90159.62
 68.0 24804.0 298.74   0.012911   3.11 289.19 367.74  90054.70
 69.0 24835.0 298.76   0.012162   2.95 278.22 368.67  89985.12
 69.0 24866.0 299.28   0.012498   3.06 288.66 369.47  90005.86
 69.0 24894.0 295.08   0.014014   3.28 215.76 369.37  90258.80
 69.0 24925.0 294.44   0.012258   3.98 173.53 369.18  90414.53
 69.0 24955.0 293.17   0.010019   3.38 191.72 340.82  90547.30
 69.0 24986.0 291.39   0.008659   4.39 163.64 334.18  90727.33
 69.0 25016.0 288.94   0.007875   4.30 165.48 323.45  90724.92
 69.0 25047.0 293.85   0.006442   3.92 261.80 309.36  90493.34
 69.0 25078.0 296.53   0.006704   4.26 307.94 312.69  90309.23
 69.0 25108.0 299.65   0.007738   4.01 322.41 333.31  90114.16
 69.0 25139.0 299.43   0.009955   3.93 293.80 355.03  89929.03
 69.0 25169.0 298.60   0.012735   2.65 283.09 365.59  89923.52
 70.0 25200.0 295.05   0.014469   2.82 221.04 369.30  89830.89
 70.0 25231.0 294.18   0.014757   2.78 192.63 374.82  90012.12
 70.0 25259.0 293.87   0.013815   3.61 197.87 368.09  90201.69
 70.0 25290.0 293.08   0.012882   3.45 156.60 368.15  90354.06
 70.0 25320.0 291.11   0.011271   3.94 142.21 354.84  90577.05
 70.0 25351.0 289.28   0.009799   3.57 142.85 338.52  90579.86
 70.0 25381.0 289.22   0.008600   3.63 174.22 321.26  90674.95
 70.0 25412.0 293.13   0.007174   3.38 265.33 307.83  90508.25
 70.0 25443.0 295.34   0.007191   4.07 287.43 320.55  90383.55
 70.0 25473.0 300.58   0.007404   3.79 343.88 329.38  89975.90
 70.0 25504.0 299.98   0.009943   3.54 308.02 350.33  89941.11
 70.0 25534.0 296.78   0.013814   2.73 250.63 367.29  89904.95
 71.0 25565.0 295.66   0.015615   2.21 242.50 370.30  89975.01
 71.0 25596.0 295.56   0.015140   2.67 270.38 362.91  90146.15
 71.0 25624.0 295.31   0.015374   3.25 232.56 371.09  90071.58
 71.0 25655.0 292.88   0.012995   3.53 162.11 365.53  90390.95
 71.0 25685.0 292.12   0.010980   3.11 203.15 333.49  90479.05
 71.0 25716.0 289.44   0.009914   3.72 145.66 338.87  90650.23
 71.0 25746.0 290.21   0.009552   3.71 180.93 329.38  90670.98
 71.0 25777.0 292.20   0.008571   2.90 248.60 314.85  90496.57
 71.0 25808.0 294.08   0.007652   3.70 265.43 320.97  90422.11
 71.0 25838.0 298.28   0.009434   3.33 321.28 334.68  90054.30
 71.0 25869.0 299.44   0.010609   3.21 315.16 347.38  89917.89
 71.0 25899.0 294.91   0.014680   2.76 213.00 371.61  89845.23
 72.0 25930.0 294.65   0.015199   2.91 216.19 370.73  90111.44
 72.0 25961.0 294.76   0.015284   2.60 228.84 368.91  90043.61
 72.0 25989.0 294.12   0.014151   3.38 208.23 366.47  90264.59
 72.0 26020.0 292.96   0.013485   3.71 159.77 368.82  90343.59
 72.0 26050.0 290.45   0.010824   4.35 159.57 346.84  90640.21
 72.0 26081.0 289.39   0.010214   3.88 137.39 345.90  90710.11
 72.0 26111.0 289.00   0.009702   3.68 160.42 331.22  90664.84
 72.0 26142.0 290.76   0.009010   3.72 218.56 320.89  90587.58
 72.0 26173.0 293.50   0.009007   3.48 265.57 325.36  90383.58
 72.0 26203.0 297.93   0.009383   3.64 311.44 336.37  90155.48
 72.0 26234.0 298.77   0.010491   3.85 295.25 351.03  90066.38
 72.0 26264.0 294.68   0.015029   3.12 224.71 372.35  89957.69
 73.0 26295.0 295.16   0.014680   3.23 249.59 368.40  90099.95
 73.0 26326.0 295.58   0.015028   2.63 271.11 365.96  90016.12
 73.0 26354.0 294.07   0.014454   3.04 203.40 371.30  90153.84
 73.0 26385.0 293.03   0.013646   3.28 167.00 370.65  90300.85
 73.0 26415.0 290.71   0.011242   4.46 157.71 350.08  90568.38
 73.0 26446.0 289.09   0.009916   4.25 144.72 342.41  90701.19
 73.0 26476.0 289.00   0.008925   3.13 201.85 315.53  90567.81
 73.0 26507.0 290.26   0.009378   3.49 211.18 323.02  90530.61
 73.0 26538.0 291.97   0.009576   3.49 248.86 324.58  90424.58
 73.0 26568.0 296.88   0.009314   3.28 335.06 325.26  90104.19
 73.0 26599.0 298.03   0.010977   3.05 301.51 351.16  90057.33
 73.0 26629.0 296.27   0.014834   2.63 261.22 368.23  89935.87
 74.0 26660.0 297.78   0.012226   3.09 301.61 359.19  89973.64
 74.0 26691.0 295.10   0.014030   3.21 231.24 371.07  90048.55
 74.0 26719.0 294.65   0.014248   2.77 204.78 370.45  90150.84
 74.0 26750.0 294.14   0.012727   3.00 200.14 356.57  90308.23
 74.0 26780.0 292.28   0.010133   3.29 183.03 340.15  90447.64
 74.0 26811.0 291.30   0.009342   3.84 183.08 334.45  90601.00
 74.0 26841.0 291.39   0.007484   3.16 212.36 313.92  90495.31
 74.0 26872.0 293.38   0.007183   3.69 243.47 316.23  90426.08
 74.0 26903.0 295.70   0.007329   4.07 290.81 317.54  90269.86
 74.0 26933.0 298.74   0.007091   4.46 341.71 321.32  90225.61
 74.0 26964.0 300.03   0.009127   3.71 289.88 358.52  89976.14
 74.0 26994.0 299.25   0.010701   3.08 297.66 359.80  89927.62
 75.0 27025.0 295.51   0.014462   2.59 225.70 372.58  90039.92
 75.0 27056.0 296.30   0.014049   3.03 272.83 366.14  89989.58
 75.0 27084.0 295.47   0.012880   3.62 229.58 367.96  90197.70
 75.0 27115.0 294.87   0.010526   3.59 224.25 350.48  90316.80
 75.0 27145.0 293.40   0.009017   4.35 195.69 341.20  90561.39
 75.0 27176.0 292.74   0.007784   3.27 210.93 321.52  90368.90
 75.0 27206.0 290.72   0.007347   4.75 199.06 322.49  90700.67
 75.0 27237.0 291.78   0.006694   3.97 245.22 311.30  90563.53
 75.0 27268.0 297.67   0.006657   3.92 316.66 316.24  90098.21
 75.0 27298.0 301.42   0.006406   4.04 343.88 330.02  89890.64
 75.0 27329.0 296.88   0.012823   2.81 268.34 361.37  90032.69
 75.0 27359.0 296.33   0.013882   2.74 282.24 361.89  89908.50
 76.0 27390.0 294.85   0.014550   3.04 249.23 366.44  89920.20
 76.0 27421.0 294.26   0.014782   2.38 217.59 369.08  90104.78
 76.0 27449.0 293.86   0.014397   3.26 192.94 370.73  90210.41
 76.0 27480.0 292.63   0.013425   3.48 149.98 372.54  90392.54
 76.0 27510.0 290.96   0.011534   3.57 142.52 355.16  90550.38
 76.0 27541.0 288.60   0.009218   3.70 162.34 327.84  90693.70
 76.0 27571.0 289.69   0.009514   3.21 186.62 323.31  90607.05
 76.0 27602.0 290.82   0.009416   3.72 195.68 330.03  90526.97
 76.0 27633.0 294.24   0.008483   3.33 260.77 326.59  90404.85
 76.0 27663.0 297.89   0.007562   4.24 339.91 319.97  90159.06
 76.0 27694.0 299.75   0.009273   3.95 324.70 346.13  89877.56
 76.0 27724.0 295.49   0.014063   2.79 266.92 361.07  89911.44
 77.0 27755.0 295.86   0.014770   2.58 261.81 368.52  89889.30
 77.0 27786.0 296.62   0.012864   3.02 292.30 358.79  90054.53
 77.0 27814.0 295.43   0.014108   3.11 223.33 373.92  90123.20
 77.0 27845.0 294.42   0.012222   3.59 216.00 355.66  90335.62
 77.0 27875.0 293.14   0.010433   3.39 192.92 344.96  90418.88
 77.0 27906.0 290.97   0.008461   4.09 192.48 326.02  90648.64
 77.0 27936.0 292.11   0.007882   3.64 214.37 323.64  90615.09
 77.0 27967.0 292.96   0.007388   3.73 245.54 317.41  90462.12
 77.0 27998.0 297.59   0.006398   3.64 321.96 313.79  90154.98
 77.0 28028.0 298.59   0.008273   4.61 323.00 331.01  90121.34
 77.0 28059.0 299.22   0.010583   3.24 308.63 354.21  89984.95
 77.0 28089.0 298.10   0.011975   3.33 280.26 366.34  90008.39
 78.0 28120.0 295.83   0.014642   2.19 233.23 375.22  89979.09
 78.0 28151.0 295.31   0.014785   2.25 249.62 368.89  90005.62
 78.0 28179.0 294.68   0.014328   3.06 229.36 367.56  90091.91
 78.0 28210.0 293.35   0.012449   3.13 178.75 359.05  90344.73
 78.0 28240.0 291.47   0.010629   3.57 171.05 344.09  90508.86
 78.0 28271.0 290.91   0.009158   2.82 199.24 324.35  90516.23
 78.0 28301.0 290.54   0.008238   3.47 208.80 318.20  90555.14
 78.0 28332.0 292.60   0.007971   3.33 245.43 319.04  90376.58
 78.0 28363.0 295.39   0.007130   3.65 318.11 310.66  90296.02
 78.0 28393.0 297.88   0.007571   3.81 312.44 332.20  89991.14
 78.0 28424.0 296.09   0.012528   2.90 266.60 355.45  89916.66
 78.0 28454.0 295.07   0.014830   2.32 211.49 377.26  89896.72
 79.0 28485.0 294.64   0.014939   3.06 221.78 374.33  89980.62
 79.0 28516.0 294.34   0.015639   2.47 228.46 372.81  89990.98
 79.0 28544.0 293.93   0.014832   2.96 203.11 371.16  90193.84
 79.0 28575.0 292.42   0.013450   3.37 156.97 366.86  90341.32
 79.0 28605.0 290.60   0.011750   2.96 137.45 354.96  90592.47
 79.0 28636.0 288.86   0.010063   3.44 165.98 329.13  90648.72
 79.0 28666.0 288.77   0.009898   3.16 176.80 324.17  90617.87
 79.0 28697.0 290.74   0.009659   3.27 241.68 314.03  90573.10
 79.0 28728.0 291.79   0.009476   3.24 245.80 324.01  90500.37
 79.0 28758.0 294.56   0.009258   3.25 313.52 319.50  90257.34
 79.0 28789.0 297.68   0.009495   3.07 335.56 336.17  90088.22
 79.0 28819.0 297.65   0.012424   3.02 285.46 363.05  89969.77
 80.0 28850.0 294.95   0.015351   2.06 213.12 373.53  89913.33
 80.0 28881.0 294.41   0.014300   3.17 233.79 368.34  89974.73
 80.0 28909.0 294.12   0.014352   2.82 199.80 374.28  90198.59
 80.0 28940.0 292.66   0.013238   3.68 153.13 373.30  90382.38
 80.0 28970.0 290.33   0.011267   3.88 153.49 351.58  90518.99
 80.0 29001.0 288.78   0.009859   3.89 151.20 337.44  90612.97
 80.0 29031.0 288.25   0.009700   3.66 135.10 342.43  90678.19
 80.0 29062.0 290.10   0.009173   3.17 230.17 312.33  90536.88
 80.0 29093.0 294.04   0.009701   2.88 297.41 316.81  90315.91
 80.0 29123.0 297.83   0.008925   2.82 345.88 320.78  90114.68
 80.0 29154.0 298.70   0.009214   3.91 324.43 345.93  89969.95
 80.0 29184.0 294.85   0.013791   3.12 218.35 371.19  89922.75
 81.0 29215.0 294.71   0.014511   2.78 247.89 366.84  89956.91
 81.0 29246.0 294.15   0.014725   2.86 202.01 375.15  89967.91
 81.0 29274.0 293.15   0.013830   3.63 180.72 374.59  90295.67
 81.0 29305.0 291.99   0.012328   3.24 180.29 354.56  90374.92
 81.0 29335.0 290.90   0.010782   3.42 200.68 331.82  90503.90
 81.0 29366.0 288.76   0.009509   4.01 172.26 329.60  90671.08
 81.0 29396.0 289.32   0.009168   3.07 208.54 314.30  90583.89
 81.0 29427.0 291.31   0.009882   2.97 232.33 320.76  90425.30
 81.0 29458.0 293.34   0.009946   3.16 277.22 324.27  90293.50
 81.0 29488.0 297.57   0.009677   3.32 328.87 330.99  90069.84
 81.0 29519.0 296.99   0.011906   3.30 291.73 355.07  89997.77
 81.0 29549.0 299.68   0.009990   3.07 332.01 348.69  89992.42
 82.0 29580.0 295.09   0.014960   2.75 210.03 376.22  89798.22
 82.0 29611.0 294.72   0.014790   2.58 245.09 365.50  89955.80
 82.0 29639.0 294.70   0.013993   3.05 250.18 362.18  90035.77
 82.0 29670.0 292.67   0.013071   3.82 143.14 373.26  90296.22
 82.0 29700.0 290.38   0.011182   3.91 133.46 355.22  90459.59
 82.0 29731.0 288.38   0.009672   4.08 132.75 341.11  90695.34
 82.0 29761.0 290.50   0.009131   2.82 240.11 305.36  90553.66
 82.0 29792.0 292.99   0.009025   2.83 272.50 311.13  90334.74
 82.0 29823.0 294.08   0.008622   3.51 274.15 322.88  90323.42
 82.0 29853.0 297.02   0.009176   3.56 312.23 334.91  90057.94
 82.0 29884.0 299.18   0.009540   3.51 338.69 338.81  89909.64
 82.0 29914.0 296.51   0.012957   3.09 255.47 364.21  89828.03
 83.0 29945.0 296.74   0.013766   2.21 314.00 352.43  89977.52
 83.0 29976.0 296.65   0.013426   2.83 281.35 360.92  89951.39
 83.0 30004.0 294.53   0.014564   2.88 210.07 371.91  90196.69
 83.0 30035.0 294.46   0.012750   3.11 229.18 350.07  90253.28
 83.0 30065.0 292.93   0.010539   3.66 188.94 343.48  90432.80
 83.0 30096.0 289.66   0.007439   4.35 184.58 319.97  90684.72
 83.0 30126.0 290.53   0.007814   3.55 177.82 322.68  90605.42
 83.0 30157.0 293.89   0.007425   3.54 263.56 311.24  90437.05
 83.0 30188.0 297.70   0.006516   3.87 307.82 320.45  90091.50
 83.0 30218.0 298.55   0.008067   4.14 308.68 339.88  89970.25
 83.0 30249.0 299.32   0.008852   3.41 326.89 348.32  90000.74
 83.0 30279.0 296.08   0.013435   2.84 247.13 370.57  89861.59
 84.0 30310.0 294.51   0.014552   2.84 219.36 373.35  89899.02
 84.0 30341.0 294.38   0.015118   2.37 182.14 381.21  89773.41
 84.0 30369.0 294.14   0.015219   2.31 189.85 377.17  90067.94
 84.0 30400.0 292.52   0.012913   3.23 177.56 360.90  90354.19
 84.0 30430.0 290.46   0.011003   3.85 172.87 342.74  90521.38
 84.0 30461.0 287.71   0.009142   4.09 144.70 336.52  90740.27
 84.0 30491.0 288.85   0.009275   2.94 203.12 313.53  90623.04
 84.0 30522.0 290.75   0.009264   2.88 252.79 309.25  90452.91
 84.0 30553.0 293.41   0.009612   2.92 295.23 319.34  90278.70
 84.0 30583.0 295.69   0.009744   2.92 309.14 329.36  90109.05
 84.0 30614.0 298.54   0.010325   3.41 315.76 345.45  90035.16
 84.0 30644.0 296.05   0.014047   2.49 270.63 359.53  89866.88
 85.0 30675.0 295.77   0.015308   2.23 251.38 368.23  89953.53
 85.0 30706.0 294.75   0.015277   3.24 218.32 372.94  89969.98
 85.0 30734.0 293.94   0.014697   3.09 188.28 370.47  90127.30
 85.0 30765.0 293.10   0.013906   3.72 158.15 370.96  90389.06
 85.0 30795.0 291.52   0.011913   3.04 176.39 339.42  90516.01
 85.0 30826.0 290.23   0.010166   3.41 192.70 323.10  90624.50
 85.0 30856.0 289.63   0.009875   3.33 164.02 331.12  90642.11
 85.0 30887.0 290.28   0.009486   3.43 211.32 320.25  90556.36
 85.0 30918.0 293.33   0.009757   3.22 275.88 318.71  90379.20
 85.0 30948.0 298.57   0.009875   2.96 328.67 329.64  90099.41
 85.0 30979.0 298.15   0.009793   3.44 299.21 349.25  90051.61
 85.0 31009.0 296.89   0.012494   2.95 284.40 359.72  90012.54
 86.0 31040.0 296.01   0.014749   2.18 259.42 366.21  89916.00
 86.0 31071.0 295.51   0.013240   3.23 260.85 362.93  90182.58
 86.0 31099.0 294.41   0.014110   3.06 198.47 371.28  90215.94
 86.0 31130.0 292.93   0.013207   3.85 138.57 377.16  90466.69
 86.0 31160.0 290.83   0.011249   4.35 138.42 359.21  90739.84
 86.0 31191.0 289.17   0.009836   3.89 130.16 344.64  90665.66
 86.0 31221.0 288.08   0.008516   3.67 149.73 330.19  90676.04
 86.0 31252.0 290.39   0.008680   3.81 197.01 327.97  90552.78
 86.0 31283.0 295.89   0.006689   3.70 317.03 309.27  90376.23
 86.0 31313.0 299.19   0.007514   4.39 338.70 325.66  90248.20
 86.0 31344.0 300.85   0.008740   3.99 320.54 351.51  90046.58
 86.0 31374.0 296.44   0.014416   2.76 234.97 371.90  90025.02
 87.0 31405.0 298.35   0.013297   2.87 284.17 370.39  90039.59
 87.0 31436.0 298.15   0.015331   2.42 274.45 374.53  90040.45
 87.0 31464.0 296.25   0.014007   3.24 231.61 368.47  90180.77
 87.0 31495.0 294.75   0.012824   3.28 176.95 370.00  90286.97
 87.0 31525.0 294.52   0.008879   3.38 215.98 334.15  90444.51
 87.0 31556.0 292.08   0.007988   4.16 181.79 328.41  90583.03
 87.0 31586.0 290.44   0.007257   4.21 190.36 316.59  90601.27
 87.0 31617.0 293.17   0.007033   3.87 257.77 308.33  90451.71
 87.0 31648.0 295.37   0.007258   4.29 278.22 321.66  90406.36
 87.0 31678.0 298.07   0.008363   4.46 307.23 336.13  90101.58
 87.0 31709.0 299.93   0.008286   4.69 325.07 346.64  90050.38
 87.0 31739.0 296.76   0.012928   3.34 230.06 376.68  89874.35
 88.0 31770.0 295.23   0.014626   2.73 253.51 367.41  89964.45
 88.0 31801.0 296.13   0.015163   2.31 272.95 366.02  90006.16
 88.0 31829.0 294.82   0.014757   2.92 226.77 367.34  90172.05
 88.0 31860.0 293.00   0.013229   4.24 162.98 369.22  90403.41
 88.0 31890.0 291.53   0.011701   3.51 161.26 351.95  90525.59
 88.0 31921.0 289.84   0.009949   3.56 163.00 334.51  90646.28
 88.0 31951.0 288.09   0.008524   3.85 149.85 328.41  90662.24
 88.0 31982.0 290.77   0.008384   3.82 225.68 318.59  90459.02
 88.0 32013.0 294.76   0.008260   3.89 294.42 315.69  90318.04
 88.0 32043.0 297.84   0.008374   4.22 335.85 325.00  90184.11
 88.0 32074.0 300.66   0.009125   3.97 328.70 349.15  90017.50
 88.0 32104.0 299.15   0.011512   3.03 299.71 359.64  89945.23
 89.0 32135.0 295.54   0.015024   3.08 235.07 373.76  89939.28
 89.0 32166.0 294.52   0.013227   4.00 228.89 368.99  90224.23
 89.0 32194.0 296.45   0.012498   3.41 251.62 365.72  90172.41
 89.0 32225.0 296.65   0.011190   4.03 224.59 361.83  90345.45
 89.0 32255.0 295.59   0.009563   3.75 226.42 339.59  90410.31
 89.0 32286.0 293.85   0.007395   3.47 244.09 311.22  90472.78
 89.0 32316.0 291.83   0.008774   4.00 171.50 336.29  90529.09
 89.0 32347.0 293.10   0.007054   4.08 241.82 316.77  90437.29
 89.0 32378.0 297.93   0.007090   4.14 310.33 322.37  90177.95
 89.0 32408.0 298.58   0.007664   4.44 316.94 331.97  90112.83
 89.0 32439.0 298.03   0.011114   4.10 266.47 361.66  90034.45
 89.0 32469.0 297.60   0.013443   2.77 278.65 369.08  89967.39
 90.0 32500.0 299.74   0.010265   3.71 301.61 362.70  90100.26
 90.0 32531.0 296.05   0.015009   2.47 245.21 371.54  89991.19
 90.0 32559.0 294.36   0.014760   3.01 174.69 378.55  90172.25
 90.0 32590.0 292.68   0.013450   3.72 130.72 378.09  90383.77
 90.0 32620.0 291.93   0.012046   3.41 162.88 353.12  90463.36
 90.0 32651.0 291.15   0.009600   3.47 200.47 323.36  90566.92
 90.0 32681.0 291.49   0.007997   3.52 220.46 318.19  90570.41
 90.0 32712.0 291.75   0.007074   4.02 239.85 311.05  90565.61
 90.0 32743.0 295.75   0.007652   3.82 288.17 320.68  90230.59
 90.0 32773.0 299.45   0.007524   4.31 318.66 335.33  90049.83
 90.0 32804.0 299.20   0.010804   3.88 286.16 363.06  89985.09
 90.0 32834.0 297.09   0.014000   2.50 249.04 374.42  89974.85
 91.0 32865.0 294.15   0.014500   3.44 202.60 375.53  90052.73
 91.0 32896.0 294.62   0.014558   2.89 247.16 364.33  90025.06
 91.0 32924.0 294.59   0.014927   3.07 204.43 373.85  90012.80
 91.0 32955.0 292.03   0.012787   3.81 131.57 373.07  90315.91
 91.0 32985.0 291.74   0.011525   2.85 182.38 342.51  90426.72
 91.0 33016.0 289.44   0.009322   3.99 168.77 334.10  90724.39
 91.0 33046.0 289.15   0.009420   3.21 162.38 332.63  90654.23
 91.0 33077.0 290.62   0.008585   3.56 216.78 318.66  90547.03
 91.0 33108.0 294.49   0.007763   2.84 276.63 319.42  90307.12
 91.0 33138.0 297.85   0.007901   3.97 325.17 324.73  90116.67
 91.0 33169.0 300.21   0.008254   4.00 329.60 341.32  90116.41
 91.0 33199.0 295.41   0.014657   2.84 199.84 378.32  89786.25
 92.0 33230.0 294.57   0.015058   2.35 222.31 371.24  89800.55
 92.0 33261.0 294.16   0.014275   2.89 233.86 363.80  90055.72
 92.0 33289.0 294.86   0.015580   2.13 229.39 367.61  89968.59
 92.0 33320.0 292.80   0.013372   3.01 200.01 352.70  90280.25
 92.0 33350.0 291.99   0.011594   3.04 219.20 327.80  90478.16
 92.0 33381.0 290.05   0.010015   2.92 195.37 319.36  90496.81
 92.0 33411.0 288.85   0.009438   3.30 164.19 328.60  90587.55
 92.0 33442.0 291.22   0.009628   3.11 236.34 315.22  90477.16
 92.0 33473.0 293.72   0.009817   3.42 272.94 324.72  90319.12
 92.0 33503.0 297.95   0.008726   3.00 333.04 325.17  90069.04
 92.0 33534.0 299.03   0.010842   2.90 314.63 352.14  89942.70
 92.0 33564.0 296.66   0.012986   2.60 272.86 361.97  90007.44
 93.0 33595.0 295.52   0.015057   2.67 248.03 369.21  89832.66
 93.0 33626.0 294.75   0.014935   2.51 226.23 368.86  89925.92
 93.0 33654.0 294.41   0.014826   2.71 223.56 365.72  90168.23
 93.0 33685.0 292.53   0.012880   3.06 171.51 359.29  90314.28
 93.0 33715.0 291.63   0.011875   3.69 161.77 353.80  90517.05
 93.0 33746.0 288.89   0.009592   4.28 141.44 337.82  90683.72
 93.0 33776.0 289.02   0.009680   3.69 164.61 331.81  90610.83
 93.0 33807.0 289.99   0.009373   3.43 197.70 325.35  90606.80
 93.0 33838.0 293.80   0.009319   3.03 278.07 325.49  90322.72
 93.0 33868.0 296.83   0.010262   3.43 270.34 348.85  90131.28
 93.0 33899.0 297.49   0.013376   2.81 287.68 360.83  90012.06
 93.0 33929.0 294.46   0.015195   2.94 187.90 379.61  89830.62
 94.0 33960.0 294.81   0.015106   2.69 236.36 368.64  90000.12
 94.0 33991.0 294.27   0.014914   2.83 208.75 373.76  90124.12
 94.0 34019.0 293.84   0.014364   3.10 191.04 371.67  90204.36
 94.0 34050.0 293.25   0.013689   2.84 180.62 366.27  90265.95
 94.0 34080.0 291.72   0.011896   3.36 178.43 346.47  90447.24
 94.0 34111.0 290.14   0.010455   3.40 170.63 333.81  90487.13
 94.0 34141.0 290.24   0.009775   2.62 202.66 318.85  90534.34
 94.0 34172.0 291.83   0.009494   2.80 240.40 316.80  90472.56
 94.0 34203.0 294.36   0.010250   2.98 274.66 328.87  90274.98
 94.0 34233.0 296.37   0.010506   3.11 281.23 342.76  90165.05
 94.0 34264.0 299.64   0.009800   3.20 321.68 346.18  89953.17
 94.0 34294.0 299.15   0.011444   3.21 281.94 364.73  89867.55
 95.0 34325.0 294.48   0.015115   2.62 209.76 374.68  89873.92
 95.0 34356.0 295.18   0.015595   2.26 252.89 367.84  89975.32
 95.0 34384.0 292.96   0.014124   3.31 169.17 372.72  90172.79
 95.0 34415.0 292.83   0.013596   3.01 167.79 367.03  90300.33
 95.0 34445.0 289.88   0.011158   3.72 126.41 355.66  90594.87
 95.0 34476.0 288.70   0.010252   3.68 144.85 340.46  90601.53
 95.0 34506.0 289.53   0.009956   2.99 200.37 317.17  90613.19
 95.0 34537.0 290.17   0.009914   3.36 200.84 326.06  90577.62
 95.0 34568.0 294.53   0.009813   2.68 308.02 315.97  90271.72
 95.0 34598.0 295.44   0.010916   3.23 256.44 343.38  90101.80
 95.0 34629.0 298.47   0.010146   2.95 332.77 337.19  90092.11
 95.0 34659.0 295.12   0.014993   2.96 212.98 376.66  89932.25
 96.0 34690.0 294.68   0.014982   2.50 224.97 369.99  89977.93
 96.0 34721.0 294.89   0.014844   2.44 251.58 365.20  90059.67
 96.0 34749.0 293.69   0.014521   2.50 197.56 368.20  90163.09
 96.0 34780.0 292.15   0.013032   4.12 145.48 371.24  90437.30
 96.0 34810.0 291.48   0.011903   3.68 161.26 355.22  90517.27
 96.0 34841.0 289.74   0.009812   3.60 199.32 321.90  90632.61
 96.0 34871.0 289.70   0.009908   3.11 184.79 325.55  90582.89
 96.0 34902.0 292.91   0.010090   2.39 270.05 310.36  90477.89
 96.0 34933.0 294.69   0.009106   3.29 306.93 315.66  90348.78
 96.0 34963.0 296.65   0.008989   3.29 320.58 327.68  90193.84
 96.0 34994.0 297.50   0.012630   3.31 292.87 358.16  90000.86
 96.0 35024.0 294.95   0.014543   2.58 239.37 366.16  89956.89
 97.0 35055.0 295.15   0.014929   2.75 240.40 369.24  89977.20
 97.0 35086.0 294.46   0.014958   2.32 216.85 371.21  90085.78
 97.0 35114.0 294.65   0.015000   2.48 240.44 365.19  90089.02
 97.0 35145.0 293.19   0.013791   3.04 173.92 367.36  90358.90
 97.0 35175.0 292.04   0.012349   2.95 168.07 351.71  90435.72
 97.0 35206.0 289.24   0.010314   4.05 137.46 344.83  90691.94
 97.0 35236.0 288.52   0.009436   3.58 151.01 332.66  90677.41
 97.0 35267.0 289.72   0.009360   3.49 205.99 324.48  90627.40
 97.0 35298.0 293.81   0.009640   3.15 296.75 319.48  90337.84
 97.0 35328.0 296.85   0.009760   2.99 313.51 330.85  90163.52
 97.0 35359.0 298.24   0.010175   3.29 295.78 353.35  90051.20
 97.0 35389.0 297.40   0.012601   2.91 283.77 361.27  89917.41
 98.0 35420.0 295.02   0.014561   2.25 244.22 362.78  89952.72
 98.0 35451.0 294.09   0.014896   2.67 201.17 375.20  89878.70
 98.0 35479.0 293.72   0.013990   2.82 213.92 363.74  90172.80
 98.0 35510.0 292.29   0.012300   3.17 188.92 352.99  90312.01
 98.0 35540.0 291.42   0.010709   3.28 201.67 333.16  90511.70
 98.0 35571.0 289.51   0.009605   3.11 171.79 331.22  90573.70
 98.0 35601.0 289.47   0.009113   3.09 194.89 321.80  90602.89
 98.0 35632.0 291.25   0.009053   2.79 229.89 320.24  90418.55
 98.0 35663.0 294.73   0.007856   3.08 315.93 311.06  90358.11
 98.0 35693.0 296.98   0.007684   3.21 334.98 319.45  90133.08
 98.0 35724.0 297.86   0.010209   3.36 296.92 345.05  89997.88
 98.0 35754.0 294.55   0.014810   2.47 207.54 373.27  89899.38
 99.0 35785.0 294.91   0.014697   2.76 257.54 361.10  89999.80
 99.0 35816.0 294.21   0.014910   2.87 219.67 370.88  89966.74
 99.0 35844.0 293.28   0.014276   2.96 178.00 370.15  90169.23
 99.0 35875.0 292.28   0.013286   3.60 158.69 366.76  90330.42
 99.0 35905.0 290.90   0.011790   3.51 155.77 349.70  90540.95
 99.0 35936.0 288.48   0.009697   3.84 143.88 338.25  90694.41
 99.0 35966.0 288.10   0.009589   3.60 142.06 337.15  90755.59
 99.0 35997.0 291.68   0.010273   2.33 248.79 311.69  90432.26
 99.0 36028.0 295.31   0.010211   2.96 296.10 321.68  90283.00
 99.0 36058.0 298.01   0.009435   3.27 320.22 328.83  90118.38
 99.0 36089.0 298.69   0.010223   3.49 317.23 345.30  90008.55
 99.0 36119.0 295.44   0.014892   2.28 249.21 367.76  90006.56
100.0 36150.0 294.43   0.014281   2.45 225.36 368.99  90041.11
100.0 36181.0 294.53   0.014902   2.65 217.84 373.51  89932.74
100.0 36209.0 293.48   0.013908   3.19 193.97 369.79  90260.72
100.0 36240.0 292.33   0.012970   3.67 149.46 369.47  90297.73
100.0 36270.0 290.41   0.011079   3.53 150.94 349.30  90534.38
100.0 36301.0 289.24   0.009691   3.52 175.06 327.96  90619.70
100.0 36331.0 287.62   0.009005   3.74 151.15 332.49  90713.83
100.0 36362.0 290.16   0.009506   2.99 218.97 321.25  90523.45
100.0 36393.0 293.24   0.010136   2.89 269.80 321.40  90194.97
100.0 36423.0 296.22   0.009795   3.34 320.28 330.45  90126.27
100.0 36454.0 297.70   0.011019   3.00 301.77 349.03  89943.76
100.0 36484.0 296.35   0.014399   2.26 292.04 356.56  89897.78
