  1.0    15.0 289.86   0.012869   0.26 178.40 356.05  88321.05
  1.0    46.0 291.02   0.013786   0.28 220.43 354.34  88355.24
  1.0    74.0 291.32   0.013965   0.30 236.38 348.00  88303.22
  1.0   105.0 291.43   0.013257   0.34 279.53 330.88  88338.59
  1.0   135.0 289.27   0.011445   0.32 248.48 317.27  88554.58
  1.0   166.0 287.59   0.010045   0.33 240.69 301.23  88530.33
  1.0   196.0 287.36   0.009384   0.34 259.71 288.93  88561.80
  1.0   227.0 288.80   0.009752   0.37 300.03 287.58  88465.40
  1.0   258.0 290.38   0.010379   0.41 290.45 303.25  88283.04
  1.0   288.0 290.54   0.011919   0.33 243.48 335.97  88332.58
  1.0   319.0 290.40   0.012382   0.28 207.56 346.25  88243.35
  1.0   349.0 290.37   0.012999   0.28 203.73 350.70  88343.78
  2.0   380.0 289.67   0.012754   0.26 175.10 356.42  88308.17
  2.0   411.0 290.56   0.013515   0.26 212.16 352.74  88349.00
  2.0   439.0 291.62   0.014040   0.30 241.51 349.20  88376.05
  2.0   470.0 291.17   0.013032   0.33 256.63 335.91  88449.48
  2.0   500.0 290.16   0.011955   0.33 264.21 313.31  88499.38
  2.0   531.0 287.98   0.010203   0.33 249.03 299.78  88598.42
  2.0   561.0 288.14   0.009969   0.34 250.56 299.23  88470.05
  2.0   592.0 288.55   0.009459   0.37 286.28 289.35  88469.85
  2.0   623.0 290.94   0.010624   0.38 310.75 299.99  88349.27
  2.0   653.0 291.50   0.012102   0.30 236.00 337.60  88262.23
  2.0   684.0 290.57   0.012615   0.27 195.70 349.55  88265.38
  2.0   714.0 290.03   0.012717   0.27 172.07 357.82  88243.31
  3.0   745.0 289.66   0.012782   0.26 160.29 360.02  88312.84
  3.0   776.0 290.55   0.013579   0.24 196.09 356.66  88300.30
  3.0   804.0 291.65   0.014069   0.31 245.38 345.88  88308.66
  3.0   835.0 290.08   0.012538   0.32 216.04 344.42  88447.87
  3.0   865.0 288.55   0.010996   0.34 242.91 315.18  88599.65
  3.0   896.0 287.06   0.009913   0.31 223.76 308.29  88574.31
  3.0   926.0 286.16   0.009122   0.35 231.69 300.55  88592.22
  3.0   957.0 287.21   0.009322   0.35 269.55 293.80  88510.97
  3.0   988.0 289.87   0.010495   0.39 295.44 302.69  88322.59
  3.0  1018.0 290.88   0.011727   0.31 252.07 330.67  88315.97
  3.0  1049.0 291.41   0.012451   0.31 233.56 343.37  88227.20
  3.0  1079.0 290.91   0.012270   0.29 205.89 349.63  88255.69
  4.0  1110.0 290.45   0.012761   0.27 200.31 351.95  88260.48
  4.0  1141.0 291.29   0.013458   0.28 242.47 344.30  88271.66
  4.0  1169.0 290.86   0.013631   0.26 220.20 349.17  88305.86
  4.0  1200.0 290.88   0.012858   0.31 255.67 332.61  88399.30
  4.0  1230.0 289.76   0.011725   0.31 254.78 314.86  88477.85
  4.0  1261.0 288.21   0.010151   0.31 259.81 293.11  88599.20
  4.0  1291.0 287.30   0.009477   0.35 249.71 294.53  88684.66
  4.0  1322.0 288.50   0.009791   0.34 274.76 297.11  88494.50
  4.0  1353.0 290.22   0.011305   0.32 248.89 322.07  88309.11
  4.0  1383.0 291.56   0.011994   0.31 250.73 334.78  88325.22
  4.0  1414.0 290.66   0.012269   0.28 192.38 350.53  88226.31
  4.0  1444.0 289.68   0.012697   0.24 166.66 356.29  88274.03
  5.0  1475.0 289.61   0.012590   0.28 184.89 351.34  88269.70
  5.0  1506.0 290.14   0.013243   0.24 184.46 356.59  88267.77
  5.0  1534.0 291.00   0.013581   0.29 238.91 346.53  88313.85
  5.0  1565.0 290.30   0.012741   0.32 246.49 336.71  88407.79
  5.0  1595.0 288.26   0.010894   0.30 243.24 313.47  88537.09
  5.0  1626.0 287.52   0.010107   0.33 248.77 296.16  88642.75
  5.0  1656.0 287.11   0.009603   0.32 254.35 293.97  88517.56
  5.0  1687.0 288.68   0.010109   0.37 272.40 297.99  88489.61
  5.0  1718.0 290.00   0.010604   0.38 288.76 309.20  88398.52
  5.0  1748.0 290.64   0.011708   0.34 244.89 332.29  88337.92
  5.0  1779.0 290.96   0.012672   0.29 208.23 349.61  88315.22
  5.0  1809.0 290.56   0.012823   0.29 223.38 344.74  88233.85
  6.0  1840.0 290.30   0.013019   0.26 199.90 351.91  88218.70
  6.0  1871.0 290.96   0.013576   0.28 235.33 349.06  88262.95
  6.0  1899.0 291.08   0.013964   0.25 224.99 353.72  88229.34
  6.0  1930.0 290.26   0.012639   0.33 249.18 333.63  88295.81
  6.0  1960.0 289.24   0.011572   0.32 256.00 313.45  88443.43
  6.0  1991.0 286.96   0.009671   0.34 249.65 291.52  88502.38
  6.0  2021.0 286.68   0.009214   0.32 257.98 288.27  88528.55
  6.0  2052.0 287.84   0.009631   0.37 266.10 298.34  88513.15
  6.0  2083.0 290.70   0.011268   0.36 279.92 313.28  88307.48
  6.0  2113.0 290.05   0.012346   0.26 191.09 347.80  88235.91
  6.0  2144.0 290.74   0.012947   0.26 208.91 349.20  88292.81
  6.0  2174.0 289.76   0.012673   0.25 190.27 351.21  88360.91
  7.0  2205.0 289.38   0.012579   0.24 164.30 354.70  88464.51
  7.0  2236.0 290.02   0.013081   0.27 197.35 351.94  88209.57
  7.0  2264.0 291.14   0.013550   0.31 250.87 343.43  88324.12
  7.0  2295.0 291.09   0.013088   0.33 263.36 331.97  88429.73
  7.0  2325.0 289.03   0.011322   0.33 235.63 319.07  88598.83
  7.0  2356.0 288.00   0.010318   0.36 246.98 302.29  88553.62
  7.0  2386.0 287.79   0.009666   0.35 263.92 293.00  88542.68
  7.0  2417.0 288.60   0.009770   0.38 295.09 289.03  88506.35
  7.0  2448.0 290.43   0.011030   0.39 263.90 317.49  88427.74
  7.0  2478.0 290.45   0.012032   0.35 235.56 339.39  88348.28
  7.0  2509.0 291.09   0.012429   0.29 227.53 344.63  88291.66
  7.0  2539.0 290.08   0.012775   0.25 176.89 353.99  88194.17
  8.0  2570.0 289.93   0.012726   0.27 192.39 354.41  88259.34
  8.0  2601.0 290.30   0.013181   0.27 192.38 355.08  88420.09
  8.0  2629.0 290.93   0.013420   0.31 238.95 342.51  88292.34
  8.0  2660.0 290.64   0.012760   0.32 246.10 339.20  88474.90
  8.0  2690.0 290.04   0.011709   0.33 278.51 306.36  88543.05
  8.0  2721.0 287.75   0.010100   0.35 238.16 305.78  88537.28
  8.0  2751.0 287.15   0.009403   0.34 250.92 293.28  88656.74
  8.0  2782.0 288.30   0.009916   0.35 269.11 300.04  88517.34
  8.0  2813.0 289.66   0.010616   0.36 258.37 316.61  88295.48
  8.0  2843.0 290.93   0.011573   0.34 253.51 329.25  88338.75
  8.0  2874.0 290.50   0.012645   0.28 210.59 346.58  88264.01
  8.0  2904.0 289.84   0.012539   0.29 181.64 352.87  88348.73
  9.0  2935.0 290.07   0.012841   0.27 184.21 352.95  88338.23
  9.0  2966.0 290.72   0.013314   0.28 210.27 348.22  88343.89
  9.0  2994.0 291.36   0.013735   0.32 251.11 344.75  88282.41
  9.0  3025.0 290.84   0.013122   0.32 219.83 341.89  88350.48
  9.0  3055.0 288.88   0.011212   0.31 250.11 311.63  88547.02
  9.0  3086.0 287.46   0.010017   0.32 244.10 298.72  88516.62
  9.0  3116.0 286.78   0.009199   0.37 259.63 287.96  88590.80
  9.0  3147.0 288.36   0.009672   0.39 286.46 290.34  88569.31
  9.0  3178.0 289.90   0.010821   0.38 269.64 313.90  88303.03
  9.0  3208.0 290.77   0.012243   0.33 246.78 334.62  88225.09
  9.0  3239.0 290.31   0.012722   0.28 183.75 355.67  88239.47
  9.0  3269.0 289.54   0.012633   0.26 164.28 357.05  88367.33
 10.0  3300.0 290.08   0.012991   0.25 184.02 354.75  88382.26
 10.0  3331.0 290.95   0.013795   0.25 199.39 357.92  88218.67
 10.0  3359.0 291.95   0.014312   0.29 235.51 351.05  88319.53
 10.0  3390.0 291.49   0.013344   0.33 246.97 342.26  88432.54
 10.0  3420.0 288.73   0.011078   0.30 233.26 319.70  88597.43
 10.0  3451.0 288.15   0.010259   0.32 252.66 299.69  88504.16
 10.0  3481.0 287.43   0.009851   0.32 233.26 303.65  88502.19
 10.0  3512.0 288.46   0.010045   0.35 254.62 305.23  88485.88
 10.0  3543.0 290.74   0.011486   0.32 266.47 318.64  88294.03
 10.0  3573.0 291.77   0.011750   0.31 259.55 331.56  88324.28
 10.0  3604.0 291.22   0.012574   0.28 220.48 347.29  88300.94
 10.0  3634.0 290.18   0.012887   0.22 153.37 360.11  88328.91
 11.0  3665.0 290.96   0.013306   0.27 212.65 350.09  88322.85
 11.0  3696.0 291.36   0.013773   0.27 226.73 350.95  88347.42
 11.0  3724.0 291.98   0.014114   0.30 253.01 345.87  88207.44
 11.0  3755.0 290.40   0.012544   0.32 235.72 334.74  88521.81
 11.0  3785.0 289.21   0.011163   0.31 241.28 314.14  88552.58
 11.0  3816.0 288.35   0.010116   0.31 271.21 289.97  88598.89
 11.0  3846.0 288.36   0.009818   0.33 266.04 290.66  88572.55
 11.0  3877.0 289.52   0.009690   0.37 294.40 289.79  88466.92
 11.0  3908.0 290.83   0.010715   0.32 288.99 309.71  88401.31
 11.0  3938.0 291.09   0.011880   0.31 257.08 330.00  88267.61
 11.0  3969.0 291.43   0.012373   0.29 240.78 340.56  88347.45
 11.0  3999.0 290.55   0.012756   0.24 180.92 353.76  88318.84
 12.0  4030.0 290.74   0.012842   0.31 226.33 347.83  88246.44
 12.0  4061.0 291.88   0.013466   0.30 251.47 344.66  88154.28
 12.0  4089.0 291.67   0.013669   0.29 240.32 349.60  88275.83
 12.0  4120.0 291.10   0.012927   0.34 220.35 344.55  88337.21
 12.0  4150.0 289.80   0.011217   0.36 254.80 314.66  88540.09
 12.0  4181.0 289.18   0.010566   0.36 244.28 307.93  88453.34
 12.0  4211.0 288.34   0.009429   0.38 267.70 290.98  88445.48
 12.0  4242.0 288.89   0.009537   0.41 260.92 302.07  88405.27
 12.0  4273.0 291.38   0.010364   0.41 293.49 309.51  88238.72
 12.0  4303.0 291.78   0.011493   0.31 243.72 332.90  88236.28
 12.0  4334.0 290.59   0.012800   0.25 203.17 350.32  88279.48
 12.0  4364.0 290.28   0.012671   0.26 191.51 350.53  88307.09
 13.0  4395.0 290.38   0.012772   0.26 210.40 347.82  88243.71
 13.0  4426.0 290.76   0.013204   0.25 212.37 348.58  88312.50
 13.0  4454.0 291.94   0.014057   0.30 262.94 341.22  88257.38
 13.0  4485.0 290.23   0.012641   0.32 208.99 341.67  88467.52
 13.0  4515.0 289.39   0.011258   0.33 262.76 311.95  88548.34
 13.0  4546.0 287.95   0.010151   0.32 250.28 300.50  88584.62
 13.0  4576.0 287.56   0.009429   0.32 259.71 293.39  88532.22
 13.0  4607.0 289.77   0.010294   0.36 289.16 293.43  88359.01
 13.0  4638.0 290.42   0.010046   0.39 302.22 298.78  88450.53
 13.0  4668.0 291.02   0.012335   0.28 227.74 340.72  88301.77
 13.0  4699.0 290.73   0.012277   0.31 213.01 341.82  88469.80
 13.0  4729.0 290.21   0.012767   0.24 186.13 352.77  88382.79
 14.0  4760.0 290.99   0.013267   0.26 208.47 349.70  88247.34
 14.0  4791.0 291.17   0.013736   0.25 209.46 352.91  88258.38
 14.0  4819.0 291.90   0.013917   0.31 265.73 341.71  88311.31
 14.0  4850.0 290.79   0.012894   0.32 237.54 335.98  88363.69
 14.0  4880.0 290.20   0.011733   0.32 265.80 314.19  88578.54
 14.0  4911.0 288.99   0.010710   0.35 254.82 304.10  88566.00
 14.0  4941.0 288.37   0.009362   0.34 281.33 283.15  88500.48
 14.0  4972.0 290.12   0.010825   0.37 265.89 309.38  88362.36
 14.0  5003.0 290.72   0.010695   0.39 263.87 316.31  88389.93
 14.0  5033.0 290.98   0.012414   0.29 215.20 343.63  88269.95
 14.0  5064.0 290.56   0.012795   0.28 193.27 347.97  88275.08
 14.0  5094.0 290.20   0.012971   0.26 193.18 351.63  88298.20
 15.0  5125.0 289.78   0.012775   0.25 184.96 353.22  88249.95
 15.0  5156.0 290.54   0.013392   0.29 212.38 351.21  88282.75
 15.0  5184.0 292.17   0.014618   0.24 250.99 349.48  88175.89
 15.0  5215.0 290.26   0.012601   0.34 251.15 332.18  88370.20
 15.0  5245.0 288.57   0.011087   0.34 239.56 315.67  88430.71
 15.0  5276.0 288.05   0.010487   0.35 251.28 300.32  88419.38
 15.0  5306.0 286.75   0.009377   0.34 236.18 296.03  88520.94
 15.0  5337.0 287.88   0.009674   0.35 265.30 298.81  88458.52
 15.0  5368.0 289.53   0.010654   0.37 257.42 315.30  88311.20
 15.0  5398.0 290.84   0.011917   0.29 245.04 330.07  88336.41
 15.0  5429.0 290.83   0.012275   0.32 231.23 339.56  88189.97
 15.0  5459.0 290.01   0.012510   0.26 190.10 352.00  88219.39
 16.0  5490.0 290.21   0.012946   0.27 202.02 351.00  88199.41
 16.0  5521.0 290.74   0.013511   0.27 204.68 354.32  88222.14
 16.0  5549.0 291.61   0.013880   0.31 250.24 343.96  88298.73
 16.0  5580.0 291.39   0.013226   0.35 257.16 337.54  88402.55
 16.0  5610.0 290.20   0.011882   0.35 260.69 314.23  88445.23
 16.0  5641.0 288.46   0.010416   0.33 251.62 297.01  88430.01
 16.0  5671.0 287.47   0.009425   0.34 245.00 293.92  88566.75
 16.0  5702.0 289.32   0.010209   0.34 274.45 300.48  88408.38
 16.0  5733.0 291.05   0.010785   0.37 297.03 304.57  88395.58
 16.0  5763.0 291.25   0.011798   0.31 243.17 332.75  88273.52
 16.0  5794.0 290.50   0.012396   0.31 207.91 344.84  88342.16
 16.0  5824.0 289.86   0.012512   0.26 176.97 351.60  88295.70
 17.0  5855.0 290.11   0.012892   0.26 192.49 353.66  88325.70
 17.0  5886.0 291.11   0.013728   0.27 232.53 348.09  88324.50
 17.0  5914.0 291.40   0.013922   0.32 239.14 346.64  88331.00
 17.0  5945.0 290.98   0.012990   0.35 262.70 329.02  88486.77
 17.0  5975.0 290.40   0.012127   0.35 267.24 312.90  88496.09
 17.0  6006.0 287.38   0.009854   0.34 229.15 303.13  88667.93
 17.0  6036.0 286.96   0.009243   0.36 252.85 290.61  88601.02
 17.0  6067.0 288.01   0.009455   0.39 272.96 292.37  88594.17
 17.0  6098.0 290.50   0.010866   0.38 290.25 308.21  88434.36
 17.0  6128.0 291.49   0.011937   0.37 279.66 324.02  88281.90
 17.0  6159.0 291.42   0.012415   0.30 227.36 340.59  88334.71
 17.0  6189.0 290.72   0.012897   0.26 187.66 354.24  88328.35
 18.0  6220.0 290.11   0.012805   0.25 176.60 351.86  88164.01
 18.0  6251.0 291.07   0.013863   0.27 208.55 354.80  88274.09
 18.0  6279.0 291.76   0.014467   0.27 225.39 353.48  88216.22
 18.0  6310.0 290.06   0.012428   0.34 235.15 335.80  88464.31
 18.0  6340.0 288.92   0.011144   0.31 237.26 319.11  88575.62
 18.0  6371.0 288.33   0.010492   0.34 249.23 304.32  88555.61
 18.0  6401.0 287.91   0.009976   0.34 244.79 299.11  88582.51
 18.0  6432.0 288.73   0.010000   0.33 279.50 297.10  88497.16
 18.0  6463.0 291.17   0.011070   0.38 289.93 309.74  88363.02
 18.0  6493.0 290.50   0.012579   0.30 211.86 343.62  88320.02
 18.0  6524.0 290.59   0.012989   0.26 194.21 352.57  88346.10
 18.0  6554.0 290.16   0.013015   0.25 182.35 356.62  88377.59
 19.0  6585.0 289.97   0.012926   0.26 191.92 350.93  88246.81
 19.0  6616.0 291.49   0.014057   0.28 232.85 352.18  88305.84
 19.0  6644.0 291.52   0.014319   0.26 201.44 358.62  88216.01
 19.0  6675.0 290.70   0.013198   0.35 245.62 338.08  88387.52
 19.0  6705.0 288.88   0.011339   0.35 229.76 324.46  88578.48
 19.0  6736.0 286.79   0.009714   0.35 229.89 302.28  88597.59
 19.0  6766.0 287.32   0.009643   0.37 255.76 294.23  88512.85
 19.0  6797.0 288.36   0.010113   0.40 266.52 300.47  88519.64
 19.0  6828.0 290.51   0.011362   0.40 282.02 313.28  88310.89
 19.0  6858.0 291.67   0.011843   0.38 275.68 323.39  88270.14
 19.0  6889.0 291.44   0.012362   0.30 220.84 342.63  88271.13
 19.0  6919.0 290.19   0.012695   0.25 162.33 355.17  88353.36
 20.0  6950.0 290.43   0.012844   0.28 212.51 348.50  88277.78
 20.0  6981.0 290.65   0.013389   0.29 223.02 345.58  88251.08
 20.0  7009.0 291.01   0.013412   0.31 245.40 342.38  88230.30
 20.0  7040.0 290.15   0.012324   0.35 261.40 325.64  88333.76
 20.0  7070.0 290.10   0.011721   0.36 274.98 309.27  88419.68
 20.0  7101.0 288.95   0.010577   0.35 264.46 295.88  88386.58
 20.0  7131.0 287.23   0.009389   0.34 244.54 296.03  88539.04
 20.0  7162.0 289.31   0.010423   0.35 264.06 303.73  88348.69
 20.0  7193.0 290.11   0.010890   0.36 250.90 319.61  88353.03
 20.0  7223.0 291.26   0.012161   0.30 228.28 341.06  88284.39
 20.0  7254.0 291.01   0.013045   0.31 226.14 346.16  88176.03
 20.0  7284.0 289.49   0.012408   0.26 171.90 352.42  88339.80
 21.0  7315.0 289.70   0.012759   0.29 190.51 349.88  88225.91
 21.0  7346.0 290.25   0.013338   0.25 194.45 355.79  88320.17
 21.0  7374.0 290.35   0.013281   0.32 204.81 352.07  88376.83
 21.0  7405.0 289.37   0.011795   0.37 244.27 328.76  88574.07
 21.0  7435.0 288.96   0.011223   0.34 262.70 311.51  88489.74
 21.0  7466.0 287.73   0.010180   0.35 249.38 301.57  88585.37
 21.0  7496.0 287.09   0.009629   0.35 242.67 298.71  88589.55
 21.0  7527.0 287.94   0.010075   0.38 253.90 304.23  88456.50
 21.0  7558.0 289.30   0.011005   0.37 250.33 321.31  88357.86
 21.0  7588.0 290.31   0.011957   0.38 266.08 326.89  88419.14
 21.0  7619.0 290.50   0.012349   0.34 224.36 340.86  88256.54
 21.0  7649.0 290.35   0.012765   0.29 213.21 348.76  88329.73
 22.0  7680.0 290.12   0.012854   0.28 199.01 351.01  88313.74
 22.0  7711.0 290.27   0.013343   0.26 198.99 353.62  88348.77
 22.0  7739.0 291.42   0.013666   0.34 262.09 338.85  88298.62
 22.0  7770.0 290.81   0.012774   0.38 254.84 331.69  88424.20
 22.0  7800.0 290.26   0.011886   0.35 268.98 313.25  88459.17
 22.0  7831.0 289.06   0.010551   0.37 266.63 295.95  88502.16
 22.0  7861.0 288.80   0.009724   0.39 274.00 287.35  88467.99
 22.0  7892.0 289.73   0.010236   0.40 280.71 296.57  88478.69
 22.0  7923.0 290.54   0.010700   0.40 271.68 315.25  88367.74
 22.0  7953.0 291.22   0.012703   0.31 221.68 344.74  88328.87
 22.0  7984.0 290.71   0.013175   0.26 190.98 354.90  88265.86
 22.0  8014.0 290.22   0.013047   0.26 168.95 357.12  88330.32
 23.0  8045.0 289.87   0.013039   0.24 167.83 357.46  88407.13
 23.0  8076.0 291.11   0.013987   0.25 211.39 357.26  88337.22
 23.0  8104.0 291.04   0.013834   0.31 210.51 354.71  88407.59
 23.0  8135.0 291.08   0.013565   0.32 235.50 344.00  88421.55
 23.0  8165.0 288.95   0.011206   0.33 245.86 315.81  88620.98
 23.0  8196.0 288.41   0.010683   0.34 248.61 302.43  88559.19
 23.0  8226.0 288.63   0.010345   0.36 268.36 293.09  88464.55
 23.0  8257.0 289.63   0.010675   0.38 278.77 300.70  88452.38
 23.0  8288.0 289.96   0.010569   0.40 275.71 311.01  88450.52
 23.0  8318.0 291.80   0.012068   0.33 253.27 332.41  88332.63
 23.0  8349.0 290.67   0.013060   0.26 187.48 354.88  88312.33
 23.0  8379.0 289.59   0.012749   0.26 147.72 360.02  88349.70
 24.0  8410.0 289.21   0.012498   0.27 160.85 356.11  88323.88
 24.0  8441.0 290.24   0.013353   0.28 208.05 353.54  88328.53
 24.0  8469.0 291.07   0.014008   0.27 208.28 354.33  88296.27
 24.0  8500.0 291.25   0.013251   0.35 260.30 332.34  88403.59
 24.0  8530.0 289.34   0.011282   0.35 263.70 310.06  88557.52
 24.0  8561.0 288.01   0.010107   0.35 262.20 293.33  88610.44
 24.0  8591.0 288.11   0.009855   0.36 254.06 297.31  88518.25
 24.0  8622.0 288.99   0.010404   0.36 264.19 303.20  88418.55
 24.0  8653.0 290.52   0.010930   0.38 290.15 310.12  88384.82
 24.0  8683.0 291.48   0.012434   0.34 246.21 339.48  88370.91
 24.0  8714.0 291.62   0.012404   0.34 241.97 338.35  88265.44
 24.0  8744.0 290.97   0.012884   0.29 211.39 349.20  88327.53
 25.0  8775.0 290.66   0.012763   0.28 226.40 343.50  88292.11
 25.0  8806.0 291.17   0.013624   0.25 219.96 353.54  88242.89
 25.0  8834.0 290.81   0.013478   0.27 201.32 356.17  88340.37
 25.0  8865.0 290.60   0.012599   0.33 251.72 333.86  88454.78
 25.0  8895.0 290.05   0.011635   0.33 276.10 309.63  88563.77
 25.0  8926.0 288.48   0.010035   0.37 272.75 290.58  88579.94
 25.0  8956.0 288.20   0.009771   0.36 256.05 297.85  88550.02
 25.0  8987.0 289.75   0.010153   0.40 283.90 298.33  88424.95
 25.0  9018.0 291.17   0.010893   0.42 294.55 313.02  88386.78
 25.0  9048.0 291.62   0.011472   0.33 237.16 334.21  88423.97
 25.0  9079.0 291.67   0.012213   0.31 224.95 344.17  88339.32
 25.0  9109.0 290.49   0.013159   0.20 164.00 360.99  88337.55
 26.0  9140.0 289.58   0.012781   0.23 153.45 359.60  88345.08
 26.0  9171.0 291.54   0.014007   0.30 237.62 351.80  88286.33
 26.0  9199.0 291.63   0.013672   0.34 262.35 340.78  88332.94
 26.0  9230.0 291.42   0.013192   0.35 252.24 337.66  88445.38
 26.0  9260.0 289.68   0.011645   0.34 250.06 318.60  88592.96
 26.0  9291.0 287.27   0.009970   0.34 215.10 311.41  88600.79
 26.0  9321.0 288.45   0.010232   0.36 261.01 295.74  88485.17
 26.0  9352.0 288.75   0.009678   0.35 291.91 288.32  88470.23
 26.0  9383.0 290.69   0.010918   0.35 280.69 312.18  88396.34
 26.0  9413.0 290.77   0.011882   0.34 241.20 331.43  88346.59
 26.0  9444.0 291.10   0.012228   0.34 241.85 335.90  88330.55
 26.0  9474.0 290.59   0.012925   0.25 206.08 350.81  88306.92
 27.0  9505.0 290.70   0.013263   0.25 188.34 356.61  88341.00
 27.0  9536.0 290.90   0.013814   0.26 198.12 357.15  88286.77
 27.0  9564.0 291.32   0.013956   0.28 228.25 353.39  88407.77
 27.0  9595.0 291.00   0.013067   0.31 257.84 334.48  88482.06
 27.0  9625.0 290.03   0.011892   0.31 251.69 319.26  88519.45
 27.0  9656.0 288.16   0.010244   0.34 256.31 298.38  88615.11
 27.0  9686.0 288.01   0.009990   0.35 252.60 298.09  88567.18
 27.0  9717.0 289.02   0.010319   0.34 268.39 302.96  88494.45
 27.0  9748.0 290.78   0.011774   0.36 245.80 328.55  88372.55
 27.0  9778.0 291.52   0.011965   0.37 264.23 328.44  88337.87
 27.0  9809.0 291.42   0.012905   0.30 211.98 346.95  88212.05
 27.0  9839.0 290.35   0.012834   0.28 187.30 350.93  88296.86
 28.0  9870.0 291.07   0.013297   0.28 209.58 350.95  88326.83
 28.0  9901.0 290.83   0.013704   0.27 194.52 355.19  88262.40
 28.0  9929.0 291.77   0.014262   0.31 224.86 352.36  88283.80
 28.0  9960.0 290.88   0.013014   0.34 230.96 341.19  88423.53
 28.0  9990.0 289.71   0.011706   0.31 258.49 314.70  88536.55
 28.0 10021.0 288.78   0.010489   0.34 268.84 293.12  88511.81
 28.0 10051.0 288.12   0.009792   0.35 261.20 293.99  88535.81
 28.0 10082.0 288.54   0.009722   0.36 281.62 292.92  88488.61
 28.0 10113.0 290.32   0.010564   0.38 272.60 311.61  88397.43
 28.0 10143.0 291.95   0.011395   0.37 271.05 325.66  88366.55
 28.0 10174.0 291.32   0.012637   0.26 215.23 348.50  88259.60
 28.0 10204.0 290.70   0.012806   0.28 216.49 345.91  88322.38
 29.0 10235.0 290.78   0.013074   0.29 211.11 350.02  88227.12
 29.0 10266.0 291.11   0.013505   0.30 228.59 350.25  88301.27
 29.0 10294.0 291.10   0.013700   0.31 224.47 350.14  88358.20
 29.0 10325.0 291.43   0.013423   0.34 239.95 343.35  88403.38
 29.0 10355.0 289.32   0.011283   0.34 259.21 310.85  88559.31
 29.0 10386.0 287.93   0.010187   0.34 245.93 299.41  88552.58
 29.0 10416.0 287.36   0.009472   0.38 255.10 293.76  88642.27
 29.0 10447.0 288.62   0.010064   0.37 260.04 304.69  88468.26
 29.0 10478.0 291.03   0.011408   0.38 273.51 317.11  88259.59
 29.0 10508.0 291.24   0.011428   0.40 257.58 329.27  88338.72
 29.0 10539.0 292.10   0.012283   0.30 227.62 342.48  88276.12
 29.0 10569.0 290.77   0.012529   0.30 222.20 342.79  88427.03
 30.0 10600.0 290.54   0.012920   0.26 201.01 351.25  88241.16
 30.0 10631.0 291.71   0.013692   0.31 250.29 343.81  88206.43
 30.0 10659.0 291.60   0.013677   0.32 252.28 341.69  88270.05
 30.0 10690.0 291.38   0.013316   0.33 245.79 338.34  88309.28
 30.0 10720.0 289.85   0.011717   0.33 254.18 317.40  88509.97
 30.0 10751.0 287.98   0.009998   0.35 261.47 295.83  88545.89
 30.0 10781.0 288.43   0.009811   0.37 267.04 292.12  88427.91
 30.0 10812.0 287.77   0.009267   0.34 270.13 295.59  88486.62
 30.0 10843.0 290.55   0.010905   0.38 271.86 315.62  88297.14
 30.0 10873.0 291.43   0.012089   0.31 236.27 335.85  88189.80
 30.0 10904.0 290.94   0.012859   0.31 230.44 344.94  88299.83
 30.0 10934.0 290.14   0.013141   0.24 175.33 355.55  88256.47
 31.0 10965.0 290.63   0.013550   0.26 195.92 355.34  88275.41
 31.0 10996.0 290.41   0.013464   0.26 191.65 355.58  88254.31
 31.0 11024.0 290.94   0.013821   0.26 218.10 352.57  88323.36
 31.0 11055.0 290.36   0.012749   0.33 234.72 337.50  88547.80
 31.0 11085.0 289.61   0.011577   0.32 268.39 311.88  88599.67
 31.0 11116.0 287.38   0.009923   0.35 251.29 296.87  88624.62
 31.0 11146.0 287.60   0.010021   0.34 242.72 302.67  88523.69
 31.0 11177.0 287.87   0.009836   0.35 247.76 303.34  88533.15
 31.0 11208.0 289.87   0.011154   0.37 262.77 319.92  88368.09
 31.0 11238.0 290.44   0.012099   0.32 233.65 336.62  88319.73
 31.0 11269.0 290.59   0.012343   0.33 208.71 344.46  88330.19
 31.0 11299.0 289.84   0.012665   0.26 176.21 354.76  88323.83
 32.0 11330.0 289.65   0.012900   0.26 166.21 358.69  88312.73
 32.0 11361.0 290.26   0.013404   0.26 198.28 355.23  88237.86
 32.0 11389.0 290.85   0.013643   0.31 232.39 348.31  88198.97
 32.0 11420.0 290.28   0.012726   0.34 238.11 337.21  88448.05
 32.0 11450.0 289.14   0.011303   0.33 269.17 309.23  88535.70
 32.0 11481.0 287.35   0.010094   0.36 236.89 301.42  88514.36
 32.0 11511.0 287.67   0.009751   0.37 258.20 296.06  88467.05
 32.0 11542.0 288.63   0.009941   0.40 276.82 297.53  88395.00
 32.0 11573.0 290.79   0.010807   0.40 300.61 303.43  88309.21
 32.0 11603.0 291.74   0.012133   0.32 266.72 331.46  88279.69
 32.0 11634.0 290.54   0.012420   0.26 194.89 349.57  88317.28
 32.0 11664.0 290.15   0.012743   0.29 203.89 349.59  88236.72
 33.0 11695.0 290.41   0.013059   0.29 208.36 350.33  88189.34
 33.0 11726.0 291.34   0.013959   0.32 233.21 349.88  88194.01
 33.0 11754.0 291.47   0.014285   0.29 230.00 353.40  88354.56
 33.0 11785.0 290.72   0.013102   0.34 243.43 339.16  88425.56
 33.0 11815.0 290.40   0.012303   0.35 263.49 316.93  88461.53
 33.0 11846.0 287.69   0.010211   0.34 235.58 305.17  88640.78
 33.0 11876.0 287.15   0.009567   0.38 256.25 293.43  88675.66
 33.0 11907.0 288.75   0.010246   0.40 273.14 299.00  88455.38
 33.0 11938.0 289.58   0.010729   0.41 258.44 315.80  88424.15
 33.0 11968.0 290.51   0.012051   0.35 233.38 337.27  88403.30
 33.0 11999.0 291.22   0.013141   0.31 232.00 345.83  88317.96
 33.0 12029.0 290.58   0.012890   0.30 214.13 348.44  88241.89
 34.0 12060.0 290.42   0.013115   0.27 191.67 354.59  88350.06
 34.0 12091.0 291.60   0.014123   0.29 241.54 349.60  88262.32
 34.0 12119.0 291.31   0.014110   0.31 221.19 356.64  88329.00
 34.0 12150.0 291.10   0.013432   0.33 243.79 341.16  88493.12
 34.0 12180.0 289.30   0.011610   0.34 250.23 317.77  88608.73
 34.0 12211.0 287.32   0.010260   0.34 218.72 310.17  88574.66
 34.0 12241.0 286.00   0.009043   0.38 233.99 297.21  88671.88
 34.0 12272.0 287.91   0.010058   0.37 255.01 307.00  88559.52
 34.0 12303.0 290.07   0.010867   0.41 282.12 312.27  88430.70
 34.0 12333.0 290.61   0.011674   0.37 242.76 333.36  88453.56
 34.0 12364.0 290.49   0.012213   0.30 188.48 352.65  88299.97
 34.0 12394.0 290.16   0.013039   0.27 169.47 357.70  88284.09
 35.0 12425.0 290.55   0.013307   0.29 198.47 355.08  88245.02
 35.0 12456.0 290.80   0.013607   0.29 202.11 354.70  88305.64
 35.0 12484.0 291.43   0.013860   0.32 229.78 349.46  88277.50
 35.0 12515.0 290.95   0.013169   0.38 234.88 342.82  88420.44
 35.0 12545.0 289.53   0.011836   0.36 233.03 324.56  88531.80
 35.0 12576.0 287.92   0.010494   0.34 237.28 307.94  88586.61
 35.0 12606.0 287.60   0.009896   0.39 253.57 295.68  88548.45
 35.0 12637.0 288.65   0.010504   0.37 244.14 310.77  88411.08
 35.0 12668.0 290.45   0.011034   0.40 285.13 313.64  88332.24
 35.0 12698.0 291.08   0.012015   0.34 253.97 331.93  88310.58
 35.0 12729.0 291.27   0.011898   0.32 224.20 342.03  88247.27
 35.0 12759.0 289.92   0.012695   0.23 180.97 355.37  88321.52
 36.0 12790.0 290.12   0.012728   0.26 198.76 349.98  88243.02
 36.0 12821.0 289.96   0.013116   0.24 193.44 353.88  88275.84
 36.0 12849.0 290.89   0.013625   0.30 228.48 348.92  88293.65
 36.0 12880.0 290.80   0.013162   0.33 245.14 337.48  88410.08
 36.0 12910.0 289.42   0.011679   0.33 256.76 316.05  88532.17
 36.0 12941.0 287.71   0.010135   0.34 259.39 293.25  88585.33
 36.0 12971.0 287.03   0.009647   0.34 251.34 295.65  88555.00
 36.0 13002.0 288.35   0.009804   0.36 285.79 293.71  88434.59
 36.0 13033.0 290.33   0.011387   0.36 271.96 316.85  88320.54
 36.0 13063.0 291.32   0.012694   0.31 241.15 340.41  88296.70
 36.0 13094.0 290.92   0.012743   0.31 214.50 349.20  88248.12
 36.0 13124.0 289.65   0.012730   0.27 167.28 357.07  88324.18
 37.0 13155.0 289.70   0.012900   0.26 161.02 359.04  88323.84
 37.0 13186.0 290.99   0.013874   0.27 210.11 356.81  88305.11
 37.0 13214.0 292.06   0.014436   0.32 262.42 345.78  88357.03
 37.0 13245.0 291.17   0.013540   0.32 247.31 337.63  88370.39
 37.0 13275.0 289.38   0.011705   0.32 237.97 322.60  88595.88
 37.0 13306.0 287.85   0.010422   0.35 240.14 305.23  88601.92
 37.0 13336.0 286.78   0.009632   0.35 222.28 307.10  88642.09
 37.0 13367.0 288.78   0.010338   0.38 283.76 295.86  88498.65
 37.0 13398.0 289.89   0.011345   0.35 253.62 326.16  88346.73
 37.0 13428.0 290.94   0.011687   0.38 272.46 325.79  88308.20
 37.0 13459.0 291.58   0.011581   0.36 246.96 334.54  88334.20
 37.0 13489.0 290.94   0.012007   0.28 207.33 345.41  88331.73
 38.0 13520.0 290.21   0.012774   0.25 194.47 352.25  88213.88
 38.0 13551.0 291.22   0.013689   0.25 208.45 355.96  88271.89
 38.0 13579.0 291.62   0.013499   0.34 246.35 345.45  88345.46
 38.0 13610.0 291.74   0.013098   0.34 263.43 334.24  88414.97
 38.0 13640.0 290.37   0.011574   0.34 262.34 313.71  88519.06
 38.0 13671.0 288.85   0.010205   0.34 260.31 297.51  88555.27
 38.0 13701.0 288.28   0.009621   0.35 259.40 295.27  88498.48
 38.0 13732.0 288.58   0.009518   0.35 265.67 296.60  88479.02
 38.0 13763.0 291.71   0.010012   0.42 309.12 302.27  88316.23
 38.0 13793.0 293.00   0.010645   0.34 285.14 324.64  88359.30
 38.0 13824.0 291.76   0.012578   0.29 225.13 345.07  88308.51
 38.0 13854.0 290.34   0.012727   0.26 181.15 353.71  88321.45
 39.0 13885.0 290.33   0.013031   0.24 187.10 354.33  88396.73
 39.0 13916.0 290.89   0.013443   0.28 216.28 354.66  88289.20
 39.0 13944.0 291.24   0.013732   0.30 236.13 349.10  88428.62
 39.0 13975.0 291.17   0.013128   0.35 259.93 333.45  88409.80
 39.0 14005.0 289.26   0.011241   0.35 258.72 309.95  88561.05
 39.0 14036.0 288.15   0.010216   0.34 258.57 296.80  88579.91
 39.0 14066.0 287.73   0.009448   0.36 270.63 289.42  88554.97
 39.0 14097.0 290.24   0.010567   0.42 289.70 297.71  88396.40
 39.0 14128.0 291.07   0.011008   0.40 281.20 313.75  88307.35
 39.0 14158.0 292.00   0.012416   0.32 245.48 341.24  88326.75
 39.0 14189.0 290.90   0.013262   0.27 186.77 356.76  88317.39
 39.0 14219.0 290.76   0.013164   0.31 225.12 347.00  88344.73
 40.0 14250.0 289.87   0.013111   0.22 172.23 359.36  88333.39
 40.0 14281.0 290.51   0.013563   0.27 193.46 359.77  88321.59
 40.0 14309.0 291.10   0.013522   0.33 237.42 344.95  88440.85
 40.0 14340.0 290.70   0.012625   0.34 263.83 329.81  88496.39
 40.0 14370.0 289.82   0.011897   0.32 240.92 322.40  88558.84
 40.0 14401.0 287.79   0.010144   0.35 244.15 305.32  88688.60
 40.0 14431.0 288.09   0.009985   0.35 263.05 294.96  88543.77
 40.0 14462.0 289.42   0.009858   0.40 298.09 289.35  88402.64
 40.0 14493.0 291.05   0.011344   0.35 271.66 319.62  88402.55
 40.0 14523.0 291.07   0.012289   0.32 251.21 334.36  88386.23
 40.0 14554.0 290.92   0.012625   0.28 206.05 347.22  88299.64
 40.0 14584.0 290.52   0.013161   0.24 190.94 356.84  88436.80
 41.0 14615.0 290.52   0.013168   0.28 216.85 349.67  88294.48
 41.0 14646.0 290.31   0.013191   0.28 203.54 353.45  88332.89
 41.0 14674.0 291.58   0.013715   0.34 257.98 343.71  88254.52
 41.0 14705.0 290.91   0.012616   0.37 265.42 327.16  88367.86
 41.0 14735.0 290.23   0.011786   0.36 265.07 313.13  88463.72
 41.0 14766.0 288.76   0.010223   0.35 277.77 288.94  88569.50
 41.0 14796.0 288.39   0.009805   0.35 254.84 297.09  88566.05
 41.0 14827.0 289.77   0.010185   0.39 283.43 298.32  88341.47
 41.0 14858.0 290.88   0.010579   0.40 283.06 310.81  88300.60
 41.0 14888.0 290.93   0.012439   0.30 226.39 343.75  88355.06
 41.0 14919.0 290.84   0.012736   0.29 188.45 353.94  88280.16
 41.0 14949.0 290.54   0.012708   0.49 200.65 350.98  88252.04
 42.0 14980.0 290.60   0.011899   1.45 204.90 351.03  88271.86
 42.0 15011.0 291.25   0.012353   1.55 248.19 343.83  88245.48
 42.0 15039.0 291.32   0.012951   1.31 229.14 352.32  88299.64
 42.0 15070.0 290.23   0.011922   2.16 240.26 339.02  88360.42
 42.0 15100.0 289.26   0.010617   2.07 277.88 306.56  88438.30
 42.0 15131.0 287.68   0.009314   1.87 262.58 293.42  88540.47
 42.0 15161.0 286.53   0.008353   2.16 267.22 285.53  88649.30
 42.0 15192.0 288.54   0.009292   1.54 268.88 300.03  88476.80
 42.0 15223.0 290.79   0.010075   1.33 289.55 308.20  88323.56
 42.0 15253.0 291.96   0.011704   0.93 236.03 338.12  88249.89
 42.0 15284.0 292.06   0.012231   0.73 235.06 342.96  88183.50
 42.0 15314.0 291.44   0.012402   0.52 203.19 349.51  88255.31
 43.0 15345.0 291.01   0.013225   0.36 200.48 352.15  88262.97
 43.0 15376.0 291.62   0.013571   0.39 233.30 345.94  88309.38
 43.0 15404.0 291.24   0.013793   0.28 213.97 355.68  88320.89
 43.0 15435.0 290.40   0.012792   0.33 244.86 335.42  88434.75
 43.0 15465.0 289.31   0.011507   0.39 263.94 309.92  88573.17
 43.0 15496.0 288.22   0.010728   0.45 249.64 304.23  88529.91
 43.0 15526.0 286.60   0.009481   0.43 247.19 295.93  88526.56
 43.0 15557.0 287.76   0.009304   0.50 286.83 289.79  88507.91
 43.0 15588.0 290.29   0.010141   0.66 296.73 301.78  88379.20
 43.0 15618.0 291.72   0.010340   1.21 260.43 329.78  88216.92
 43.0 15649.0 290.80   0.011262   1.02 193.19 350.81  88336.33
 43.0 15679.0 289.44   0.011414   1.26 171.75 353.11  88359.82
 44.0 15710.0 289.43   0.011882   0.89 151.10 359.70  88350.44
 44.0 15741.0 290.70   0.012910   1.04 207.55 357.06  88338.09
 44.0 15769.0 292.09   0.013309   1.37 266.77 345.55  88338.11
 44.0 15800.0 290.48   0.012024   1.44 238.34 339.51  88486.25
 44.0 15830.0 289.76   0.011185   1.38 252.79 319.04  88590.18
 44.0 15861.0 288.33   0.009872   1.29 254.53 299.48  88564.06
 44.0 15891.0 287.24   0.009105   1.27 245.93 295.42  88552.59
 44.0 15922.0 289.67   0.010372   0.71 270.11 304.42  88456.48
 44.0 15953.0 290.79   0.011666   0.33 273.39 316.28  88378.69
 44.0 15983.0 291.70   0.012748   0.28 252.45 336.90  88311.66
 44.0 16014.0 290.97   0.012825   0.28 208.16 348.82  88334.03
 44.0 16044.0 289.83   0.012603   0.28 187.03 352.64  88352.14
 45.0 16075.0 289.78   0.012872   0.29 188.12 355.01  88327.50
 45.0 16106.0 290.21   0.013239   0.36 200.41 355.64  88354.64
 45.0 16134.0 290.92   0.013798   0.49 229.17 352.71  88308.81
 45.0 16165.0 290.13   0.012801   0.65 243.99 334.04  88446.00
 45.0 16195.0 288.41   0.011271   0.60 243.38 316.79  88677.94
 45.0 16226.0 287.27   0.010218   0.64 231.34 307.28  88608.77
 45.0 16256.0 286.85   0.009717   0.60 256.36 294.48  88655.39
 45.0 16287.0 287.89   0.010400   0.54 250.65 308.44  88508.88
 45.0 16318.0 291.14   0.010830   0.94 274.88 319.99  88307.00
 45.0 16348.0 292.10   0.011042   1.09 257.42 330.27  88374.13
 45.0 16379.0 291.12   0.012024   0.88 199.36 348.37  88296.73
 45.0 16409.0 290.53   0.012125   0.79 190.55 353.09  88400.09
 46.0 16440.0 289.95   0.011982   1.02 183.17 355.19  88332.05
 46.0 16471.0 290.59   0.012711   0.99 196.21 354.54  88274.48
 46.0 16499.0 290.87   0.012601   1.53 240.44 346.41  88423.41
 46.0 16530.0 290.33   0.011631   1.70 250.00 332.59  88489.14
 46.0 16560.0 290.19   0.010978   1.59 276.89 312.03  88553.34
 46.0 16591.0 288.47   0.009778   1.55 245.90 303.94  88550.86
 46.0 16621.0 288.18   0.009394   1.52 260.41 297.55  88554.08
 46.0 16652.0 290.10   0.010395   0.71 276.52 303.62  88442.67
 46.0 16683.0 291.19   0.011067   0.42 285.93 311.53  88280.57
 46.0 16713.0 290.90   0.012567   0.31 201.22 345.32  88257.81
 46.0 16744.0 290.48   0.012761   0.36 219.13 345.40  88378.43
 46.0 16774.0 289.38   0.012571   0.28 173.52 356.85  88253.86
 47.0 16805.0 289.16   0.012610   0.31 174.82 356.89  88332.20
 47.0 16836.0 290.39   0.013516   0.42 225.51 353.37  88261.27
 47.0 16864.0 290.35   0.013443   0.44 210.74 355.07  88358.03
 47.0 16895.0 290.00   0.012627   0.58 258.04 329.53  88461.38
 47.0 16925.0 288.20   0.010975   0.59 250.08 310.19  88641.38
 47.0 16956.0 287.31   0.010447   0.57 232.92 307.92  88558.31
 47.0 16986.0 285.75   0.009208   0.63 229.11 299.18  88661.53
 47.0 17017.0 287.78   0.009571   0.88 271.72 298.74  88533.80
 47.0 17048.0 290.11   0.010233   1.24 273.10 312.73  88436.05
 47.0 17078.0 292.01   0.011497   0.79 275.04 326.49  88398.88
 47.0 17109.0 291.61   0.012329   0.30 244.60 337.95  88327.92
 47.0 17139.0 291.39   0.012617   0.29 219.52 346.30  88267.94
 48.0 17170.0 290.39   0.013148   0.24 192.47 353.96  88280.47
 48.0 17201.0 291.34   0.013908   0.27 225.44 351.15  88272.91
 48.0 17229.0 291.52   0.014148   0.34 253.82 348.60  88256.47
 48.0 17260.0 290.69   0.013046   0.39 248.88 335.53  88415.80
 48.0 17290.0 289.66   0.011734   0.34 259.50 316.36  88485.71
 48.0 17321.0 288.19   0.010157   0.32 248.47 302.25  88504.89
 48.0 17351.0 286.94   0.009164   0.71 229.28 300.49  88578.02
 48.0 17382.0 288.56   0.009052   1.37 278.72 294.82  88477.89
 48.0 17413.0 291.11   0.010470   0.93 275.87 311.89  88363.71
 48.0 17443.0 291.09   0.011667   0.33 234.10 333.48  88275.05
 48.0 17474.0 290.12   0.012677   0.25 168.13 356.36  88303.91
 48.0 17504.0 290.51   0.012864   0.27 195.77 349.48  88324.80
 49.0 17535.0 289.40   0.012584   0.23 170.97 354.38  88283.34
 49.0 17566.0 290.36   0.013307   0.27 215.56 351.64  88255.95
 49.0 17594.0 290.84   0.013805   0.28 231.10 350.32  88303.85
 49.0 17625.0 290.24   0.012751   0.39 249.79 335.26  88350.84
 49.0 17655.0 289.60   0.011761   0.36 263.90 312.33  88503.78
 49.0 17686.0 287.55   0.010109   0.31 227.08 307.89  88512.21
 49.0 17716.0 286.71   0.009079   0.33 240.62 295.09  88594.17
 49.0 17747.0 288.81   0.009759   0.47 268.38 299.53  88523.66
 49.0 17778.0 289.95   0.010634   0.47 235.70 321.86  88421.39
 49.0 17808.0 292.20   0.011907   0.51 267.07 329.37  88306.53
 49.0 17839.0 292.21   0.012511   0.53 250.42 338.55  88273.81
 49.0 17869.0 291.11   0.012498   0.42 204.26 351.24  88367.18
 50.0 17900.0 290.31   0.012860   0.29 174.49 354.33  88342.29
 50.0 17931.0 291.08   0.013748   0.25 209.23 355.28  88375.36
 50.0 17959.0 291.45   0.013865   0.30 231.46 348.37  88251.74
 50.0 17990.0 291.20   0.013266   0.32 249.10 337.04  88474.41
 50.0 18020.0 290.49   0.012161   0.32 261.80 317.97  88539.61
 50.0 18051.0 288.03   0.009949   0.38 244.69 301.14  88648.55
 50.0 18081.0 288.12   0.009357   0.88 261.20 289.94  88572.05
 50.0 18112.0 288.90   0.009751   0.93 256.71 306.60  88522.83
 50.0 18143.0 291.12   0.010520   0.42 304.10 302.57  88340.66
 50.0 18173.0 291.26   0.013018   0.27 227.94 343.96  88324.12
 50.0 18204.0 291.55   0.013149   0.26 222.57 346.17  88288.45
 50.0 18234.0 290.33   0.013211   0.23 181.97 355.60  88250.80
 51.0 18265.0 290.25   0.013279   0.23 191.38 354.80  88415.14
 51.0 18296.0 291.77   0.014130   0.28 252.72 344.73  88323.19
 51.0 18324.0 291.31   0.013956   0.32 231.98 350.28  88375.62
 51.0 18355.0 291.03   0.013171   0.37 264.22 332.40  88514.45
 51.0 18385.0 289.36   0.011692   0.31 227.34 327.47  88618.92
 51.0 18416.0 288.03   0.010316   0.30 238.93 306.72  88659.32
 51.0 18446.0 287.82   0.009481   0.34 260.19 292.79  88640.50
 51.0 18477.0 288.53   0.009196   0.58 275.80 292.18  88546.55
 51.0 18508.0 291.85   0.010118   0.80 296.05 304.05  88359.17
 51.0 18538.0 291.92   0.012174   0.52 231.67 340.58  88352.78
 51.0 18569.0 290.67   0.012946   0.25 193.17 352.36  88368.88
 51.0 18599.0 290.20   0.013031   0.22 167.76 358.29  88390.22
 52.0 18630.0 290.22   0.013167   0.24 185.77 354.31  88403.41
 52.0 18661.0 290.93   0.013898   0.27 211.20 355.51  88155.27
 52.0 18689.0 291.36   0.014194   0.26 203.55 358.50  88308.19
 52.0 18720.0 290.59   0.013312   0.33 203.06 350.63  88384.88
 52.0 18750.0 288.25   0.010942   0.31 222.81 321.33  88628.24
 52.0 18781.0 288.11   0.010196   0.29 266.82 291.36  88551.34
 52.0 18811.0 288.53   0.010427   0.31 244.38 303.32  88611.84
 52.0 18842.0 290.18   0.010817   0.35 270.98 304.54  88458.02
 52.0 18873.0 290.32   0.010588   0.35 278.33 307.85  88422.22
 52.0 18903.0 292.33   0.012429   0.31 257.51 336.41  88286.98
 52.0 18934.0 291.70   0.013042   0.38 206.99 350.83  88311.86
 52.0 18964.0 290.80   0.013011   0.41 185.38 356.29  88341.78
 53.0 18995.0 291.61   0.013412   0.45 228.62 346.96  88229.50
 53.0 19026.0 291.05   0.013785   0.37 203.72 354.84  88297.72
 53.0 19054.0 292.59   0.014304   0.49 250.34 348.84  88256.30
 53.0 19085.0 291.08   0.012824   0.57 243.90 339.33  88448.22
 53.0 19115.0 289.89   0.011746   0.52 216.63 328.72  88487.75
 53.0 19146.0 289.56   0.010765   0.54 260.30 303.19  88611.10
 53.0 19176.0 288.86   0.009995   0.54 262.74 295.67  88542.81
 53.0 19207.0 289.79   0.009754   0.46 292.20 292.13  88517.66
 53.0 19238.0 291.10   0.011807   0.30 246.28 329.44  88385.73
 53.0 19268.0 291.57   0.011902   0.33 243.53 331.82  88335.86
 53.0 19299.0 291.09   0.012852   0.28 204.24 350.05  88349.44
 53.0 19329.0 290.01   0.012769   0.23 179.26 353.31  88298.55
 54.0 19360.0 290.49   0.013324   0.25 188.54 355.12  88296.82
 54.0 19391.0 290.75   0.013543   0.29 215.23 351.71  88260.30
 54.0 19419.0 290.79   0.013684   0.31 216.35 352.41  88293.19
 54.0 19450.0 290.31   0.012845   0.37 236.19 337.70  88462.16
 54.0 19480.0 288.91   0.011439   0.39 240.65 317.93  88603.67
 54.0 19511.0 287.87   0.010452   0.42 250.07 304.18  88614.09
 54.0 19541.0 286.48   0.009382   0.42 235.86 301.49  88498.94
 54.0 19572.0 287.94   0.009937   0.42 247.06 305.21  88431.52
 54.0 19603.0 290.96   0.010257   0.50 300.71 303.12  88311.27
 54.0 19633.0 292.20   0.011001   0.41 277.06 322.64  88323.08
 54.0 19664.0 291.97   0.012203   0.32 233.81 343.01  88301.09
 54.0 19694.0 290.99   0.012853   0.27 193.42 351.58  88261.88
 55.0 19725.0 291.50   0.013049   0.28 207.68 353.15  88289.17
 55.0 19756.0 291.48   0.013669   0.27 207.74 352.66  88284.35
 55.0 19784.0 291.99   0.014103   0.32 231.80 353.08  88294.87
 55.0 19815.0 292.19   0.013551   0.37 251.05 341.12  88330.50
 55.0 19845.0 291.08   0.011886   0.35 276.49 313.15  88485.48
 55.0 19876.0 289.66   0.010662   0.35 258.48 301.90  88449.75
 55.0 19906.0 288.61   0.009294   0.35 272.02 288.67  88479.52
 55.0 19937.0 290.00   0.010407   0.36 265.92 307.95  88423.77
 55.0 19968.0 291.05   0.010143   0.38 287.64 306.48  88365.25
 55.0 19998.0 292.20   0.012130   0.33 243.04 334.95  88236.55
 55.0 20029.0 290.90   0.013315   0.25 188.85 358.01  88270.94
 55.0 20059.0 290.80   0.013361   0.27 203.81 353.99  88184.12
 56.0 20090.0 289.91   0.013134   0.27 182.66 357.17  88222.55
 56.0 20121.0 290.94   0.013859   0.27 220.25 352.71  88274.88
 56.0 20149.0 291.31   0.014061   0.32 230.60 352.69  88264.49
 56.0 20180.0 290.51   0.013168   0.35 238.68 342.66  88436.86
 56.0 20210.0 289.23   0.011766   0.39 242.48 321.93  88599.44
 56.0 20241.0 287.28   0.010221   0.40 238.12 304.21  88561.52
 56.0 20271.0 286.88   0.009889   0.43 241.59 299.38  88503.98
 56.0 20302.0 286.82   0.009542   0.48 255.16 297.37  88475.14
 56.0 20333.0 288.42   0.010510   0.50 260.29 314.41  88389.32
 56.0 20363.0 290.30   0.011994   0.39 251.17 333.58  88313.64
 56.0 20394.0 290.96   0.012763   0.27 203.60 347.93  88334.95
 56.0 20424.0 290.52   0.012903   0.24 189.66 353.33  88226.38
 57.0 20455.0 290.02   0.012888   0.23 179.85 353.04  88284.11
 57.0 20486.0 291.71   0.014249   0.25 229.75 351.69  88194.80
 57.0 20514.0 291.60   0.014172   0.25 221.12 352.20  88205.80
 57.0 20545.0 291.10   0.013104   0.29 257.38 336.45  88448.97
 57.0 20575.0 290.57   0.012075   0.30 268.36 314.89  88492.68
 57.0 20606.0 288.78   0.010633   0.31 256.43 298.78  88487.95
 57.0 20636.0 287.28   0.009528   0.31 237.38 297.69  88598.69
 57.0 20667.0 289.57   0.010979   0.33 250.25 310.75  88474.31
 57.0 20698.0 291.40   0.010821   0.37 301.83 304.12  88287.52
 57.0 20728.0 292.52   0.012076   0.32 264.48 329.83  88366.57
 57.0 20759.0 291.17   0.012513   0.30 207.18 346.26  88297.75
 57.0 20789.0 290.64   0.012823   0.26 189.99 352.01  88270.38
 58.0 20820.0 290.46   0.013121   0.25 188.11 355.10  88237.73
 58.0 20851.0 291.57   0.014095   0.23 216.19 354.71  88304.22
 58.0 20879.0 292.00   0.014204   0.32 254.15 347.33  88315.50
 58.0 20910.0 292.13   0.013906   0.33 242.22 342.58  88295.27
 58.0 20940.0 289.13   0.011392   0.31 231.08 323.84  88667.12
 58.0 20971.0 288.01   0.010280   0.32 243.89 302.36  88594.73
 58.0 21001.0 287.07   0.009530   0.31 236.16 298.96  88565.31
 58.0 21032.0 288.78   0.010068   0.35 276.06 298.36  88553.91
 58.0 21063.0 290.71   0.010761   0.37 293.51 309.39  88449.97
 58.0 21093.0 291.06   0.011750   0.34 242.91 333.17  88348.84
 58.0 21124.0 291.05   0.013059   0.29 210.44 349.92  88321.00
 58.0 21154.0 290.46   0.013036   0.27 206.83 350.10  88317.80
 59.0 21185.0 290.19   0.013181   0.27 185.10 356.17  88306.19
 59.0 21216.0 291.60   0.014201   0.27 223.17 353.87  88327.62
 59.0 21244.0 291.48   0.014254   0.28 218.10 355.50  88387.75
 59.0 21275.0 290.76   0.013243   0.33 227.23 345.22  88454.33
 59.0 21305.0 289.32   0.011480   0.33 249.10 315.84  88562.53
 59.0 21336.0 288.11   0.010389   0.31 232.58 308.29  88650.73
 59.0 21366.0 287.60   0.009775   0.32 242.03 301.62  88572.08
 59.0 21397.0 289.45   0.010215   0.36 290.17 294.44  88495.22
 59.0 21428.0 290.39   0.010759   0.36 282.83 309.48  88417.56
 59.0 21458.0 291.23   0.012869   0.30 226.90 347.09  88299.39
 59.0 21489.0 290.82   0.013000   0.28 203.52 350.81  88370.17
 59.0 21519.0 290.28   0.012922   0.27 183.10 352.04  88213.95
 60.0 21550.0 291.23   0.013698   0.28 222.98 350.73  88173.95
 60.0 21581.0 291.18   0.013933   0.25 206.69 356.13  88227.51
 60.0 21609.0 291.36   0.013851   0.32 239.58 348.14  88390.59
 60.0 21640.0 290.18   0.012321   0.31 248.53 328.29  88539.42
 60.0 21670.0 289.55   0.011755   0.31 236.87 324.48  88538.02
 60.0 21701.0 288.32   0.010346   0.35 251.30 300.06  88578.96
 60.0 21731.0 288.39   0.009912   0.35 261.56 293.78  88617.97
 60.0 21762.0 290.18   0.010860   0.36 275.82 306.47  88428.00
 60.0 21793.0 290.69   0.010749   0.36 274.45 312.61  88378.91
 60.0 21823.0 291.95   0.012405   0.33 255.81 333.65  88302.27
 60.0 21854.0 291.18   0.013321   0.28 192.08 354.17  88370.11
 60.0 21884.0 290.22   0.012983   0.26 177.89 357.07  88386.94
 61.0 21915.0 290.36   0.013207   0.28 192.55 352.71  88278.39
 61.0 21946.0 291.27   0.014052   0.26 225.41 353.14  88276.21
 61.0 21974.0 291.49   0.014317   0.25 205.96 358.64  88247.59
 61.0 22005.0 291.08   0.013471   0.33 246.61 340.96  88307.47
 61.0 22035.0 289.45   0.011590   0.33 253.23 314.27  88510.44
 61.0 22066.0 287.47   0.010076   0.30 237.18 303.60  88599.54
 61.0 22096.0 287.64   0.010003   0.32 239.28 302.21  88538.62
 61.0 22127.0 288.76   0.010357   0.35 259.46 308.53  88455.11
 61.0 22158.0 290.71   0.011267   0.37 269.61 316.54  88270.81
 61.0 22188.0 291.24   0.011960   0.34 265.19 327.84  88321.59
 61.0 22219.0 291.33   0.012827   0.29 221.15 346.88  88313.06
 61.0 22249.0 289.99   0.012744   0.25 173.11 356.16  88387.10
 62.0 22280.0 289.91   0.013030   0.23 164.74 358.39  88319.60
 62.0 22311.0 290.33   0.013357   0.25 203.91 353.97  88324.00
 62.0 22339.0 291.58   0.013802   0.34 255.14 341.16  88352.86
 62.0 22370.0 290.62   0.012572   0.32 264.00 329.92  88465.89
 62.0 22400.0 288.49   0.010862   0.30 228.99 320.00  88544.79
 62.0 22431.0 287.26   0.009901   0.30 224.64 309.14  88640.51
 62.0 22461.0 285.98   0.008884   0.32 220.15 303.98  88663.12
 62.0 22492.0 288.78   0.010317   0.35 265.14 305.29  88496.30
 62.0 22523.0 289.55   0.010477   0.37 259.06 311.71  88398.88
 62.0 22553.0 290.87   0.011653   0.36 250.78 331.76  88365.96
 62.0 22584.0 290.75   0.012700   0.30 221.71 345.70  88270.84
 62.0 22614.0 290.56   0.012620   0.29 197.33 349.83  88321.28
 63.0 22645.0 290.45   0.013043   0.27 197.01 351.74  88301.73
 63.0 22676.0 290.70   0.013678   0.25 201.94 353.98  88311.80
 63.0 22704.0 292.00   0.014166   0.32 266.58 340.98  88285.02
 63.0 22735.0 290.02   0.012598   0.34 209.21 345.72  88455.80
 63.0 22765.0 289.55   0.011752   0.29 249.34 320.52  88587.08
 63.0 22796.0 288.87   0.010885   0.31 257.60 302.65  88505.41
 63.0 22826.0 288.17   0.009855   0.35 267.66 292.39  88570.11
 63.0 22857.0 288.12   0.009683   0.36 263.30 297.89  88537.51
 63.0 22888.0 290.48   0.010955   0.38 277.42 312.72  88347.59
 63.0 22918.0 291.17   0.011884   0.36 250.48 331.16  88286.03
 63.0 22949.0 291.23   0.012519   0.31 209.23 345.00  88290.78
 63.0 22979.0 289.83   0.012548   0.25 158.11 356.85  88308.23
 64.0 23010.0 289.93   0.012951   0.24 186.57 353.11  88265.50
 64.0 23041.0 291.28   0.013846   0.27 237.58 345.59  88219.52
 64.0 23069.0 291.42   0.014117   0.29 227.79 350.52  88232.48
 64.0 23100.0 291.60   0.013875   0.33 262.04 338.07  88367.55
 64.0 23130.0 289.67   0.011804   0.33 251.60 317.76  88442.98
 64.0 23161.0 288.30   0.010633   0.30 223.80 312.32  88534.75
 64.0 23191.0 288.13   0.010206   0.33 242.62 302.80  88493.05
 64.0 23222.0 288.47   0.010077   0.36 261.23 301.48  88488.17
 64.0 23253.0 290.27   0.010819   0.37 279.20 309.92  88403.70
 64.0 23283.0 291.80   0.011499   0.37 276.13 324.21  88250.25
 64.0 23314.0 290.41   0.012547   0.31 196.11 347.81  88301.72
 64.0 23344.0 290.06   0.012610   0.29 192.99 350.90  88291.66
 65.0 23375.0 289.82   0.012810   0.25 177.32 357.31  88368.81
 65.0 23406.0 290.23   0.013297   0.27 200.41 354.69  88292.59
 65.0 23434.0 291.51   0.014194   0.28 235.22 350.94  88251.66
 65.0 23465.0 290.52   0.013135   0.33 232.43 340.85  88444.14
 65.0 23495.0 289.42   0.011672   0.33 245.34 318.71  88523.58
 65.0 23526.0 287.66   0.010335   0.34 220.98 309.70  88530.05
 65.0 23556.0 287.27   0.009857   0.37 235.60 301.54  88460.97
 65.0 23587.0 288.27   0.010315   0.38 251.89 308.39  88470.83
 65.0 23618.0 289.54   0.011165   0.39 245.28 325.01  88350.28
 65.0 23648.0 289.76   0.012256   0.32 188.05 348.48  88364.16
 65.0 23679.0 290.60   0.012649   0.31 219.99 342.56  88335.66
 65.0 23709.0 290.00   0.012599   0.30 211.82 346.61  88338.36
 66.0 23740.0 289.77   0.012938   0.24 166.66 358.52  88288.57
 66.0 23771.0 290.90   0.013704   0.25 212.77 351.61  88314.83
 66.0 23799.0 291.18   0.013841   0.30 220.14 353.02  88289.74
 66.0 23830.0 290.97   0.013075   0.33 258.75 333.00  88469.89
 66.0 23860.0 289.55   0.011617   0.34 244.07 319.01  88538.27
 66.0 23891.0 289.00   0.010938   0.33 252.36 304.85  88479.66
 66.0 23921.0 287.96   0.009917   0.34 240.34 301.04  88579.63
 66.0 23952.0 288.43   0.009788   0.36 271.45 297.12  88512.16
 66.0 23983.0 290.48   0.011058   0.37 265.45 317.72  88416.34
 66.0 24013.0 291.32   0.012477   0.32 264.03 331.82  88266.67
 66.0 24044.0 290.13   0.012711   0.27 171.12 356.91  88293.52
 66.0 24074.0 289.98   0.013038   0.24 164.67 360.35  88364.30
 67.0 24105.0 290.18   0.013213   0.28 191.46 353.57  88321.34
 67.0 24136.0 290.45   0.013480   0.25 193.17 353.33  88246.17
 67.0 24164.0 291.47   0.014168   0.30 237.91 350.34  88327.03
 67.0 24195.0 290.53   0.012707   0.37 248.50 332.64  88510.80
 67.0 24225.0 289.47   0.011518   0.33 250.09 315.40  88515.97
 67.0 24256.0 287.36   0.009866   0.34 241.63 297.72  88683.61
 67.0 24286.0 286.39   0.009091   0.36 240.78 294.87  88623.80
 67.0 24317.0 287.63   0.009874   0.34 234.92 308.55  88565.48
 67.0 24348.0 290.33   0.010916   0.38 289.42 307.53  88377.94
 67.0 24378.0 291.26   0.012429   0.33 246.45 334.71  88299.11
 67.0 24409.0 290.82   0.012874   0.31 210.06 349.70  88348.94
 67.0 24439.0 290.64   0.013047   0.30 207.92 346.35  88358.34
 68.0 24470.0 290.29   0.013104   0.27 189.51 354.77  88202.59
 68.0 24501.0 291.07   0.013694   0.31 204.62 354.92  88287.14
 68.0 24529.0 291.15   0.013902   0.29 219.20 353.24  88325.41
 68.0 24560.0 290.97   0.013274   0.37 244.57 336.94  88354.80
 68.0 24590.0 288.72   0.011250   0.36 227.22 321.40  88612.23
 68.0 24621.0 287.12   0.009861   0.34 236.05 303.24  88590.89
 68.0 24651.0 286.61   0.009362   0.36 226.71 301.48  88659.80
 68.0 24682.0 288.63   0.010464   0.37 264.03 301.44  88551.94
 68.0 24713.0 290.38   0.010981   0.40 286.53 308.24  88415.60
 68.0 24743.0 291.29   0.012298   0.35 228.69 338.78  88443.06
 68.0 24774.0 291.32   0.012853   0.35 225.03 346.39  88342.27
 68.0 24804.0 290.57   0.013178   0.28 188.36 354.15  88197.42
 69.0 24835.0 290.56   0.013400   0.29 194.73 354.81  88369.86
 69.0 24866.0 291.56   0.014128   0.30 235.80 352.75  88279.34
 69.0 24894.0 291.87   0.014085   0.38 268.22 342.17  88374.05
 69.0 24925.0 290.50   0.012786   0.38 237.85 334.94  88468.15
 69.0 24955.0 289.45   0.011435   0.36 260.42 311.24  88491.89
 69.0 24986.0 288.47   0.010465   0.38 255.55 299.73  88540.30
 69.0 25016.0 287.71   0.009793   0.37 245.95 298.92  88517.18
 69.0 25047.0 288.22   0.010047   0.38 251.60 305.78  88460.75
 69.0 25078.0 290.57   0.011249   0.40 271.63 314.10  88295.16
 69.0 25108.0 291.37   0.011992   0.37 247.30 332.72  88266.88
 69.0 25139.0 291.10   0.013200   0.27 214.77 350.14  88355.20
 69.0 25169.0 290.26   0.012907   0.27 175.51 355.96  88275.97
 70.0 25200.0 290.67   0.013303   0.29 207.63 350.96  88290.36
 70.0 25231.0 291.13   0.013909   0.28 204.50 358.77  88214.80
 70.0 25259.0 291.50   0.013909   0.36 257.41 343.68  88316.06
 70.0 25290.0 290.50   0.012715   0.37 244.56 334.55  88516.36
 70.0 25320.0 288.63   0.010974   0.34 243.32 315.04  88639.27
 70.0 25351.0 287.55   0.010062   0.35 257.01 295.01  88635.69
 70.0 25381.0 286.15   0.009056   0.36 237.28 295.60  88662.19
 70.0 25412.0 287.85   0.010050   0.38 246.76 305.70  88490.74
 70.0 25443.0 290.08   0.011290   0.39 260.52 320.83  88425.77
 70.0 25473.0 290.54   0.011482   0.41 246.72 331.41  88308.84
 70.0 25504.0 290.66   0.012927   0.31 188.75 355.80  88318.72
 70.0 25534.0 290.56   0.013102   0.33 209.18 351.37  88170.38
 71.0 25565.0 290.41   0.013248   0.29 193.67 354.74  88214.95
 71.0 25596.0 291.02   0.013807   0.30 217.97 351.79  88250.95
 71.0 25624.0 291.20   0.014038   0.34 241.77 350.56  88422.55
 71.0 25655.0 290.12   0.012694   0.39 226.03 340.47  88513.52
 71.0 25685.0 288.28   0.010987   0.38 223.23 321.22  88689.50
 71.0 25716.0 287.35   0.010159   0.39 253.71 293.95  88584.31
 71.0 25746.0 287.56   0.009801   0.39 266.26 289.23  88560.71
 71.0 25777.0 289.05   0.010677   0.40 260.84 310.52  88472.23
 71.0 25808.0 290.25   0.011352   0.42 272.89 317.04  88346.38
 71.0 25838.0 290.68   0.012823   0.36 230.75 341.37  88311.44
 71.0 25869.0 291.25   0.012966   0.36 224.58 346.31  88310.06
 71.0 25899.0 290.74   0.013329   0.30 192.27 357.64  88349.27
 72.0 25930.0 290.20   0.013252   0.28 189.27 355.07  88263.43
 72.0 25961.0 291.03   0.013883   0.30 204.69 357.15  88306.84
 72.0 25989.0 291.39   0.013876   0.37 260.45 341.64  88363.44
 72.0 26020.0 290.82   0.013044   0.40 241.13 337.40  88463.86
 72.0 26050.0 289.83   0.011880   0.38 250.15 319.34  88522.19
 72.0 26081.0 288.14   0.010430   0.39 247.52 300.98  88502.84
 72.0 26111.0 287.45   0.009692   0.36 252.70 296.86  88548.34
 72.0 26142.0 289.54   0.010187   0.42 289.31 293.22  88474.31
 72.0 26173.0 290.93   0.010824   0.42 287.66 308.88  88285.78
 72.0 26203.0 291.52   0.011918   0.34 259.96 331.99  88286.55
 72.0 26234.0 290.60   0.012729   0.32 214.09 348.46  88263.28
 72.0 26264.0 290.26   0.012735   0.30 183.20 350.88  88204.18
 73.0 26295.0 289.97   0.012850   0.30 190.99 352.29  88257.58
 73.0 26326.0 290.60   0.013470   0.31 203.04 354.48  88179.44
 73.0 26354.0 291.04   0.013851   0.34 236.05 347.98  88270.16
 73.0 26385.0 290.47   0.013086   0.37 238.31 336.93  88402.79
 73.0 26415.0 289.34   0.011841   0.39 230.88 324.91  88569.40
 73.0 26446.0 286.64   0.009639   0.41 235.66 298.85  88627.12
 73.0 26476.0 286.44   0.009330   0.39 228.68 301.99  88631.95
 73.0 26507.0 288.49   0.010510   0.43 248.80 310.22  88420.30
 73.0 26538.0 288.99   0.010508   0.42 265.00 310.96  88342.02
 73.0 26568.0 290.46   0.012167   0.36 223.73 340.55  88342.27
 73.0 26599.0 290.12   0.012601   0.31 194.11 349.40  88355.45
 73.0 26629.0 289.75   0.012758   0.27 175.28 355.31  88319.28
 74.0 26660.0 289.87   0.013103   0.28 174.92 360.36  88285.61
 74.0 26691.0 290.56   0.013634   0.28 208.15 352.97  88303.88
 74.0 26719.0 291.16   0.013942   0.34 236.57 350.35  88321.84
 74.0 26750.0 290.47   0.012949   0.37 233.21 339.65  88449.67
 74.0 26780.0 289.45   0.011834   0.38 241.10 323.25  88533.57
 74.0 26811.0 288.49   0.010796   0.38 257.38 300.07  88519.67
 74.0 26841.0 287.12   0.009532   0.39 249.13 295.22  88613.14
 74.0 26872.0 289.74   0.011151   0.39 263.69 310.11  88404.39
 74.0 26903.0 290.01   0.010943   0.42 279.95 310.42  88391.84
 74.0 26933.0 290.83   0.012525   0.36 252.59 333.71  88320.72
 74.0 26964.0 289.79   0.012715   0.28 174.10 355.03  88294.30
 74.0 26994.0 289.62   0.012712   0.29 178.03 354.26  88329.27
 75.0 27025.0 289.63   0.012865   0.30 180.63 354.25  88377.91
 75.0 27056.0 291.34   0.013728   0.36 261.28 339.46  88277.67
 75.0 27084.0 291.77   0.014320   0.30 243.17 351.34  88278.45
 75.0 27115.0 291.02   0.013466   0.39 248.81 339.35  88412.58
 75.0 27145.0 289.16   0.011588   0.39 239.26 320.62  88604.27
 75.0 27176.0 286.68   0.009781   0.41 216.82 306.31  88671.59
 75.0 27206.0 287.17   0.009694   0.38 252.05 294.98  88574.94
 75.0 27237.0 288.27   0.010193   0.40 253.38 305.39  88528.68
 75.0 27268.0 290.28   0.011408   0.42 276.91 312.92  88348.23
 75.0 27298.0 291.24   0.012014   0.39 264.37 327.78  88348.19
 75.0 27329.0 290.94   0.012477   0.36 231.28 338.97  88315.61
 75.0 27359.0 290.38   0.012755   0.30 194.80 351.44  88390.09
 76.0 27390.0 289.98   0.013000   0.24 160.72 360.17  88379.66
 76.0 27421.0 290.88   0.013745   0.31 215.61 352.07  88327.46
 76.0 27449.0 291.14   0.013785   0.31 236.30 347.03  88356.27
 76.0 27480.0 290.87   0.013170   0.41 234.71 342.16  88507.59
 76.0 27510.0 289.40   0.011479   0.37 255.37 314.18  88646.38
 76.0 27541.0 287.86   0.010292   0.37 230.37 306.88  88706.15
 76.0 27571.0 286.75   0.009379   0.40 233.08 299.59  88606.73
 76.0 27602.0 288.84   0.009910   0.42 295.72 289.82  88556.66
 76.0 27633.0 290.29   0.010877   0.42 293.49 307.02  88351.04
 76.0 27663.0 291.61   0.012288   0.40 272.03 330.53  88295.09
 76.0 27694.0 290.77   0.012439   0.37 229.23 340.66  88269.98
 76.0 27724.0 290.40   0.012819   0.31 199.02 349.67  88316.40
 77.0 27755.0 290.89   0.013238   0.36 227.75 347.98  88197.33
 77.0 27786.0 291.31   0.013912   0.34 239.89 349.00  88218.89
 77.0 27814.0 291.53   0.013810   0.42 258.15 341.46  88233.10
 77.0 27845.0 290.89   0.012892   0.42 263.85 331.57  88458.45
 77.0 27875.0 289.64   0.011490   0.43 258.88 316.32  88595.69
 77.0 27906.0 288.82   0.010413   0.41 264.02 297.24  88591.10
 77.0 27936.0 288.31   0.009944   0.43 262.41 293.37  88453.97
 77.0 27967.0 289.45   0.010484   0.45 266.47 304.33  88387.92
 77.0 27998.0 290.90   0.010402   0.48 304.82 302.04  88246.25
 77.0 28028.0 292.46   0.011519   0.37 271.73 331.34  88319.16
 77.0 28059.0 291.19   0.012930   0.31 214.49 344.46  88334.86
 77.0 28089.0 290.13   0.012947   0.25 166.36 357.83  88353.45
 78.0 28120.0 289.73   0.012945   0.26 176.34 354.84  88334.55
 78.0 28151.0 290.50   0.013613   0.31 200.90 355.53  88224.77
 78.0 28179.0 291.24   0.013838   0.35 235.50 347.75  88281.20
 78.0 28210.0 290.65   0.013627   0.32 210.72 349.20  88247.41
 78.0 28240.0 288.97   0.011662   0.36 233.57 322.12  88446.92
 78.0 28271.0 287.23   0.010185   0.39 242.83 301.14  88564.70
 78.0 28301.0 286.50   0.009525   0.37 234.26 301.82  88550.25
 78.0 28332.0 288.42   0.010544   0.39 261.82 306.55  88390.36
 78.0 28363.0 289.61   0.011037   0.39 272.58 315.84  88280.91
 78.0 28393.0 289.91   0.011621   0.40 241.58 330.69  88361.23
 78.0 28424.0 291.03   0.011879   0.42 268.12 329.70  88200.03
 78.0 28454.0 289.99   0.012697   0.32 187.81 351.77  88240.27
 79.0 28485.0 289.52   0.012759   0.29 179.30 354.29  88216.92
 79.0 28516.0 291.01   0.013667   0.38 249.87 343.92  88267.96
 79.0 28544.0 291.22   0.013704   0.39 259.17 340.94  88221.02
 79.0 28575.0 290.85   0.012988   0.43 260.78 331.62  88376.31
 79.0 28605.0 289.92   0.011906   0.40 257.84 314.44  88490.84
 79.0 28636.0 288.14   0.010229   0.42 255.72 296.65  88551.11
 79.0 28666.0 287.50   0.009713   0.40 253.21 294.12  88550.42
 79.0 28697.0 288.38   0.010173   0.43 253.97 302.36  88448.29
 79.0 28728.0 290.55   0.010901   0.45 290.66 308.11  88310.03
 79.0 28758.0 291.72   0.012262   0.38 270.43 329.73  88326.72
 79.0 28789.0 290.84   0.012834   0.30 197.35 349.65  88282.43
 79.0 28819.0 289.77   0.012501   0.27 175.77 352.78  88281.89
 80.0 28850.0 290.16   0.013079   0.29 181.68 353.96  88286.48
 80.0 28881.0 290.55   0.013263   0.32 218.11 349.32  88349.37
 80.0 28909.0 291.31   0.014040   0.35 220.84 354.64  88229.27
 80.0 28940.0 291.02   0.013268   0.40 253.11 335.15  88466.27
 80.0 28970.0 289.27   0.011534   0.37 243.01 320.70  88554.28
 80.0 29001.0 288.19   0.010610   0.36 236.82 307.62  88625.67
 80.0 29031.0 287.14   0.009609   0.35 240.29 299.20  88576.37
 80.0 29062.0 288.77   0.010245   0.41 273.10 298.20  88507.57
 80.0 29093.0 289.85   0.010978   0.44 271.56 315.81  88443.45
 80.0 29123.0 291.74   0.011951   0.42 269.45 330.02  88402.08
 80.0 29154.0 291.36   0.012504   0.35 213.29 346.23  88347.62
 80.0 29184.0 290.69   0.013148   0.30 195.53 353.99  88423.23
 81.0 29215.0 290.48   0.013317   0.29 185.91 356.04  88266.41
 81.0 29246.0 290.47   0.013515   0.31 193.09 357.34  88343.93
 81.0 29274.0 291.81   0.014328   0.37 246.56 348.28  88331.83
 81.0 29305.0 291.47   0.013650   0.41 242.43 343.04  88499.67
 81.0 29335.0 289.93   0.011890   0.39 252.59 322.09  88581.05
 81.0 29366.0 288.00   0.010251   0.39 240.30 302.18  88601.44
 81.0 29396.0 287.95   0.009842   0.41 250.56 298.03  88556.70
 81.0 29427.0 289.41   0.010380   0.43 278.77 299.18  88442.12
 81.0 29458.0 290.74   0.011179   0.44 279.64 313.92  88384.27
 81.0 29488.0 291.23   0.012290   0.36 229.26 341.54  88294.10
 81.0 29519.0 290.70   0.012334   0.33 211.55 343.30  88276.03
 81.0 29549.0 289.90   0.012899   0.27 162.25 357.74  88173.51
 82.0 29580.0 290.03   0.013276   0.26 169.20 360.14  88302.64
 82.0 29611.0 290.34   0.013510   0.27 185.99 357.49  88264.91
 82.0 29639.0 291.51   0.014317   0.32 232.54 350.78  88232.45
 82.0 29670.0 290.83   0.013030   0.38 249.07 334.14  88411.91
 82.0 29700.0 287.91   0.010420   0.38 238.79 310.13  88570.75
 82.0 29731.0 287.70   0.010214   0.37 245.96 300.44  88564.36
 82.0 29761.0 287.84   0.010172   0.37 250.26 298.91  88469.00
 82.0 29792.0 288.81   0.010036   0.40 279.11 297.54  88405.77
 82.0 29823.0 289.81   0.010857   0.41 268.95 312.53  88326.47
 82.0 29853.0 290.43   0.011626   0.37 230.41 334.77  88299.30
 82.0 29884.0 290.09   0.012600   0.34 195.30 350.07  88184.72
 82.0 29914.0 290.04   0.012888   0.31 171.26 357.98  88298.97
 83.0 29945.0 290.11   0.013154   0.29 174.24 356.48  88342.37
 83.0 29976.0 290.69   0.013678   0.29 211.64 353.32  88308.56
 83.0 30004.0 290.66   0.013402   0.33 213.00 348.24  88363.27
 83.0 30035.0 290.67   0.013224   0.36 231.24 340.39  88355.51
 83.0 30065.0 289.52   0.011726   0.38 254.13 314.01  88456.73
 83.0 30096.0 288.21   0.010483   0.36 251.94 299.59  88490.27
 83.0 30126.0 287.81   0.009802   0.41 260.12 291.31  88524.67
 83.0 30157.0 288.92   0.009964   0.44 291.07 289.13  88371.16
 83.0 30188.0 290.51   0.010746   0.45 302.39 301.34  88343.17
 83.0 30218.0 290.54   0.012063   0.37 234.69 336.05  88286.35
 83.0 30249.0 290.38   0.012909   0.32 197.02 349.68  88369.41
 83.0 30279.0 289.40   0.012628   0.26 159.92 357.57  88372.69
 84.0 30310.0 289.57   0.012925   0.28 180.98 354.00  88279.44
 84.0 30341.0 289.77   0.013046   0.30 189.38 355.12  88379.54
 84.0 30369.0 290.70   0.013605   0.33 211.46 352.87  88303.14
 84.0 30400.0 290.89   0.013212   0.38 255.61 336.67  88462.54
 84.0 30430.0 289.30   0.011417   0.37 265.62 309.21  88556.81
 84.0 30461.0 288.04   0.010345   0.38 255.24 297.58  88644.02
 84.0 30491.0 286.51   0.009194   0.37 239.49 296.95  88660.52
 84.0 30522.0 288.58   0.010286   0.39 266.51 302.12  88449.16
 84.0 30553.0 289.69   0.011106   0.40 257.93 319.59  88490.25
 84.0 30583.0 291.10   0.012538   0.38 237.12 340.14  88397.53
 84.0 30614.0 290.56   0.012781   0.32 194.46 352.99  88365.05
 84.0 30644.0 290.55   0.013222   0.31 200.79 352.95  88346.73
 85.0 30675.0 290.42   0.013316   0.32 210.16 350.92  88285.52
 85.0 30706.0 291.26   0.014129   0.28 207.86 358.35  88268.86
 85.0 30734.0 291.52   0.014062   0.35 240.69 348.88  88402.33
 85.0 30765.0 291.16   0.013194   0.39 253.38 335.71  88374.95
 85.0 30795.0 290.06   0.012075   0.36 248.15 323.20  88431.80
 85.0 30826.0 287.97   0.010367   0.39 232.56 306.28  88542.12
 85.0 30856.0 288.56   0.010262   0.38 267.89 292.83  88562.44
 85.0 30887.0 289.19   0.010362   0.41 268.54 301.55  88481.36
 85.0 30918.0 290.30   0.010859   0.44 294.96 303.90  88342.66
 85.0 30948.0 290.56   0.012233   0.33 217.42 341.56  88311.34
 85.0 30979.0 291.09   0.012831   0.36 235.92 339.59  88342.88
 85.0 31009.0 290.70   0.013317   0.29 186.31 355.11  88265.06
 86.0 31040.0 290.62   0.013249   0.34 203.39 348.27  88248.92
 86.0 31071.0 291.13   0.013717   0.35 249.37 342.47  88248.90
 86.0 31099.0 291.62   0.013903   0.35 261.54 340.29  88335.27
 86.0 31130.0 290.69   0.013158   0.37 238.60 337.82  88431.92
 86.0 31160.0 289.51   0.011712   0.34 229.51 324.07  88510.49
 86.0 31191.0 288.18   0.010486   0.37 244.84 303.98  88658.51
 86.0 31221.0 287.76   0.009843   0.35 256.69 295.16  88528.07
 86.0 31252.0 289.63   0.010835   0.40 273.51 304.24  88416.11
 86.0 31283.0 290.59   0.011093   0.43 279.80 312.37  88414.52
 86.0 31313.0 291.44   0.012088   0.39 259.69 330.55  88313.98
 86.0 31344.0 291.50   0.012535   0.37 225.62 347.53  88304.13
 86.0 31374.0 290.08   0.012804   0.28 181.64 352.25  88306.94
 87.0 31405.0 290.85   0.013112   0.31 216.08 348.07  88263.30
 87.0 31436.0 291.60   0.013871   0.34 231.70 351.44  88220.98
 87.0 31464.0 291.26   0.013893   0.33 217.41 353.20  88307.20
 87.0 31495.0 291.07   0.013076   0.42 251.62 337.69  88463.09
 87.0 31525.0 290.36   0.012027   0.39 258.27 320.72  88589.45
 87.0 31556.0 289.28   0.010562   0.40 264.27 298.64  88539.09
 87.0 31586.0 288.06   0.009761   0.42 251.84 298.47  88578.95
 87.0 31617.0 289.95   0.010216   0.45 286.81 296.64  88410.47
 87.0 31648.0 291.79   0.011379   0.40 282.38 315.29  88345.55
 87.0 31678.0 290.97   0.012754   0.30 207.13 350.42  88324.44
 87.0 31709.0 290.87   0.013202   0.29 202.97 351.35  88426.73
 87.0 31739.0 290.47   0.013001   0.32 192.27 352.29  88276.50
 88.0 31770.0 290.31   0.013256   0.29 200.84 352.36  88323.19
 88.0 31801.0 290.99   0.013895   0.29 212.78 353.83  88237.83
 88.0 31829.0 291.43   0.014025   0.35 250.38 345.52  88342.80
 88.0 31860.0 291.18   0.013436   0.36 241.90 337.36  88429.72
 88.0 31890.0 290.37   0.012474   0.37 256.45 318.43  88512.62
 88.0 31921.0 287.89   0.010227   0.38 258.00 293.82  88534.70
 88.0 31951.0 287.52   0.009716   0.39 247.06 296.02  88523.58
 88.0 31982.0 289.18   0.010406   0.41 282.83 298.71  88499.55
 88.0 32013.0 290.93   0.011510   0.42 290.23 313.88  88402.23
 88.0 32043.0 291.26   0.011932   0.41 256.14 331.98  88356.17
 88.0 32074.0 291.10   0.012853   0.30 208.37 349.03  88273.06
 88.0 32104.0 290.77   0.012976   0.29 200.24 349.49  88324.59
 89.0 32135.0 290.90   0.013251   0.32 212.38 348.94  88277.71
 89.0 32166.0 291.38   0.014052   0.31 222.30 354.16  88259.62
 89.0 32194.0 291.95   0.014147   0.39 251.37 346.51  88339.06
 89.0 32225.0 291.01   0.012998   0.42 250.23 334.39  88503.59
 89.0 32255.0 289.84   0.011673   0.38 259.12 315.97  88574.17
 89.0 32286.0 289.33   0.010811   0.38 266.16 296.93  88539.76
 89.0 32316.0 287.46   0.009492   0.39 245.31 297.05  88654.02
 89.0 32347.0 290.04   0.010733   0.43 280.15 301.83  88402.11
 89.0 32378.0 291.25   0.010616   0.47 304.46 304.35  88357.42
 89.0 32408.0 291.82   0.012829   0.34 233.62 341.21  88301.50
 89.0 32439.0 291.13   0.013003   0.32 227.20 345.14  88389.09
 89.0 32469.0 290.83   0.013065   0.30 184.08 355.51  88221.27
 90.0 32500.0 290.10   0.012949   0.28 172.98 357.28  88289.91
 90.0 32531.0 290.93   0.013823   0.31 204.03 356.61  88256.00
 90.0 32559.0 291.50   0.014171   0.38 230.92 352.45  88381.81
 90.0 32590.0 290.77   0.013248   0.39 227.27 343.41  88530.16
 90.0 32620.0 290.10   0.012174   0.38 259.12 317.12  88520.69
 90.0 32651.0 287.99   0.010392   0.40 238.46 302.04  88558.31
 90.0 32681.0 287.69   0.009876   0.40 248.96 297.25  88527.55
 90.0 32712.0 288.45   0.009905   0.43 283.59 293.69  88484.41
 90.0 32743.0 290.77   0.010691   0.46 309.59 302.37  88370.88
 90.0 32773.0 291.64   0.011559   0.41 276.27 324.13  88312.40
 90.0 32804.0 290.74   0.013050   0.31 187.59 353.23  88382.28
 90.0 32834.0 290.11   0.012961   0.29 178.33 355.43  88296.64
 91.0 32865.0 289.89   0.013189   0.25 169.96 359.14  88286.77
 91.0 32896.0 290.42   0.013547   0.29 197.96 355.25  88236.11
 91.0 32924.0 291.13   0.014122   0.29 219.28 354.84  88285.49
 91.0 32955.0 291.03   0.013447   0.37 248.67 339.82  88359.94
 91.0 32985.0 288.63   0.011038   0.38 246.80 312.08  88599.52
 91.0 33016.0 287.04   0.009761   0.40 250.53 294.16  88608.77
 91.0 33046.0 286.32   0.009248   0.37 228.76 302.21  88591.19
 91.0 33077.0 288.17   0.010132   0.40 273.04 296.97  88523.34
 91.0 33108.0 290.59   0.011290   0.41 283.12 314.69  88313.83
 91.0 33138.0 290.98   0.012165   0.39 239.35 336.07  88365.48
 91.0 33169.0 291.01   0.012765   0.38 220.62 346.91  88345.50
 91.0 33199.0 290.11   0.012926   0.29 174.22 355.89  88297.02
 92.0 33230.0 290.13   0.013059   0.29 178.59 356.33  88398.22
 92.0 33261.0 290.85   0.013843   0.31 205.69 357.17  88284.80
 92.0 33289.0 291.62   0.014219   0.35 246.56 346.94  88252.23
 92.0 33320.0 290.85   0.013436   0.39 222.18 346.95  88391.84
 92.0 33350.0 289.90   0.012097   0.39 252.40 316.84  88548.18
 92.0 33381.0 287.79   0.010445   0.40 208.62 320.42  88645.69
 92.0 33411.0 287.94   0.010295   0.40 240.52 303.01  88593.19
 92.0 33442.0 288.89   0.010388   0.41 275.22 301.42  88451.55
 92.0 33473.0 289.73   0.010619   0.45 284.92 306.25  88429.26
 92.0 33503.0 290.63   0.012674   0.35 228.93 342.48  88344.89
 92.0 33534.0 289.81   0.012515   0.31 177.16 352.73  88364.27
 92.0 33564.0 289.64   0.012574   0.31 180.75 354.07  88343.76
 93.0 33595.0 290.12   0.013110   0.31 178.41 357.49  88395.33
 93.0 33626.0 290.28   0.013299   0.32 210.13 351.97  88262.41
 93.0 33654.0 291.85   0.014538   0.35 249.18 352.41  88351.97
 93.0 33685.0 291.14   0.013440   0.39 254.12 336.89  88462.61
 93.0 33715.0 289.10   0.011634   0.40 219.41 326.82  88585.38
 93.0 33746.0 287.00   0.009969   0.39 210.97 312.85  88758.98
 93.0 33776.0 287.29   0.009801   0.40 243.16 299.16  88625.10
 93.0 33807.0 287.75   0.010144   0.42 236.65 311.41  88536.52
 93.0 33838.0 289.35   0.010883   0.44 258.23 316.85  88376.41
 93.0 33868.0 290.38   0.012036   0.37 231.94 338.56  88345.19
 93.0 33899.0 290.75   0.012769   0.33 198.86 350.65  88363.45
 93.0 33929.0 290.19   0.012907   0.30 183.70 355.44  88313.61
 94.0 33960.0 290.51   0.013258   0.33 197.25 354.81  88307.05
 94.0 33991.0 290.55   0.013432   0.33 209.44 351.78  88309.50
 94.0 34019.0 291.40   0.014070   0.33 237.36 348.34  88314.77
 94.0 34050.0 291.17   0.013584   0.40 245.83 341.07  88426.20
 94.0 34080.0 289.69   0.011988   0.41 241.52 322.71  88528.88
 94.0 34111.0 287.30   0.010011   0.42 243.81 299.64  88697.75
 94.0 34141.0 287.48   0.009853   0.41 245.25 299.79  88578.62
 94.0 34172.0 289.15   0.010585   0.44 273.53 300.52  88505.11
 94.0 34203.0 290.59   0.010988   0.47 297.34 304.26  88385.47
 94.0 34233.0 290.97   0.011848   0.40 251.61 330.30  88216.50
 94.0 34264.0 290.35   0.012588   0.32 188.37 352.26  88320.14
 94.0 34294.0 289.68   0.012611   0.30 169.02 356.17  88364.53
 95.0 34325.0 289.69   0.012784   0.34 180.50 355.05  88228.44
 95.0 34356.0 290.77   0.013531   0.32 213.58 354.66  88239.23
 95.0 34384.0 291.24   0.014173   0.34 215.42 355.82  88264.55
 95.0 34415.0 290.76   0.013185   0.42 248.43 336.35  88429.23
 95.0 34445.0 288.98   0.011490   0.42 248.77 314.26  88522.14
 95.0 34476.0 287.43   0.010106   0.41 245.64 298.67  88503.91
 95.0 34506.0 287.00   0.009628   0.41 249.95 293.80  88600.37
 95.0 34537.0 288.22   0.010085   0.45 277.13 294.75  88487.91
 95.0 34568.0 289.02   0.010349   0.42 277.40 305.70  88491.03
 95.0 34598.0 290.41   0.011760   0.41 248.47 330.52  88362.87
 95.0 34629.0 290.39   0.012382   0.35 203.90 347.17  88406.77
 95.0 34659.0 289.69   0.012576   0.31 185.28 354.90  88344.47
 96.0 34690.0 290.51   0.013100   0.35 199.92 355.79  88383.16
 96.0 34721.0 290.50   0.013394   0.36 219.63 349.68  88358.20
 96.0 34749.0 290.78   0.013571   0.41 235.46 346.71  88324.34
 96.0 34780.0 291.13   0.013453   0.44 249.34 339.10  88366.16
 96.0 34810.0 289.30   0.011611   0.44 243.40 318.17  88557.18
 96.0 34841.0 287.73   0.010237   0.45 247.22 297.87  88564.90
 96.0 34871.0 286.86   0.009334   0.46 251.70 293.62  88670.27
 96.0 34902.0 288.96   0.010123   0.49 293.89 290.90  88466.71
 96.0 34933.0 290.06   0.010964   0.48 275.66 312.90  88329.77
 96.0 34963.0 291.04   0.011965   0.44 254.12 329.48  88344.66
 96.0 34994.0 290.97   0.013056   0.35 221.66 350.08  88313.02
 96.0 35024.0 290.44   0.013066   0.30 178.70 359.13  88280.81
 97.0 35055.0 290.31   0.013097   0.36 214.53 349.64  88220.23
 97.0 35086.0 290.96   0.013776   0.35 223.22 351.61  88273.33
 97.0 35114.0 291.50   0.014062   0.36 247.47 347.27  88221.96
 97.0 35145.0 290.96   0.013301   0.42 262.07 331.84  88318.62
 97.0 35175.0 289.53   0.011906   0.42 242.63 320.70  88506.17
 97.0 35206.0 286.61   0.009804   0.40 203.96 315.06  88603.31
 97.0 35236.0 286.28   0.009330   0.42 229.28 300.88  88564.34
 97.0 35267.0 287.26   0.009854   0.43 240.69 309.74  88451.91
 97.0 35298.0 289.01   0.010659   0.45 254.58 316.20  88445.08
 97.0 35328.0 290.08   0.011781   0.43 232.85 333.99  88347.14
 97.0 35359.0 290.47   0.012352   0.41 220.76 343.21  88257.50
 97.0 35389.0 290.19   0.012794   0.31 200.14 351.46  88219.77
 98.0 35420.0 289.76   0.012752   0.33 179.61 354.71  88390.18
 98.0 35451.0 290.72   0.013485   0.40 239.30 345.95  88258.44
 98.0 35479.0 290.87   0.013585   0.42 233.50 348.78  88304.41
 98.0 35510.0 290.23   0.012727   0.47 240.31 334.65  88434.98
 98.0 35540.0 289.37   0.011559   0.44 269.47 308.33  88583.80
 98.0 35571.0 287.97   0.010448   0.47 254.46 297.97  88559.22
 98.0 35601.0 287.15   0.009484   0.50 259.63 289.75  88515.75
 98.0 35632.0 289.01   0.010434   0.51 284.40 297.16  88377.57
 98.0 35663.0 290.41   0.011127   0.47 273.28 316.65  88260.74
 98.0 35693.0 291.23   0.011454   0.41 268.25 321.10  88251.92
 98.0 35724.0 291.26   0.012970   0.29 220.75 347.67  88276.45
 98.0 35754.0 289.99   0.012544   0.32 183.25 351.19  88412.37
 99.0 35785.0 289.85   0.012764   0.28 176.08 353.58  88279.83
 99.0 35816.0 290.22   0.013221   0.32 198.77 351.80  88312.23
 99.0 35844.0 291.21   0.013892   0.42 246.49 345.22  88278.80
 99.0 35875.0 290.53   0.013049   0.45 231.98 338.65  88370.91
 99.0 35905.0 289.73   0.011845   0.42 263.53 313.67  88466.02
 99.0 35936.0 287.82   0.010216   0.46 253.63 297.75  88604.19
 99.0 35966.0 287.39   0.009647   0.47 250.46 295.80  88504.47
 99.0 35997.0 288.08   0.009903   0.49 271.54 298.30  88489.39
 99.0 36028.0 290.35   0.010956   0.50 293.75 308.05  88339.27
 99.0 36058.0 291.18   0.011517   0.44 254.08 332.97  88307.05
 99.0 36089.0 289.98   0.012517   0.32 172.12 357.55  88327.81
 99.0 36119.0 288.88   0.012311   0.27 154.76 358.22  88410.24
100.0 36150.0 289.27   0.012646   0.32 172.20 357.29  88348.94
100.0 36181.0 290.13   0.013269   0.36 205.08 354.88  88259.38
100.0 36209.0 290.51   0.013432   0.40 220.67 351.54  88251.38
100.0 36240.0 290.95   0.013332   0.47 260.11 335.02  88464.83
100.0 36270.0 289.43   0.011740   0.46 258.44 313.69  88542.02
100.0 36301.0 288.28   0.010732   0.45 241.10 305.11  88626.05
100.0 36331.0 287.97   0.009977   0.48 267.17 290.90  88600.26
100.0 36362.0 287.99   0.009790   0.49 274.03 295.60  88628.41
100.0 36393.0 290.34   0.011508   0.47 270.89 318.69  88395.05
100.0 36423.0 290.00   0.011264   0.49 259.13 322.96  88418.48
100.0 36454.0 290.45   0.012314   0.38 200.99 347.36  88367.87
100.0 36484.0 289.77   0.012609   0.33 184.72 352.28  88346.98
