  1.0    15.0 289.29   0.011375   1.81 176.43 358.41  88317.09
  1.0    46.0 291.70   0.011720   1.52 290.59 346.21  88290.82
  1.0    74.0 291.77   0.011932   1.69 263.67 352.83  88304.77
  1.0   105.0 292.40   0.010360   2.55 294.45 325.71  88296.47
  1.0   135.0 290.46   0.009127   2.86 270.86 313.95  88353.74
  1.0   166.0 288.04   0.008017   3.14 272.70 290.19  88578.21
  1.0   196.0 287.59   0.006926   3.38 282.60 281.01  88652.36
  1.0   227.0 290.45   0.006868   3.63 301.49 292.78  88521.07
  1.0   258.0 292.16   0.007516   3.77 267.45 319.40  88387.83
  1.0   288.0 291.98   0.009638   2.99 235.16 343.74  88308.58
  1.0   319.0 290.21   0.011969   1.88 190.19 359.83  88341.73
  1.0   349.0 289.74   0.011718   1.75 173.42 359.80  88360.37
  2.0   380.0 291.40   0.010767   1.79 256.96 344.26  88178.51
  2.0   411.0 291.00   0.011603   1.56 253.83 347.38  88210.28
  2.0   439.0 291.38   0.012176   1.56 249.71 350.57  88201.69
  2.0   470.0 292.36   0.011403   2.60 291.57 334.15  88178.37
  2.0   500.0 290.39   0.009358   3.05 248.84 317.01  88334.91
  2.0   531.0 288.39   0.008370   3.17 263.38 294.05  88440.03
  2.0   561.0 289.13   0.007590   3.16 279.44 289.81  88520.48
  2.0   592.0 290.20   0.007247   3.76 298.37 293.34  88549.62
  2.0   623.0 292.07   0.007977   3.57 287.44 316.59  88368.74
  2.0   653.0 292.76   0.009783   3.18 272.70 338.13  88250.50
  2.0   684.0 289.92   0.012106   1.88 169.66 366.51  88302.61
  2.0   714.0 289.85   0.011421   2.06 195.24 357.89  88368.84
  3.0   745.0 290.26   0.009207   2.31 236.11 337.45  88357.33
  3.0   776.0 291.78   0.011341   1.40 283.36 345.17  88335.41
  3.0   804.0 291.62   0.011386   1.73 249.78 347.03  88351.35
  3.0   835.0 291.87   0.010650   2.76 276.09 329.56  88237.53
  3.0   865.0 289.97   0.008680   3.04 281.08 300.96  88388.50
  3.0   896.0 288.48   0.008229   3.17 258.69 296.60  88549.77
  3.0   926.0 288.52   0.007335   3.39 270.83 289.15  88668.81
  3.0   957.0 290.72   0.006766   3.73 302.29 293.32  88544.00
  3.0   988.0 292.87   0.006890   3.60 280.31 312.77  88347.35
  3.0  1018.0 292.56   0.009138   2.75 250.12 339.06  88393.02
  3.0  1049.0 289.95   0.011754   1.97 178.86 358.23  88344.68
  3.0  1079.0 288.96   0.011046   1.90 161.84 358.49  88364.97
  4.0  1110.0 290.09   0.010383   1.91 209.46 350.19  88309.33
  4.0  1141.0 291.64   0.010812   1.55 280.16 338.67  88300.09
  4.0  1169.0 292.51   0.011484   1.92 298.20 339.18  88285.59
  4.0  1200.0 291.16   0.010999   2.69 269.26 335.02  88262.30
  4.0  1230.0 290.32   0.009414   2.96 265.51 314.12  88382.34
  4.0  1261.0 288.46   0.008271   3.59 261.71 300.73  88473.23
  4.0  1291.0 288.70   0.007079   2.92 283.19 284.33  88556.09
  4.0  1322.0 290.72   0.007281   3.76 291.59 300.14  88439.96
  4.0  1353.0 292.70   0.008047   3.26 254.19 328.94  88364.93
  4.0  1383.0 291.68   0.009244   2.52 225.88 337.29  88352.58
  4.0  1414.0 289.53   0.011871   1.80 154.61 363.83  88294.23
  4.0  1444.0 289.62   0.011547   2.11 183.37 358.29  88338.92
  5.0  1475.0 289.87   0.011510   1.86 206.44 355.67  88371.59
  5.0  1506.0 290.38   0.011187   1.56 206.29 357.11  88338.63
  5.0  1534.0 291.86   0.011234   1.86 269.50 344.60  88292.91
  5.0  1565.0 292.20   0.011338   2.51 273.15 340.81  88147.86
  5.0  1595.0 290.75   0.009803   2.97 259.66 322.51  88309.50
  5.0  1626.0 288.77   0.008568   3.25 267.29 299.25  88497.11
  5.0  1656.0 288.37   0.007583   3.08 280.92 287.28  88603.79
  5.0  1687.0 289.95   0.007739   3.60 284.95 301.05  88607.41
  5.0  1718.0 292.34   0.007870   3.59 297.26 315.60  88420.67
  5.0  1748.0 291.07   0.010807   2.13 198.71 351.79  88277.57
  5.0  1779.0 290.35   0.012245   1.81 195.92 362.89  88374.21
  5.0  1809.0 289.31   0.011466   1.99 171.19 360.48  88354.89
  6.0  1840.0 290.48   0.011734   1.77 218.61 358.99  88325.79
  6.0  1871.0 291.69   0.010452   1.64 269.34 339.26  88316.84
  6.0  1899.0 291.59   0.011804   1.48 256.90 347.74  88225.78
  6.0  1930.0 292.39   0.011321   2.16 278.95 337.64  88120.22
  6.0  1960.0 290.42   0.009603   2.89 261.42 318.19  88343.33
  6.0  1991.0 288.50   0.008305   3.38 266.67 297.22  88539.35
  6.0  2021.0 288.05   0.007511   3.35 281.12 286.33  88653.87
  6.0  2052.0 290.40   0.007123   3.66 306.11 290.28  88551.09
  6.0  2083.0 291.88   0.008277   3.51 264.75 322.62  88486.60
  6.0  2113.0 291.89   0.010171   2.56 239.83 343.94  88342.37
  6.0  2144.0 289.72   0.011913   1.89 162.86 364.59  88472.30
  6.0  2174.0 289.30   0.011636   1.87 176.27 359.97  88373.21
  7.0  2205.0 290.32   0.011335   1.76 222.77 353.30  88305.45
  7.0  2236.0 291.23   0.011612   1.56 255.85 351.97  88198.94
  7.0  2264.0 292.00   0.011828   1.79 280.63 346.62  88187.41
  7.0  2295.0 292.02   0.010251   3.02 290.21 322.13  88269.19
  7.0  2325.0 290.28   0.009131   2.67 272.58 313.76  88351.48
  7.0  2356.0 288.42   0.008164   3.26 268.62 295.87  88577.95
  7.0  2386.0 287.48   0.006514   2.90 284.15 274.55  88510.56
  7.0  2417.0 290.30   0.006891   3.51 300.39 291.39  88545.12
  7.0  2448.0 292.23   0.007789   3.34 263.86 323.41  88432.88
  7.0  2478.0 291.68   0.010839   2.25 226.01 354.18  88348.25
  7.0  2509.0 289.43   0.011576   1.84 166.50 360.95  88461.12
  7.0  2539.0 290.44   0.011114   2.05 233.81 350.34  88409.25
  8.0  2570.0 290.86   0.009687   1.93 252.52 338.17  88309.12
  8.0  2601.0 291.70   0.011886   1.54 267.91 349.21  88204.69
  8.0  2629.0 291.65   0.012403   1.76 261.87 352.25  88236.53
  8.0  2660.0 291.30   0.011589   1.85 238.20 344.02  88293.77
  8.0  2690.0 290.66   0.009337   3.00 267.21 315.56  88429.54
  8.0  2721.0 288.83   0.008771   3.34 254.63 304.58  88580.52
  8.0  2751.0 288.24   0.007702   3.48 269.34 290.03  88675.07
  8.0  2782.0 289.98   0.007384   3.55 296.34 293.06  88412.95
  8.0  2813.0 292.52   0.008410   3.35 292.90 319.19  88304.27
  8.0  2843.0 292.13   0.010094   2.49 242.58 343.51  88317.93
  8.0  2874.0 289.08   0.011709   1.83 135.46 366.47  88368.19
  8.0  2904.0 289.24   0.011567   1.85 162.48 362.83  88437.73
  9.0  2935.0 290.60   0.009733   2.12 239.00 341.08  88337.76
  9.0  2966.0 292.48   0.011128   1.51 308.71 338.39  88274.05
  9.0  2994.0 291.61   0.012136   1.79 263.42 349.66  88290.72
  9.0  3025.0 291.61   0.010912   2.43 261.51 339.24  88282.01
  9.0  3055.0 290.38   0.009050   3.05 281.85 309.31  88379.66
  9.0  3086.0 288.75   0.008391   3.07 261.21 300.08  88527.59
  9.0  3116.0 288.55   0.007111   3.40 278.80 285.25  88577.98
  9.0  3147.0 290.92   0.007263   3.73 290.56 300.16  88504.31
  9.0  3178.0 292.42   0.008105   3.23 284.74 319.77  88307.74
  9.0  3208.0 291.38   0.010604   2.56 231.21 348.38  88374.88
  9.0  3239.0 290.30   0.011836   1.99 194.68 358.40  88390.20
  9.0  3269.0 289.07   0.010679   2.06 170.71 351.66  88356.56
 10.0  3300.0 290.52   0.010725   1.87 230.59 346.77  88345.35
 10.0  3331.0 290.93   0.011680   1.54 228.77 354.56  88267.13
 10.0  3359.0 292.57   0.010830   1.47 293.86 340.38  88260.39
 10.0  3390.0 291.86   0.011080   2.46 277.91 334.64  88368.14
 10.0  3420.0 290.33   0.008936   3.10 272.34 309.63  88363.81
 10.0  3451.0 288.29   0.007853   3.25 270.51 290.23  88586.69
 10.0  3481.0 289.30   0.007529   3.31 281.80 293.30  88574.73
 10.0  3512.0 290.95   0.006825   3.66 301.20 294.11  88593.28
 10.0  3543.0 292.05   0.008187   3.49 244.27 326.90  88475.20
 10.0  3573.0 291.76   0.009532   2.89 235.17 340.08  88320.40
 10.0  3604.0 290.16   0.011932   1.98 190.43 362.73  88444.88
 10.0  3634.0 289.82   0.011623   1.95 182.59 360.65  88388.26
 11.0  3665.0 291.16   0.011056   1.76 245.10 347.76  88337.37
 11.0  3696.0 291.97   0.012001   1.37 291.72 342.37  88296.48
 11.0  3724.0 292.31   0.011258   1.78 283.19 342.26  88267.55
 11.0  3755.0 291.62   0.010647   2.48 268.60 332.38  88339.47
 11.0  3785.0 290.47   0.009612   2.90 247.53 323.11  88405.44
 11.0  3816.0 288.89   0.008650   3.09 253.40 303.56  88345.79
 11.0  3846.0 289.03   0.007454   3.42 284.56 288.81  88560.49
 11.0  3877.0 290.62   0.007302   3.42 277.87 300.63  88547.23
 11.0  3908.0 292.30   0.008382   3.29 267.91 325.22  88418.62
 11.0  3938.0 291.80   0.009916   2.40 249.69 341.90  88382.41
 11.0  3969.0 289.64   0.011821   1.85 154.27 364.54  88319.12
 11.0  3999.0 290.02   0.011974   1.92 203.54 362.11  88345.82
 12.0  4030.0 290.88   0.011891   1.57 228.65 352.29  88354.88
 12.0  4061.0 291.12   0.011986   1.62 253.04 355.42  88380.92
 12.0  4089.0 292.27   0.010946   1.70 272.09 344.80  88229.60
 12.0  4120.0 291.88   0.011707   1.85 253.29 346.03  88199.79
 12.0  4150.0 290.13   0.009320   3.06 261.86 319.57  88402.42
 12.0  4181.0 288.39   0.008455   3.33 254.70 302.85  88570.45
 12.0  4211.0 287.53   0.007223   3.36 284.98 280.96  88584.05
 12.0  4242.0 289.73   0.007775   3.60 284.57 300.55  88526.91
 12.0  4273.0 291.82   0.008432   2.82 265.88 323.38  88325.27
 12.0  4303.0 291.40   0.009477   2.54 223.41 339.31  88302.39
 12.0  4334.0 290.03   0.011821   2.15 189.44 359.89  88313.23
 12.0  4364.0 289.98   0.011159   2.10 201.52 356.87  88410.81
 13.0  4395.0 290.97   0.010926   1.86 238.07 347.88  88280.70
 13.0  4426.0 291.89   0.010171   1.73 267.14 342.56  88323.81
 13.0  4454.0 293.05   0.010630   1.88 296.79 336.21  88190.66
 13.0  4485.0 292.04   0.010805   2.69 283.88 331.89  88273.30
 13.0  4515.0 290.18   0.008661   3.26 286.88 302.93  88395.08
 13.0  4546.0 288.12   0.007324   3.32 271.58 287.09  88516.16
 13.0  4576.0 288.98   0.006475   3.61 287.90 281.32  88545.69
 13.0  4607.0 290.38   0.006484   3.80 296.11 291.13  88503.05
 13.0  4638.0 292.27   0.008266   3.57 268.14 328.50  88499.36
 13.0  4668.0 292.17   0.009253   3.01 276.86 332.09  88285.70
 13.0  4699.0 289.30   0.011534   1.81 148.19 362.31  88270.21
 13.0  4729.0 290.62   0.011242   2.10 242.49 348.69  88309.17
 14.0  4760.0 290.60   0.011443   1.93 240.44 353.96  88309.11
 14.0  4791.0 291.60   0.012295   1.42 279.18 352.84  88311.49
 14.0  4819.0 291.91   0.011507   1.72 273.45 342.84  88279.22
 14.0  4850.0 291.46   0.011698   2.19 247.50 345.68  88216.79
 14.0  4880.0 290.66   0.009567   3.14 267.48 321.69  88473.95
 14.0  4911.0 288.54   0.008626   3.39 251.19 307.22  88492.96
 14.0  4941.0 287.29   0.007301   3.27 276.66 283.94  88603.26
 14.0  4972.0 289.20   0.006972   3.66 301.76 286.93  88582.96
 14.0  5003.0 291.66   0.007644   3.47 267.95 313.38  88473.54
 14.0  5033.0 291.27   0.010745   2.39 218.09 349.47  88357.70
 14.0  5064.0 290.66   0.012027   1.86 201.18 359.62  88368.98
 14.0  5094.0 289.53   0.011531   2.02 187.46 359.86  88399.65
 15.0  5125.0 290.32   0.010574   1.90 219.68 350.41  88319.30
 15.0  5156.0 291.84   0.009876   1.52 279.51 333.65  88305.29
 15.0  5184.0 292.88   0.011458   1.92 298.86 337.97  88162.70
 15.0  5215.0 291.66   0.011262   2.16 259.70 344.03  88299.37
 15.0  5245.0 290.56   0.009604   2.81 258.52 322.84  88431.68
 15.0  5276.0 288.30   0.007744   3.20 269.31 291.91  88579.47
 15.0  5306.0 288.98   0.006897   3.05 278.76 287.37  88569.26
 15.0  5337.0 290.11   0.006522   3.69 290.62 290.73  88520.39
 15.0  5368.0 293.03   0.007307   3.66 284.90 316.52  88431.17
 15.0  5398.0 290.96   0.011240   2.20 210.96 352.42  88363.19
 15.0  5429.0 289.43   0.011428   1.98 167.92 360.09  88337.17
 15.0  5459.0 290.20   0.011798   1.93 214.21 356.25  88438.72
 16.0  5490.0 290.86   0.010814   2.04 248.91 348.98  88232.58
 16.0  5521.0 291.18   0.010996   1.54 236.53 346.88  88236.05
 16.0  5549.0 292.48   0.011710   1.79 294.32 342.22  88190.07
 16.0  5580.0 291.97   0.011078   2.68 274.80 334.70  88186.65
 16.0  5610.0 290.54   0.009392   2.82 267.40 314.91  88440.12
 16.0  5641.0 289.25   0.008609   3.15 264.62 301.12  88537.84
 16.0  5671.0 288.81   0.007244   3.36 280.85 288.70  88583.59
 16.0  5702.0 290.74   0.006671   3.53 291.37 295.76  88547.68
 16.0  5733.0 293.43   0.007548   3.56 293.34 319.52  88383.22
 16.0  5763.0 291.27   0.010440   2.26 212.45 349.56  88423.13
 16.0  5794.0 289.22   0.011629   1.73 154.60 363.04  88409.73
 16.0  5824.0 289.83   0.011383   2.12 196.61 358.55  88331.73
 17.0  5855.0 290.05   0.010246   2.11 227.25 344.32  88348.46
 17.0  5886.0 290.75   0.011649   1.60 254.58 351.18  88311.27
 17.0  5914.0 291.56   0.011233   1.47 258.64 345.65  88301.36
 17.0  5945.0 291.23   0.011589   2.24 268.11 341.86  88229.74
 17.0  5975.0 289.69   0.008776   2.92 269.94 304.89  88415.38
 17.0  6006.0 287.85   0.008048   3.45 262.89 292.83  88610.71
 17.0  6036.0 287.88   0.007469   2.96 280.17 282.58  88510.72
 17.0  6067.0 289.64   0.007231   3.57 300.79 290.37  88512.41
 17.0  6098.0 292.10   0.007622   3.66 297.83 310.34  88418.70
 17.0  6128.0 291.28   0.011175   2.16 224.99 355.10  88333.65
 17.0  6159.0 289.72   0.012005   1.87 169.21 362.20  88343.34
 17.0  6189.0 289.97   0.011838   1.92 196.12 359.65  88284.73
 18.0  6220.0 291.43   0.011307   1.71 266.30 346.90  88230.20
 18.0  6251.0 291.72   0.011514   1.57 280.87 347.52  88268.56
 18.0  6279.0 292.20   0.011419   1.79 280.94 338.07  88165.32
 18.0  6310.0 291.86   0.011699   2.01 274.13 336.60  88299.45
 18.0  6340.0 289.94   0.009047   2.86 267.47 309.35  88437.24
 18.0  6371.0 288.00   0.008044   3.23 277.18 289.20  88571.35
 18.0  6401.0 288.22   0.007593   3.48 273.48 291.68  88657.05
 18.0  6432.0 290.46   0.007140   3.57 295.46 294.99  88523.27
 18.0  6463.0 292.65   0.007467   3.21 277.63 320.13  88331.53
 18.0  6493.0 291.47   0.009784   2.66 224.30 341.70  88338.30
 18.0  6524.0 289.74   0.011955   1.84 174.07 363.66  88442.46
 18.0  6554.0 290.59   0.011006   2.05 229.46 347.29  88343.47
 19.0  6585.0 291.31   0.011130   1.86 258.27 347.76  88285.02
 19.0  6616.0 291.74   0.012326   1.39 270.62 349.42  88239.56
 19.0  6644.0 291.61   0.012080   1.78 264.11 351.74  88310.79
 19.0  6675.0 291.70   0.011342   2.46 268.29 340.10  88385.81
 19.0  6705.0 290.55   0.009128   3.14 278.79 311.37  88436.61
 19.0  6736.0 288.18   0.008150   3.47 264.94 294.79  88679.98
 19.0  6766.0 288.61   0.007869   3.32 259.63 298.18  88737.19
 19.0  6797.0 290.32   0.007479   3.49 281.63 299.44  88515.73
 19.0  6828.0 292.23   0.007718   3.09 281.38 315.95  88416.24
 19.0  6858.0 292.24   0.010211   2.48 244.40 347.20  88272.48
 19.0  6889.0 290.71   0.011592   2.14 192.46 359.08  88369.23
 19.0  6919.0 290.23   0.011927   1.73 201.71 358.88  88387.60
 20.0  6950.0 290.74   0.011409   1.89 217.02 356.10  88397.51
 20.0  6981.0 291.42   0.012026   1.58 253.52 352.56  88281.73
 20.0  7009.0 292.23   0.011963   1.64 259.14 350.70  88204.27
 20.0  7040.0 292.38   0.010911   2.97 285.23 332.47  88236.96
 20.0  7070.0 290.48   0.009182   2.88 277.78 310.91  88373.52
 20.0  7101.0 288.55   0.008366   3.11 264.01 295.34  88570.50
 20.0  7131.0 288.70   0.007557   3.20 277.76 289.99  88567.22
 20.0  7162.0 290.64   0.007001   3.76 304.93 293.99  88632.83
 20.0  7193.0 292.18   0.008022   3.95 269.23 322.47  88474.74
 20.0  7223.0 292.18   0.010267   2.81 253.27 344.73  88399.48
 20.0  7254.0 290.73   0.011873   1.90 213.02 354.89  88373.06
 20.0  7284.0 290.36   0.011554   2.08 210.07 356.99  88393.20
 21.0  7315.0 291.01   0.010871   1.85 251.84 348.16  88300.58
 21.0  7346.0 291.84   0.011343   1.51 282.11 339.78  88230.58
 21.0  7374.0 291.27   0.012749   1.56 240.73 358.19  88228.74
 21.0  7405.0 291.08   0.010784   2.28 256.52 331.61  88285.91
 21.0  7435.0 290.34   0.009088   2.78 274.23 312.55  88318.21
 21.0  7466.0 288.75   0.008614   3.30 262.02 303.11  88506.73
 21.0  7496.0 288.19   0.007145   3.61 285.03 283.10  88676.35
 21.0  7527.0 290.18   0.006875   3.68 290.38 292.18  88605.66
 21.0  7558.0 292.67   0.007875   3.81 287.21 322.32  88434.89
 21.0  7588.0 291.61   0.010208   2.50 221.39 347.17  88298.99
 21.0  7619.0 290.54   0.011853   2.07 203.05 358.38  88343.38
 21.0  7649.0 289.70   0.011713   2.04 178.83 361.60  88314.50
 22.0  7680.0 290.24   0.010633   2.07 229.69 345.99  88331.62
 22.0  7711.0 291.69   0.011524   1.59 287.08 339.48  88286.45
 22.0  7739.0 291.84   0.012032   1.62 278.57 343.56  88217.49
 22.0  7770.0 291.76   0.011352   1.97 279.13 336.11  88235.69
 22.0  7800.0 290.27   0.008903   3.08 278.06 306.23  88401.79
 22.0  7831.0 287.99   0.007746   3.36 277.91 287.11  88524.25
 22.0  7861.0 287.75   0.007101   3.40 279.45 283.89  88573.93
 22.0  7892.0 289.97   0.006655   3.65 303.59 288.38  88586.26
 22.0  7923.0 292.87   0.007353   3.56 297.44 312.97  88423.23
 22.0  7953.0 291.97   0.009659   2.67 233.45 346.65  88372.59
 22.0  7984.0 289.40   0.011605   1.77 164.32 359.22  88457.36
 22.0  8014.0 289.29   0.010761   2.11 179.74 355.54  88374.16
 23.0  8045.0 289.90   0.010718   1.87 211.88 353.97  88348.55
 23.0  8076.0 292.70   0.009790   1.76 321.70 324.85  88252.85
 23.0  8104.0 292.64   0.010992   2.07 307.56 333.52  88149.80
 23.0  8135.0 292.35   0.010263   2.35 288.76 325.20  88161.62
 23.0  8165.0 290.12   0.009045   3.01 263.33 315.01  88449.93
 23.0  8196.0 289.00   0.007354   3.46 278.42 288.67  88540.61
 23.0  8226.0 288.91   0.006175   3.59 278.86 281.57  88625.99
 23.0  8257.0 291.18   0.006260   3.75 281.29 296.48  88594.12
 23.0  8288.0 292.59   0.007325   3.56 286.75 314.60  88414.76
 23.0  8318.0 291.13   0.010853   2.25 213.27 348.79  88284.52
 23.0  8349.0 289.15   0.011618   1.72 143.50 364.01  88521.59
 23.0  8379.0 289.99   0.011383   2.00 196.54 357.44  88439.27
 24.0  8410.0 291.74   0.010982   1.60 256.58 344.69  88246.58
 24.0  8441.0 292.35   0.010325   1.49 286.96 338.74  88301.58
 24.0  8469.0 292.40   0.011352   1.90 271.78 347.54  88317.76
 24.0  8500.0 291.88   0.010756   2.65 273.38 332.08  88209.73
 24.0  8530.0 290.23   0.008808   3.02 277.38 308.03  88388.49
 24.0  8561.0 289.12   0.008316   3.31 267.55 300.51  88578.20
 24.0  8591.0 289.21   0.007347   3.35 278.00 289.81  88574.17
 24.0  8622.0 290.75   0.007010   3.72 284.63 298.20  88643.55
 24.0  8653.0 292.31   0.008593   2.87 255.32 328.23  88418.63
 24.0  8683.0 291.21   0.010374   2.47 229.22 347.83  88347.92
 24.0  8714.0 289.85   0.011897   1.99 173.75 364.06  88436.06
 24.0  8744.0 289.10   0.010462   2.17 186.03 349.47  88443.12
 25.0  8775.0 290.40   0.010057   1.86 236.64 338.37  88369.16
 25.0  8806.0 293.23   0.009194   1.89 327.41 324.07  88148.73
 25.0  8834.0 292.23   0.011884   1.65 275.30 346.23  88291.38
 25.0  8865.0 292.19   0.010674   2.37 278.56 333.78  88360.09
 25.0  8895.0 290.37   0.009161   3.06 264.01 316.65  88424.50
 25.0  8926.0 288.43   0.007792   3.27 269.78 293.05  88549.62
 25.0  8956.0 289.76   0.006427   3.29 276.40 287.75  88579.86
 25.0  8987.0 290.98   0.006678   3.72 283.03 300.64  88612.80
 25.0  9018.0 292.96   0.007681   3.29 261.33 326.12  88390.87
 25.0  9048.0 291.37   0.010013   2.20 207.51 347.71  88368.70
 25.0  9079.0 290.29   0.011987   1.85 187.91 358.69  88336.95
 25.0  9109.0 289.32   0.011676   1.93 174.21 363.13  88373.58
 26.0  9140.0 290.40   0.010971   2.17 240.62 346.54  88330.15
 26.0  9171.0 291.72   0.011543   1.50 284.13 344.48  88214.70
 26.0  9199.0 291.51   0.012117   1.64 260.95 349.75  88302.72
 26.0  9230.0 291.66   0.011106   2.59 275.40 330.72  88240.77
 26.0  9260.0 290.43   0.009636   2.84 256.03 322.57  88363.09
 26.0  9291.0 287.82   0.007890   3.31 271.49 289.02  88601.03
 26.0  9321.0 288.35   0.007414   3.44 285.79 284.64  88698.58
 26.0  9352.0 289.78   0.007346   3.42 282.22 298.53  88668.56
 26.0  9383.0 291.99   0.007517   3.55 287.71 312.99  88485.66
 26.0  9413.0 290.46   0.011139   1.91 187.24 353.31  88386.40
 26.0  9444.0 289.60   0.011513   2.04 184.59 360.42  88363.35
 26.0  9474.0 289.74   0.011484   2.03 199.09 358.96  88445.93
 27.0  9505.0 289.93   0.011215   1.81 207.80 357.91  88420.23
 27.0  9536.0 290.68   0.010709   1.69 235.83 346.22  88307.12
 27.0  9564.0 291.54   0.012380   1.63 266.81 353.84  88224.93
 27.0  9595.0 292.08   0.010309   2.76 291.71 325.77  88233.91
 27.0  9625.0 290.61   0.009691   2.94 264.36 319.14  88356.22
 27.0  9656.0 288.04   0.008054   3.34 270.58 293.53  88548.81
 27.0  9686.0 288.58   0.007406   3.30 278.33 288.71  88547.48
 27.0  9717.0 290.00   0.007533   3.70 285.80 299.34  88541.48
 27.0  9748.0 291.91   0.007635   3.75 277.69 316.21  88455.99
 27.0  9778.0 291.68   0.010283   2.55 229.98 346.79  88328.93
 27.0  9809.0 289.87   0.011902   1.81 173.44 361.47  88318.18
 27.0  9839.0 289.41   0.011577   1.87 167.97 361.75  88292.34
 28.0  9870.0 290.56   0.011452   1.88 230.47 352.09  88245.67
 28.0  9901.0 290.60   0.010729   1.76 232.61 349.77  88280.35
 28.0  9929.0 292.52   0.011469   1.84 292.46 341.77  88197.20
 28.0  9960.0 291.93   0.010831   2.59 280.78 334.20  88220.12
 28.0  9990.0 290.06   0.009060   3.12 268.27 312.34  88441.77
 28.0 10021.0 288.00   0.007475   3.09 279.74 282.47  88499.19
 28.0 10051.0 288.39   0.007059   3.40 279.85 284.11  88602.37
 28.0 10082.0 290.25   0.006816   3.55 301.84 291.93  88534.61
 28.0 10113.0 292.47   0.007652   4.01 296.29 315.72  88412.05
 28.0 10143.0 291.90   0.008729   2.78 217.09 339.05  88401.08
 28.0 10174.0 290.20   0.012110   1.86 197.23 361.72  88356.74
 28.0 10204.0 290.17   0.011985   2.01 206.05 361.99  88357.00
 29.0 10235.0 290.62   0.011607   1.80 225.53 357.57  88342.55
 29.0 10266.0 292.15   0.011909   1.38 287.85 344.87  88249.95
 29.0 10294.0 291.79   0.012300   1.57 264.34 349.22  88242.12
 29.0 10325.0 291.84   0.011173   2.51 268.15 337.93  88248.99
 29.0 10355.0 290.70   0.009534   2.94 268.16 314.18  88288.17
 29.0 10386.0 288.31   0.008209   3.44 267.42 294.53  88617.09
 29.0 10416.0 288.34   0.007454   3.41 283.33 285.08  88616.72
 29.0 10447.0 289.96   0.007350   3.76 287.39 297.11  88624.27
 29.0 10478.0 291.99   0.007631   3.70 280.44 313.07  88432.80
 29.0 10508.0 292.45   0.008946   2.60 246.95 334.77  88266.73
 29.0 10539.0 290.71   0.011272   2.29 193.31 357.27  88409.09
 29.0 10569.0 290.35   0.012155   2.05 198.22 363.91  88361.09
 30.0 10600.0 290.30   0.011740   1.75 214.32 357.24  88355.91
 30.0 10631.0 293.00   0.009549   1.74 324.79 324.53  88302.66
 30.0 10659.0 292.99   0.011161   2.13 295.21 336.55  88217.95
 30.0 10690.0 291.92   0.011379   2.46 255.54 341.39  88277.20
 30.0 10720.0 290.94   0.009655   2.93 266.67 320.96  88380.98
 30.0 10751.0 289.19   0.008104   3.33 272.40 296.71  88600.62
 30.0 10781.0 288.87   0.006874   3.78 275.02 288.18  88666.13
 30.0 10812.0 291.68   0.006333   3.44 289.54 295.25  88547.92
 30.0 10843.0 292.75   0.006830   3.74 269.55 314.57  88429.17
 30.0 10873.0 292.38   0.009567   2.94 231.54 342.64  88331.61
 30.0 10904.0 290.33   0.011784   1.92 185.85 358.70  88405.84
 30.0 10934.0 290.64   0.011715   1.93 209.96 357.29  88324.08
 31.0 10965.0 291.43   0.012150   1.75 258.82 356.41  88349.70
 31.0 10996.0 291.84   0.012001   1.52 268.86 349.87  88354.09
 31.0 11024.0 292.71   0.011409   1.98 281.74 340.43  88176.87
 31.0 11055.0 291.96   0.011630   2.32 260.07 342.04  88204.62
 31.0 11085.0 291.15   0.009566   3.06 278.04 315.65  88399.75
 31.0 11116.0 288.02   0.007793   3.43 277.17 288.84  88612.50
 31.0 11146.0 287.83   0.007411   3.42 264.67 290.79  88673.04
 31.0 11177.0 289.38   0.006681   3.79 293.25 287.00  88645.30
 31.0 11208.0 292.28   0.007461   3.84 276.03 316.45  88480.12
 31.0 11238.0 293.57   0.008384   3.31 280.56 333.34  88343.74
 31.0 11269.0 290.68   0.011772   1.90 188.95 359.06  88409.59
 31.0 11299.0 289.66   0.011789   1.88 178.27 363.36  88428.23
 32.0 11330.0 290.56   0.011349   1.91 233.73 354.58  88405.45
 32.0 11361.0 292.01   0.011974   1.60 271.91 346.25  88240.14
 32.0 11389.0 291.95   0.012553   1.54 262.13 351.27  88274.37
 32.0 11420.0 292.21   0.011462   2.43 266.31 339.88  88195.57
 32.0 11450.0 290.64   0.009203   2.76 267.28 312.87  88392.42
 32.0 11481.0 288.30   0.007897   3.10 270.71 287.39  88557.17
 32.0 11511.0 288.51   0.007330   3.64 282.80 286.48  88652.43
 32.0 11542.0 290.07   0.007895   3.85 271.88 308.57  88571.90
 32.0 11573.0 292.48   0.007351   3.36 286.13 311.89  88401.85
 32.0 11603.0 292.67   0.009333   2.95 252.29 338.14  88321.75
 32.0 11634.0 290.16   0.011661   2.24 189.14 359.84  88360.38
 32.0 11664.0 289.79   0.011154   2.05 191.74 356.69  88418.62
 33.0 11695.0 290.33   0.010350   1.68 219.04 342.66  88422.48
 33.0 11726.0 291.47   0.010741   1.46 251.74 343.61  88296.40
 33.0 11754.0 291.45   0.012537   1.63 257.57 350.06  88203.20
 33.0 11785.0 291.52   0.011116   2.46 253.77 341.97  88282.90
 33.0 11815.0 290.36   0.009096   3.06 268.84 314.83  88399.88
 33.0 11846.0 288.25   0.008077   3.11 271.41 290.75  88525.59
 33.0 11876.0 288.56   0.007096   3.35 283.74 284.07  88589.77
 33.0 11907.0 290.74   0.006923   3.46 295.12 296.12  88512.30
 33.0 11938.0 292.79   0.007558   3.68 285.49 319.05  88351.63
 33.0 11968.0 292.97   0.008864   2.88 242.93 340.67  88231.04
 33.0 11999.0 290.14   0.011812   1.77 176.74 358.51  88310.75
 33.0 12029.0 289.38   0.011435   2.06 169.15 361.79  88346.26
 34.0 12060.0 290.99   0.012009   1.79 237.53 352.38  88294.70
 34.0 12091.0 290.83   0.010896   1.77 233.92 349.12  88357.82
 34.0 12119.0 292.16   0.011315   1.65 272.16 349.50  88340.30
 34.0 12150.0 292.18   0.010539   2.58 276.69 331.93  88170.84
 34.0 12180.0 290.37   0.009385   2.78 272.97 313.23  88434.80
 34.0 12211.0 288.50   0.008237   3.22 269.42 294.78  88599.94
 34.0 12241.0 287.68   0.007045   3.44 277.77 282.61  88698.30
 34.0 12272.0 290.43   0.007922   3.78 275.05 306.78  88566.26
 34.0 12303.0 292.48   0.008202   3.54 270.80 327.98  88348.84
 34.0 12333.0 291.62   0.010100   2.82 222.15 348.89  88428.57
 34.0 12364.0 290.35   0.012220   1.68 185.48 363.06  88354.00
 34.0 12394.0 291.00   0.011629   1.80 218.54 354.13  88346.58
 35.0 12425.0 291.32   0.011664   1.54 223.04 353.68  88297.30
 35.0 12456.0 293.06   0.011073   1.83 319.49 333.83  88276.74
 35.0 12484.0 292.60   0.012223   1.54 260.32 349.34  88247.95
 35.0 12515.0 291.63   0.011385   2.48 255.57 339.84  88302.83
 35.0 12545.0 290.91   0.009693   2.91 262.88 320.96  88358.72
 35.0 12576.0 288.59   0.008375   3.43 270.97 297.35  88561.55
 35.0 12606.0 288.84   0.007517   3.45 275.88 291.78  88597.86
 35.0 12637.0 290.71   0.007333   3.90 294.56 298.80  88531.81
 35.0 12668.0 292.79   0.007147   3.61 292.92 311.13  88377.38
 35.0 12698.0 292.09   0.010065   2.80 236.83 346.01  88282.93
 35.0 12729.0 290.91   0.011707   2.03 212.71 356.29  88292.45
 35.0 12759.0 290.34   0.011564   2.16 209.93 355.29  88320.67
 36.0 12790.0 291.11   0.011532   1.75 251.61 349.95  88226.80
 36.0 12821.0 291.60   0.012376   1.55 265.93 348.20  88280.45
 36.0 12849.0 292.29   0.012467   1.78 283.75 346.02  88135.38
 36.0 12880.0 291.71   0.011952   2.02 255.64 343.83  88170.27
 36.0 12910.0 290.68   0.009083   3.12 270.29 313.71  88353.19
 36.0 12941.0 288.80   0.008194   3.34 275.49 294.39  88456.69
 36.0 12971.0 288.83   0.007285   3.38 286.04 286.29  88600.89
 36.0 13002.0 289.84   0.007450   3.65 276.08 302.60  88537.65
 36.0 13033.0 292.26   0.007975   3.50 268.06 322.84  88433.82
 36.0 13063.0 291.99   0.009431   2.41 237.84 341.81  88390.45
 36.0 13094.0 289.68   0.011711   1.78 173.98 359.93  88364.76
 36.0 13124.0 290.17   0.011608   2.13 214.73 357.12  88360.16
 37.0 13155.0 290.41   0.011083   1.80 236.89 348.29  88321.62
 37.0 13186.0 292.70   0.010705   1.73 301.47 335.60  88208.35
 37.0 13214.0 291.94   0.011699   1.79 272.37 343.68  88252.16
 37.0 13245.0 291.69   0.011094   2.64 268.17 333.63  88216.42
 37.0 13275.0 290.14   0.008923   2.91 271.08 308.66  88400.99
 37.0 13306.0 287.98   0.007612   3.13 268.78 289.12  88580.81
 37.0 13336.0 288.73   0.007160   3.45 285.92 284.90  88660.68
 37.0 13367.0 290.63   0.006910   3.61 274.43 298.66  88479.59
 37.0 13398.0 292.33   0.007708   3.47 265.39 319.71  88440.93
 37.0 13428.0 293.08   0.009138   2.92 260.91 341.30  88364.56
 37.0 13459.0 289.53   0.011702   1.93 160.62 364.36  88390.27
 37.0 13489.0 289.41   0.011753   1.80 161.96 363.72  88404.18
 38.0 13520.0 290.23   0.011752   1.64 211.11 354.69  88420.19
 38.0 13551.0 291.13   0.011883   1.58 245.49 358.39  88356.02
 38.0 13579.0 293.34   0.011685   2.08 309.92 340.13  88192.38
 38.0 13610.0 292.13   0.011110   2.58 272.84 335.66  88273.84
 38.0 13640.0 290.72   0.009661   3.14 255.26 321.38  88363.96
 38.0 13671.0 288.90   0.008565   3.56 264.42 302.00  88482.59
 38.0 13701.0 288.95   0.007911   3.54 269.95 295.63  88627.66
 38.0 13732.0 290.90   0.007384   3.61 289.87 300.67  88659.48
 38.0 13763.0 293.16   0.007562   3.74 298.07 316.61  88426.79
 38.0 13793.0 291.58   0.011026   2.41 214.29 354.28  88316.37
 38.0 13824.0 290.01   0.011586   1.94 159.88 363.89  88343.11
 38.0 13854.0 289.71   0.011584   1.82 175.39 358.74  88423.00
 39.0 13885.0 290.59   0.010933   2.02 227.44 348.47  88295.32
 39.0 13916.0 292.05   0.010207   1.80 281.19 335.02  88190.96
 39.0 13944.0 292.98   0.010372   1.84 310.82 328.55  88205.61
 39.0 13975.0 291.35   0.011494   2.18 245.98 346.99  88292.50
 39.0 14005.0 289.80   0.008815   3.16 271.16 311.09  88456.41
 39.0 14036.0 288.74   0.008071   3.34 264.96 298.16  88620.14
 39.0 14066.0 288.80   0.006904   3.18 285.95 283.52  88514.85
 39.0 14097.0 291.24   0.006716   3.53 302.78 297.20  88488.90
 39.0 14128.0 293.62   0.007281   3.65 291.32 319.32  88237.71
 39.0 14158.0 291.55   0.010004   2.23 208.03 346.83  88312.23
 39.0 14189.0 289.72   0.011827   1.75 166.75 359.98  88358.51
 39.0 14219.0 289.65   0.011677   1.96 204.88 356.44  88306.04
 40.0 14250.0 290.21   0.010925   1.96 236.00 348.54  88277.84
 40.0 14281.0 291.89   0.010838   1.44 295.90 340.95  88245.09
 40.0 14309.0 292.47   0.011570   1.76 300.65 341.50  88240.41
 40.0 14340.0 292.29   0.010416   2.70 286.36 324.82  88255.09
 40.0 14370.0 291.00   0.009479   3.21 272.27 314.90  88389.20
 40.0 14401.0 288.70   0.008490   3.09 258.18 302.11  88473.99
 40.0 14431.0 289.29   0.007251   3.34 281.52 290.24  88640.92
 40.0 14462.0 290.09   0.007495   4.15 278.82 304.43  88608.95
 40.0 14493.0 292.48   0.007830   3.88 285.77 321.26  88490.04
 40.0 14523.0 291.70   0.010739   2.40 211.33 354.14  88422.27
 40.0 14554.0 289.60   0.012043   1.76 153.00 365.89  88417.08
 40.0 14584.0 289.88   0.011721   1.92 190.81 360.06  88347.15
 41.0 14615.0 291.11   0.011461   1.91 233.70 356.93  88318.33
 41.0 14646.0 291.87   0.011359   1.64 261.96 349.48  88227.90
 41.0 14674.0 292.03   0.012001   1.76 280.34 347.33  88284.65
 41.0 14705.0 291.85   0.010967   2.43 269.09 335.78  88292.80
 41.0 14735.0 290.44   0.009067   3.15 275.59 311.64  88392.87
 41.0 14766.0 288.27   0.008041   3.60 274.02 291.38  88645.43
 41.0 14796.0 288.67   0.007320   3.44 285.54 285.94  88689.83
 41.0 14827.0 290.49   0.007084   3.41 293.75 294.18  88492.60
 41.0 14858.0 292.57   0.006923   3.49 291.00 307.26  88312.41
 41.0 14888.0 292.37   0.009764   2.82 259.04 337.26  88272.70
 41.0 14919.0 291.16   0.011769   1.99 220.73 358.56  88377.82
 41.0 14949.0 290.58   0.011370   2.04 224.89 352.15  88284.21
 42.0 14980.0 290.38   0.011490   1.99 222.61 356.47  88310.66
 42.0 15011.0 291.80   0.010128   1.71 275.28 336.52  88246.27
 42.0 15039.0 292.46   0.011780   1.76 285.09 340.47  88216.90
 42.0 15070.0 291.58   0.010404   2.89 268.85 330.96  88263.11
 42.0 15100.0 290.33   0.009103   3.04 275.05 311.71  88360.70
 42.0 15131.0 288.69   0.008060   3.16 269.89 294.06  88532.24
 42.0 15161.0 288.35   0.007014   3.60 284.20 285.25  88758.75
 42.0 15192.0 290.86   0.007252   3.51 277.03 303.37  88570.38
 42.0 15223.0 293.46   0.007525   3.10 286.37 324.11  88372.60
 42.0 15253.0 291.03   0.011286   2.09 208.07 353.75  88319.00
 42.0 15284.0 289.66   0.011508   2.09 184.02 359.27  88375.43
 42.0 15314.0 289.52   0.011529   1.87 168.82 360.24  88381.28
 43.0 15345.0 290.44   0.011048   1.79 212.22 351.89  88302.48
 43.0 15376.0 292.18   0.011145   1.76 286.34 344.49  88281.30
 43.0 15404.0 291.48   0.012067   1.74 236.07 354.39  88237.55
 43.0 15435.0 291.52   0.011299   2.51 252.27 341.46  88250.53
 43.0 15465.0 290.84   0.009554   3.09 269.25 318.83  88396.95
 43.0 15496.0 288.79   0.008713   3.39 252.98 307.23  88532.15
 43.0 15526.0 288.43   0.007669   3.41 281.79 288.71  88661.31
 43.0 15557.0 290.58   0.007851   3.72 297.37 302.31  88563.77
 43.0 15588.0 292.03   0.007913   3.47 278.09 316.60  88484.16
 43.0 15618.0 290.29   0.011360   2.01 190.51 353.87  88419.25
 43.0 15649.0 289.53   0.011686   2.00 171.19 360.53  88427.23
 43.0 15679.0 290.19   0.011776   2.02 215.14 357.27  88342.45
 44.0 15710.0 289.71   0.011092   2.06 205.61 355.19  88264.90
 44.0 15741.0 290.44   0.011025   1.70 241.45 347.83  88225.37
 44.0 15769.0 291.03   0.012038   1.46 246.31 357.45  88257.36
 44.0 15800.0 292.01   0.010495   2.88 291.62 327.91  88234.63
 44.0 15830.0 290.45   0.009518   2.47 264.14 315.90  88305.73
 44.0 15861.0 287.96   0.007957   3.57 265.65 292.42  88580.31
 44.0 15891.0 288.26   0.007341   3.05 283.73 284.51  88600.41
 44.0 15922.0 289.82   0.007281   3.58 299.21 294.22  88592.62
 44.0 15953.0 291.36   0.007549   3.31 273.69 313.62  88438.73
 44.0 15983.0 290.95   0.010204   2.46 212.93 347.45  88312.26
 44.0 16014.0 289.41   0.011596   1.79 183.27 360.47  88386.32
 44.0 16044.0 289.82   0.010788   2.22 213.11 349.79  88324.83
 45.0 16075.0 290.56   0.011047   1.74 248.76 345.38  88320.91
 45.0 16106.0 291.42   0.011679   1.58 275.60 344.95  88290.56
 45.0 16134.0 290.61   0.011577   1.57 232.08 352.49  88272.16
 45.0 16165.0 291.68   0.010562   2.61 288.37 327.80  88268.50
 45.0 16195.0 289.71   0.008732   3.29 267.15 308.10  88469.91
 45.0 16226.0 288.09   0.007967   3.38 266.19 294.01  88550.65
 45.0 16256.0 288.20   0.006926   3.61 283.01 281.85  88651.92
 45.0 16287.0 290.00   0.006799   3.90 299.81 289.15  88561.90
 45.0 16318.0 292.52   0.007107   3.56 288.57 312.52  88362.16
 45.0 16348.0 292.59   0.008470   3.14 255.04 332.95  88261.64
 45.0 16379.0 290.24   0.011567   1.98 201.51 357.25  88406.54
 45.0 16409.0 289.30   0.011262   1.88 179.47 358.06  88402.91
 46.0 16440.0 289.90   0.011258   1.86 206.69 354.20  88345.45
 46.0 16471.0 291.06   0.010662   1.91 261.17 341.23  88342.20
 46.0 16499.0 291.45   0.011337   1.69 262.84 343.70  88319.98
 46.0 16530.0 291.88   0.010722   2.78 277.95 333.28  88265.55
 46.0 16560.0 290.30   0.009294   3.00 274.66 312.20  88305.73
 46.0 16591.0 288.24   0.008265   3.39 258.73 299.16  88578.66
 46.0 16621.0 288.43   0.007277   3.54 277.16 286.34  88644.69
 46.0 16652.0 289.60   0.007394   3.98 279.63 300.19  88653.09
 46.0 16683.0 292.13   0.007883   3.64 277.04 317.40  88516.66
 46.0 16713.0 291.19   0.010782   2.18 239.60 346.35  88467.78
 46.0 16744.0 289.98   0.011735   1.94 191.85 360.16  88368.25
 46.0 16774.0 289.86   0.011574   2.02 191.52 357.67  88397.12
 47.0 16805.0 291.37   0.011347   1.73 258.33 349.41  88255.70
 47.0 16836.0 292.25   0.011039   1.54 284.83 340.47  88250.58
 47.0 16864.0 292.56   0.011286   2.19 298.65 337.12  88211.00
 47.0 16895.0 291.74   0.011411   2.36 261.42 341.55  88269.64
 47.0 16925.0 290.86   0.009290   2.92 267.16 315.39  88415.01
 47.0 16956.0 288.96   0.008250   3.28 269.27 297.05  88475.44
 47.0 16986.0 289.24   0.007161   3.42 278.58 289.01  88609.95
 47.0 17017.0 291.69   0.006808   3.48 300.42 296.78  88465.29
 47.0 17048.0 292.94   0.007640   3.27 268.83 322.33  88423.17
 47.0 17078.0 292.69   0.009995   2.86 263.10 344.40  88320.85
 47.0 17109.0 290.59   0.011678   2.09 198.02 361.08  88350.61
 47.0 17139.0 290.13   0.012001   1.88 196.32 359.56  88303.73
 48.0 17170.0 290.53   0.011535   1.76 208.56 358.52  88325.27
 48.0 17201.0 291.57   0.011123   1.56 261.74 350.21  88373.23
 48.0 17229.0 292.32   0.011661   1.75 285.80 349.15  88284.20
 48.0 17260.0 292.42   0.010867   2.73 289.42 331.91  88215.86
 48.0 17290.0 290.64   0.009277   3.04 271.51 313.55  88419.11
 48.0 17321.0 289.34   0.008786   3.29 262.65 306.44  88440.59
 48.0 17351.0 288.88   0.007671   3.42 277.76 291.47  88525.27
 48.0 17382.0 290.43   0.007186   3.90 299.16 296.79  88556.76
 48.0 17413.0 293.02   0.007861   3.82 292.00 320.99  88418.52
 48.0 17443.0 291.50   0.010444   2.26 213.98 349.81  88269.79
 48.0 17474.0 290.11   0.011729   1.89 192.35 358.50  88299.47
 48.0 17504.0 290.02   0.011768   1.95 190.96 359.41  88274.19
 49.0 17535.0 290.26   0.011289   1.97 223.48 352.69  88281.64
 49.0 17566.0 291.09   0.011460   1.62 256.84 348.87  88205.66
 49.0 17594.0 291.27   0.012115   1.58 253.52 354.59  88245.66
 49.0 17625.0 291.96   0.010481   2.66 272.23 327.05  88284.12
 49.0 17655.0 290.65   0.009964   2.99 241.60 329.34  88345.57
 49.0 17686.0 289.08   0.008940   3.38 243.37 314.42  88501.40
 49.0 17716.0 288.30   0.007663   3.28 280.39 289.18  88659.13
 49.0 17747.0 289.73   0.007556   3.62 280.17 297.28  88480.70
 49.0 17778.0 292.43   0.008225   3.27 283.55 320.30  88302.76
 49.0 17808.0 291.36   0.010219   2.28 213.39 346.18  88249.70
 49.0 17839.0 289.84   0.011882   1.94 176.55 364.28  88351.78
 49.0 17869.0 289.45   0.011488   1.97 172.15 362.27  88370.61
 50.0 17900.0 290.52   0.011861   1.74 207.77 358.39  88245.17
 50.0 17931.0 292.40   0.012106   1.52 285.85 348.50  88174.78
 50.0 17959.0 291.51   0.011694   1.62 237.93 354.59  88289.03
 50.0 17990.0 292.19   0.010084   2.95 295.47 321.68  88346.30
 50.0 18020.0 290.31   0.009443   2.92 256.92 317.26  88427.02
 50.0 18051.0 288.24   0.008009   3.51 275.35 291.62  88610.72
 50.0 18081.0 287.85   0.007161   3.56 278.14 283.56  88753.02
 50.0 18112.0 290.03   0.007338   3.70 283.54 298.10  88593.34
 50.0 18143.0 291.77   0.008106   3.75 275.38 320.76  88500.43
 50.0 18173.0 291.49   0.010410   2.21 233.60 348.38  88363.75
 50.0 18204.0 289.89   0.011796   1.69 167.13 359.04  88478.86
 50.0 18234.0 290.04   0.010983   2.17 212.73 350.21  88450.86
 51.0 18265.0 291.50   0.011309   1.69 249.04 351.21  88234.72
 51.0 18296.0 292.78   0.011129   1.86 306.04 338.70  88271.63
 51.0 18324.0 292.77   0.012322   1.90 288.79 348.48  88207.75
 51.0 18355.0 291.42   0.011748   2.02 242.98 349.36  88236.84
 51.0 18385.0 290.85   0.009315   2.70 270.96 318.63  88318.05
 51.0 18416.0 288.52   0.008180   3.23 273.48 292.60  88547.57
 51.0 18446.0 288.14   0.007096   3.39 280.44 283.58  88617.73
 51.0 18477.0 289.46   0.006653   3.46 294.20 288.22  88596.91
 51.0 18508.0 291.89   0.007910   3.70 277.64 320.84  88419.84
 51.0 18538.0 290.73   0.011065   2.38 210.34 352.98  88335.15
 51.0 18569.0 290.15   0.011673   2.04 202.88 356.04  88307.82
 51.0 18599.0 288.88   0.011208   2.02 163.46 359.08  88346.40
 52.0 18630.0 289.84   0.009809   1.99 217.40 340.82  88355.09
 52.0 18661.0 291.08   0.011820   1.55 260.90 351.52  88237.76
 52.0 18689.0 291.65   0.011228   1.93 264.29 342.73  88235.66
 52.0 18720.0 291.36   0.010354   2.78 269.16 328.78  88286.49
 52.0 18750.0 290.51   0.009238   3.05 267.36 314.50  88405.51
 52.0 18781.0 287.99   0.008106   3.48 259.03 296.90  88600.19
 52.0 18811.0 288.19   0.007213   3.63 284.34 283.95  88649.41
 52.0 18842.0 290.45   0.007448   3.85 295.35 298.04  88616.34
 52.0 18873.0 291.73   0.008882   3.16 250.46 332.27  88456.87
 52.0 18903.0 290.90   0.010731   2.34 204.17 351.07  88357.41
 52.0 18934.0 289.36   0.011730   1.92 158.45 363.29  88373.66
 52.0 18964.0 289.46   0.011630   1.83 170.18 359.20  88370.53
 53.0 18995.0 290.08   0.010374   2.10 209.91 348.81  88289.65
 53.0 19026.0 291.15   0.011481   1.53 260.59 348.72  88268.50
 53.0 19054.0 292.22   0.011582   1.64 282.72 346.28  88208.23
 53.0 19085.0 291.73   0.010899   2.42 279.82 335.44  88292.08
 53.0 19115.0 290.31   0.009157   3.04 278.53 312.89  88370.38
 53.0 19146.0 288.29   0.008261   3.23 260.58 297.92  88643.17
 53.0 19176.0 287.92   0.007592   3.32 263.60 291.81  88662.77
 53.0 19207.0 288.78   0.007151   3.48 289.43 291.56  88605.41
 53.0 19238.0 291.08   0.007084   3.73 276.30 304.60  88444.89
 53.0 19268.0 291.20   0.009880   2.77 226.34 344.55  88392.56
 53.0 19299.0 289.97   0.011616   1.89 188.26 357.85  88284.99
 53.0 19329.0 289.61   0.011292   1.90 202.21 356.09  88298.37
 54.0 19360.0 290.94   0.010831   1.94 262.56 346.26  88252.45
 54.0 19391.0 291.97   0.010629   1.54 274.91 341.53  88192.00
 54.0 19419.0 291.85   0.011787   1.96 276.46 342.36  88184.64
 54.0 19450.0 291.37   0.011092   2.44 275.26 333.62  88232.28
 54.0 19480.0 290.79   0.009317   2.85 271.70 313.74  88242.52
 54.0 19511.0 288.24   0.008039   3.03 278.69 288.18  88426.22
 54.0 19541.0 288.42   0.007389   3.39 280.90 285.71  88545.09
 54.0 19572.0 290.05   0.007597   3.56 283.40 299.69  88543.26
 54.0 19603.0 292.08   0.007922   3.36 270.86 319.10  88439.91
 54.0 19633.0 291.18   0.010285   2.58 217.32 350.30  88386.02
 54.0 19664.0 290.27   0.011410   1.94 203.38 357.09  88425.55
 54.0 19694.0 289.91   0.011578   1.87 186.11 357.42  88348.34
 55.0 19725.0 290.02   0.010718   2.00 226.78 346.58  88303.77
 55.0 19756.0 291.03   0.011857   1.47 264.77 346.42  88250.41
 55.0 19784.0 291.91   0.011537   1.81 274.61 345.94  88184.79
 55.0 19815.0 291.75   0.010728   2.63 275.19 327.33  88205.21
 55.0 19845.0 290.53   0.009665   2.78 266.71 318.45  88311.60
 55.0 19876.0 288.49   0.008648   3.14 246.64 307.53  88450.53
 55.0 19906.0 288.01   0.007290   3.37 283.91 283.04  88661.76
 55.0 19937.0 289.59   0.007062   3.76 293.79 290.65  88596.20
 55.0 19968.0 291.69   0.007697   3.51 274.10 313.56  88472.18
 55.0 19998.0 291.51   0.009417   2.29 225.11 340.35  88368.39
 55.0 20029.0 290.17   0.011779   1.93 198.09 355.90  88369.18
 55.0 20059.0 289.88   0.011858   1.90 200.58 361.80  88417.06
 56.0 20090.0 290.34   0.011115   1.88 224.84 352.22  88361.30
 56.0 20121.0 292.08   0.011061   1.68 279.99 344.83  88240.67
 56.0 20149.0 293.16   0.010766   2.14 315.11 331.28  88179.89
 56.0 20180.0 291.38   0.011751   2.05 239.91 345.44  88218.47
 56.0 20210.0 290.56   0.009701   2.83 255.51 323.67  88409.26
 56.0 20241.0 288.69   0.008418   3.42 266.18 299.96  88469.89
 56.0 20271.0 288.42   0.007222   3.33 283.93 286.88  88547.70
 56.0 20302.0 290.45   0.006791   3.83 299.09 292.31  88566.19
 56.0 20333.0 292.97   0.007718   3.57 275.64 323.41  88480.50
 56.0 20363.0 291.70   0.010254   2.45 211.26 353.66  88391.47
 56.0 20394.0 290.60   0.012050   1.93 201.79 358.81  88429.14
 56.0 20424.0 289.96   0.011420   2.05 191.04 360.18  88353.55
 57.0 20455.0 291.14   0.011285   1.75 250.91 347.63  88287.13
 57.0 20486.0 291.63   0.011904   1.53 262.55 350.84  88302.95
 57.0 20514.0 292.23   0.011769   1.92 283.11 342.41  88163.38
 57.0 20545.0 291.91   0.011283   2.39 262.10 335.20  88190.64
 57.0 20575.0 290.47   0.009922   2.82 240.58 328.42  88343.04
 57.0 20606.0 288.19   0.008006   3.11 277.42 288.38  88512.55
 57.0 20636.0 288.59   0.007775   3.40 273.92 294.40  88628.34
 57.0 20667.0 289.97   0.006927   3.43 291.80 293.13  88556.20
 57.0 20698.0 292.31   0.007700   3.17 278.60 317.78  88436.34
 57.0 20728.0 291.02   0.010863   2.32 211.13 351.09  88391.63
 57.0 20759.0 290.57   0.011509   1.95 219.80 353.84  88338.16
 57.0 20789.0 290.30   0.011514   1.93 205.09 358.56  88379.97
 58.0 20820.0 290.99   0.010841   1.66 256.87 345.33  88278.34
 58.0 20851.0 290.75   0.011226   1.51 233.76 350.22  88288.49
 58.0 20879.0 291.52   0.012279   1.77 272.67 346.59  88184.78
 58.0 20910.0 291.13   0.010599   2.37 275.37 326.64  88256.00
 58.0 20940.0 290.15   0.009462   3.10 252.35 320.71  88396.83
 58.0 20971.0 288.33   0.008241   3.26 263.99 297.92  88529.03
 58.0 21001.0 288.35   0.007531   3.28 278.06 290.37  88632.54
 58.0 21032.0 289.77   0.006944   3.63 299.34 290.96  88635.34
 58.0 21063.0 292.57   0.007976   3.45 291.45 321.62  88457.14
 58.0 21093.0 292.06   0.009643   2.58 252.85 337.35  88370.34
 58.0 21124.0 290.76   0.011790   1.95 213.92 355.73  88355.87
 58.0 21154.0 289.77   0.011500   1.99 195.72 356.94  88313.27
 59.0 21185.0 290.78   0.010890   1.86 247.19 347.25  88324.70
 59.0 21216.0 292.25   0.011863   1.41 286.31 346.40  88177.55
 59.0 21244.0 291.31   0.012563   1.55 240.56 363.01  88261.67
 59.0 21275.0 291.89   0.011072   2.52 277.56 334.37  88186.55
 59.0 21305.0 289.85   0.009079   3.08 261.44 311.73  88403.48
 59.0 21336.0 288.71   0.008323   3.24 274.58 294.10  88472.01
 59.0 21366.0 287.62   0.007102   3.40 282.72 280.16  88576.05
 59.0 21397.0 289.57   0.007277   3.68 296.89 292.45  88475.47
 59.0 21428.0 292.21   0.007861   3.61 285.97 316.40  88396.88
 59.0 21458.0 290.67   0.010744   2.76 193.62 352.90  88363.87
 59.0 21489.0 289.37   0.011497   1.83 155.53 360.95  88300.57
 59.0 21519.0 289.85   0.011751   1.85 190.99 359.52  88314.02
 60.0 21550.0 289.38   0.011271   1.80 174.05 360.54  88321.05
 60.0 21581.0 290.99   0.011608   1.58 235.73 351.72  88256.40
 60.0 21609.0 291.04   0.011619   1.60 246.09 351.22  88310.00
 60.0 21640.0 291.58   0.010679   2.34 265.44 329.81  88251.40
 60.0 21670.0 290.16   0.009090   3.17 269.31 313.83  88311.61
 60.0 21701.0 288.39   0.008439   3.28 256.98 301.15  88463.88
 60.0 21731.0 288.39   0.007419   3.21 280.93 285.03  88511.40
 60.0 21762.0 290.35   0.007192   3.43 292.44 295.49  88413.22
 60.0 21793.0 292.38   0.007087   3.56 285.74 311.56  88374.31
 60.0 21823.0 292.94   0.009184   2.86 257.69 341.24  88336.01
 60.0 21854.0 289.53   0.011675   1.87 172.97 358.87  88307.63
 60.0 21884.0 289.79   0.011536   1.80 198.79 353.95  88288.02
 61.0 21915.0 289.68   0.010542   2.07 205.50 349.06  88286.83
 61.0 21946.0 290.99   0.011419   1.53 251.42 350.65  88263.09
 61.0 21974.0 291.12   0.011985   1.56 245.10 350.58  88268.67
 61.0 22005.0 291.11   0.011039   2.34 251.64 337.59  88257.17
 61.0 22035.0 290.48   0.009740   2.95 254.00 322.69  88368.85
 61.0 22066.0 288.40   0.008249   3.39 267.54 296.54  88522.54
 61.0 22096.0 288.50   0.007606   3.32 284.41 286.53  88626.80
 61.0 22127.0 289.44   0.006985   3.60 295.58 289.86  88566.63
 61.0 22158.0 291.76   0.008285   3.50 270.33 321.12  88479.34
 61.0 22188.0 291.11   0.010045   2.45 225.45 343.64  88429.84
 61.0 22219.0 289.54   0.011734   1.90 171.01 361.90  88333.59
 61.0 22249.0 290.32   0.012019   1.95 194.13 360.62  88301.93
 62.0 22280.0 290.13   0.011214   1.86 218.05 353.85  88385.45
 62.0 22311.0 290.55   0.011188   1.74 239.40 352.82  88289.34
 62.0 22339.0 290.82   0.012312   1.45 224.64 356.39  88327.66
 62.0 22370.0 291.76   0.010854   2.60 283.91 330.43  88219.74
 62.0 22400.0 290.00   0.008824   3.19 280.22 303.70  88338.16
 62.0 22431.0 288.17   0.008158   3.25 262.64 294.17  88520.41
 62.0 22461.0 288.12   0.007310   3.60 284.40 283.67  88560.17
 62.0 22492.0 290.08   0.007178   3.47 298.69 293.96  88553.09
 62.0 22523.0 293.02   0.007912   3.47 283.36 319.61  88386.52
 62.0 22553.0 293.40   0.007997   2.80 271.79 329.57  88389.64
 62.0 22584.0 289.89   0.011413   2.04 186.72 355.34  88427.24
 62.0 22614.0 291.12   0.011351   2.05 248.00 349.31  88319.52
 63.0 22645.0 290.78   0.011414   1.87 248.14 352.37  88390.77
 63.0 22676.0 291.23   0.011576   1.49 256.97 347.85  88319.70
 63.0 22704.0 292.51   0.012005   1.81 288.05 345.06  88250.13
 63.0 22735.0 290.80   0.011650   1.86 216.37 353.26  88268.82
 63.0 22765.0 289.92   0.009040   2.80 255.55 311.72  88362.77
 63.0 22796.0 287.68   0.007504   3.38 278.63 285.51  88612.32
 63.0 22826.0 288.65   0.007594   3.42 275.42 292.96  88688.17
 63.0 22857.0 290.62   0.006973   3.56 292.01 295.43  88601.02
 63.0 22888.0 292.23   0.007178   3.65 283.41 312.99  88527.68
 63.0 22918.0 291.30   0.010877   2.32 215.83 351.65  88416.70
 63.0 22949.0 290.05   0.011761   1.76 187.68 355.43  88443.83
 63.0 22979.0 289.15   0.010817   2.02 166.86 357.20  88448.28
 64.0 23010.0 290.80   0.011334   1.84 237.07 351.54  88305.45
 64.0 23041.0 292.16   0.011777   1.53 294.46 347.15  88289.79
 64.0 23069.0 291.86   0.011836   1.84 264.97 344.74  88235.99
 64.0 23100.0 291.81   0.011176   2.58 275.48 336.47  88282.96
 64.0 23130.0 290.89   0.009492   3.05 265.57 317.14  88389.12
 64.0 23161.0 288.55   0.008494   3.11 252.05 300.85  88546.56
 64.0 23191.0 288.28   0.007593   3.54 274.14 291.28  88695.64
 64.0 23222.0 290.73   0.007548   3.44 296.50 297.12  88562.97
 64.0 23253.0 292.29   0.008240   3.56 280.00 320.76  88433.21
 64.0 23283.0 291.29   0.011054   2.13 225.57 348.77  88266.76
 64.0 23314.0 290.11   0.011671   2.03 194.49 356.78  88361.29
 64.0 23344.0 290.23   0.011138   2.30 217.15 351.99  88349.62
 65.0 23375.0 290.81   0.011544   1.62 218.47 355.50  88181.11
 65.0 23406.0 292.12   0.011397   1.57 282.10 343.79  88219.52
 65.0 23434.0 291.92   0.011806   1.58 279.48 344.68  88189.86
 65.0 23465.0 291.88   0.010833   2.52 287.46 331.02  88287.16
 65.0 23495.0 290.25   0.008944   3.22 269.32 312.51  88363.10
 65.0 23526.0 287.68   0.007219   3.46 277.67 283.37  88541.55
 65.0 23556.0 288.62   0.006958   3.63 281.63 287.22  88598.41
 65.0 23587.0 291.06   0.006335   3.41 299.41 292.31  88440.45
 65.0 23618.0 292.95   0.008137   3.13 269.91 327.79  88257.55
 65.0 23648.0 290.69   0.010799   2.11 206.34 350.14  88240.44
 65.0 23679.0 290.81   0.011549   2.03 229.40 352.94  88335.87
 65.0 23709.0 289.22   0.011463   1.90 177.37 360.96  88368.34
 66.0 23740.0 290.24   0.010788   1.90 242.66 346.07  88312.34
 66.0 23771.0 290.93   0.011398   1.51 258.73 347.63  88288.05
 66.0 23799.0 291.59   0.012129   1.51 271.67 348.80  88262.98
 66.0 23830.0 291.31   0.010994   2.24 249.75 338.21  88205.01
 66.0 23860.0 290.27   0.009126   2.79 272.00 310.45  88379.66
 66.0 23891.0 288.36   0.008318   3.28 258.94 296.34  88552.45
 66.0 23921.0 287.85   0.007339   3.33 280.35 282.04  88561.32
 66.0 23952.0 289.01   0.007104   3.81 288.56 291.37  88579.66
 66.0 23983.0 291.97   0.008417   3.36 286.20 320.20  88398.88
 66.0 24013.0 291.13   0.010262   2.44 219.60 344.82  88266.23
 66.0 24044.0 290.00   0.011562   2.08 188.24 356.10  88452.19
 66.0 24074.0 289.19   0.011424   1.88 170.08 359.19  88457.88
 67.0 24105.0 290.09   0.010331   1.88 219.49 345.62  88444.88
 67.0 24136.0 291.88   0.011008   1.59 286.09 342.33  88289.15
 67.0 24164.0 292.56   0.011795   1.86 300.71 344.47  88273.10
 67.0 24195.0 291.95   0.010257   2.70 282.14 326.40  88211.69
 67.0 24225.0 290.47   0.009275   2.91 264.61 313.28  88333.06
 67.0 24256.0 288.93   0.008358   3.43 269.26 297.60  88499.04
 67.0 24286.0 288.70   0.007444   3.54 274.69 290.45  88613.09
 67.0 24317.0 291.17   0.006945   3.56 294.42 296.45  88506.77
 67.0 24348.0 292.57   0.007333   3.53 270.06 318.41  88356.03
 67.0 24378.0 291.91   0.009653   2.38 207.01 345.83  88189.86
 67.0 24409.0 289.38   0.011867   1.82 152.53 365.70  88327.35
 67.0 24439.0 289.23   0.011579   1.79 167.42 359.83  88381.38
 68.0 24470.0 289.72   0.010891   1.98 193.16 353.76  88348.75
 68.0 24501.0 291.21   0.011391   1.58 232.05 354.64  88312.49
 68.0 24529.0 291.11   0.011664   1.50 228.29 353.48  88348.02
 68.0 24560.0 292.28   0.010986   2.34 274.16 331.77  88250.54
 68.0 24590.0 290.49   0.009207   2.77 265.65 312.40  88390.71
 68.0 24621.0 288.88   0.008503   2.97 263.36 299.41  88463.50
 68.0 24651.0 288.51   0.007523   3.27 281.46 285.23  88544.06
 68.0 24682.0 289.59   0.007126   3.72 287.61 292.12  88574.30
 68.0 24713.0 291.16   0.007705   3.44 268.20 314.13  88515.49
 68.0 24743.0 292.41   0.009825   2.52 255.54 340.31  88313.65
 68.0 24774.0 289.92   0.011951   1.90 180.00 360.13  88292.78
 68.0 24804.0 290.09   0.012009   1.93 201.54 361.26  88255.43
 69.0 24835.0 290.63   0.010800   1.98 221.09 354.22  88316.89
 69.0 24866.0 291.77   0.010591   1.48 270.75 342.84  88246.52
 69.0 24894.0 292.29   0.011081   1.74 277.00 341.70  88264.98
 69.0 24925.0 291.94   0.011008   2.42 281.96 332.22  88258.34
 69.0 24955.0 290.36   0.009166   3.24 271.91 314.16  88405.16
 69.0 24986.0 288.63   0.008223   3.17 264.22 295.81  88441.73
 69.0 25016.0 288.41   0.007033   3.30 277.69 284.55  88642.43
 69.0 25047.0 290.65   0.006670   3.75 299.80 292.52  88605.25
 69.0 25078.0 291.90   0.007224   3.66 273.48 313.31  88425.94
 69.0 25108.0 290.78   0.010386   2.32 199.64 352.36  88386.19
 69.0 25139.0 289.48   0.011300   2.13 168.24 360.62  88448.49
 69.0 25169.0 290.06   0.012072   1.75 188.86 359.74  88336.82
 70.0 25200.0 289.84   0.011305   1.78 211.20 351.14  88317.03
 70.0 25231.0 291.41   0.011278   1.56 280.39 343.32  88295.54
 70.0 25259.0 291.69   0.011668   1.64 266.13 348.97  88274.08
 70.0 25290.0 291.97   0.010970   2.31 276.10 331.12  88230.71
 70.0 25320.0 290.89   0.009186   2.74 281.17 312.74  88320.60
 70.0 25351.0 288.62   0.008130   3.25 274.76 293.44  88572.30
 70.0 25381.0 288.78   0.007433   3.59 279.97 289.47  88555.66
 70.0 25412.0 291.03   0.006995   3.73 297.18 294.49  88547.53
 70.0 25443.0 292.34   0.007647   3.64 268.22 320.51  88457.57
 70.0 25473.0 292.50   0.009154   3.01 239.43 342.07  88381.84
 70.0 25504.0 289.79   0.011827   1.82 164.17 360.76  88490.91
 70.0 25534.0 289.88   0.011450   1.90 184.95 359.39  88345.20
 71.0 25565.0 290.52   0.010493   1.81 223.49 345.25  88372.37
 71.0 25596.0 291.85   0.011781   1.40 274.76 348.01  88309.21
 71.0 25624.0 293.28   0.010697   1.81 300.11 337.64  88186.17
 71.0 25655.0 292.00   0.011278   2.59 285.67 334.25  88239.27
 71.0 25685.0 290.41   0.009244   2.88 263.09 316.03  88381.47
 71.0 25716.0 289.44   0.008736   3.22 262.66 304.54  88580.66
 71.0 25746.0 289.09   0.007200   3.12 273.07 290.61  88694.26
 71.0 25777.0 291.21   0.006558   3.50 292.62 294.10  88476.15
 71.0 25808.0 292.75   0.008331   3.25 247.77 330.50  88309.98
 71.0 25838.0 291.34   0.011070   2.28 219.20 352.51  88274.91
 71.0 25869.0 290.44   0.012155   1.92 179.46 365.00  88317.66
 71.0 25899.0 289.30   0.011231   2.10 168.83 360.12  88308.29
 72.0 25930.0 289.76   0.011164   1.98 198.59 353.63  88271.82
 72.0 25961.0 291.43   0.012023   1.50 275.36 349.69  88376.70
 72.0 25989.0 292.05   0.011673   1.65 277.43 349.96  88234.50
 72.0 26020.0 291.69   0.011601   2.23 262.43 341.31  88266.05
 72.0 26050.0 290.42   0.009470   2.90 261.13 320.25  88324.25
 72.0 26081.0 288.29   0.008293   2.97 268.05 294.47  88439.37
 72.0 26111.0 287.46   0.007214   3.27 280.38 281.71  88509.02
 72.0 26142.0 290.17   0.007271   3.51 304.55 292.48  88585.16
 72.0 26173.0 292.17   0.008644   3.27 269.27 326.66  88446.60
 72.0 26203.0 291.34   0.009941   2.44 203.37 349.40  88340.88
 72.0 26234.0 289.68   0.011755   1.85 168.73 360.33  88369.93
 72.0 26264.0 290.05   0.011518   2.01 196.45 358.11  88384.39
 73.0 26295.0 290.58   0.010185   1.84 223.49 345.25  88277.38
 73.0 26326.0 291.01   0.011387   1.57 247.49 352.95  88322.18
 73.0 26354.0 291.71   0.012244   1.62 263.85 352.58  88260.07
 73.0 26385.0 291.68   0.010835   2.72 264.55 336.17  88321.19
 73.0 26415.0 289.89   0.009121   3.23 260.21 314.69  88487.95
 73.0 26446.0 287.76   0.007992   3.45 276.82 286.73  88597.98
 73.0 26476.0 288.62   0.007624   3.20 278.50 287.55  88450.41
 73.0 26507.0 289.86   0.007398   3.67 296.90 292.73  88550.01
 73.0 26538.0 291.72   0.008125   3.64 269.38 323.41  88512.20
 73.0 26568.0 290.88   0.010889   2.39 207.49 354.89  88342.99
 73.0 26599.0 289.51   0.011755   1.81 163.38 362.79  88408.50
 73.0 26629.0 289.49   0.011604   1.91 177.14 361.05  88407.41
 74.0 26660.0 289.96   0.011239   1.91 206.34 355.37  88344.22
 74.0 26691.0 290.86   0.010311   1.72 255.03 340.29  88240.88
 74.0 26719.0 291.65   0.011553   1.56 253.72 350.03  88239.07
 74.0 26750.0 291.68   0.011511   2.36 253.49 340.61  88185.66
 74.0 26780.0 290.60   0.009621   2.99 262.18 319.37  88346.30
 74.0 26811.0 288.21   0.008265   3.51 265.93 296.71  88529.33
 74.0 26841.0 288.28   0.007748   3.41 275.56 290.96  88620.55
 74.0 26872.0 289.51   0.007540   3.89 290.44 297.21  88614.98
 74.0 26903.0 291.68   0.008444   3.48 281.11 317.75  88394.84
 74.0 26933.0 291.20   0.011119   2.23 220.77 354.94  88326.20
 74.0 26964.0 289.49   0.011697   1.92 168.23 361.58  88488.51
 74.0 26994.0 289.46   0.011145   2.14 173.01 358.03  88406.10
 75.0 27025.0 290.16   0.011241   1.67 219.74 352.75  88339.06
 75.0 27056.0 290.70   0.010443   1.69 231.15 348.97  88304.23
 75.0 27084.0 291.95   0.011861   1.70 283.42 344.39  88283.45
 75.0 27115.0 291.96   0.010990   2.50 274.15 332.18  88305.38
 75.0 27145.0 290.56   0.009357   2.98 261.60 315.35  88336.35
 75.0 27176.0 289.04   0.008592   3.38 269.06 299.15  88441.63
 75.0 27206.0 288.63   0.007817   3.46 265.45 295.70  88646.74
 75.0 27237.0 289.81   0.006863   3.59 295.17 290.67  88609.20
 75.0 27268.0 292.43   0.007913   3.48 270.65 323.63  88472.05
 75.0 27298.0 291.29   0.010471   2.48 202.05 354.75  88402.28
 75.0 27329.0 290.11   0.011954   1.92 178.74 362.23  88334.22
 75.0 27359.0 289.44   0.011388   1.97 170.03 357.71  88358.91
 76.0 27390.0 290.22   0.011767   1.75 215.74 357.02  88382.02
 76.0 27421.0 291.54   0.011543   1.48 260.68 348.08  88330.95
 76.0 27449.0 292.47   0.011791   1.55 281.92 346.23  88257.01
 76.0 27480.0 292.10   0.011078   2.20 265.93 334.56  88283.13
 76.0 27510.0 290.20   0.008876   3.13 275.21 308.45  88413.02
 76.0 27541.0 287.71   0.007706   3.30 276.97 285.87  88650.54
 76.0 27571.0 288.32   0.007387   3.18 275.54 289.99  88663.96
 76.0 27602.0 290.58   0.007266   3.45 291.15 297.91  88550.73
 76.0 27633.0 292.31   0.007994   3.38 281.82 318.56  88430.97
 76.0 27663.0 291.64   0.010195   2.38 231.85 344.81  88311.98
 76.0 27694.0 289.78   0.011507   1.84 190.93 356.18  88373.34
 76.0 27724.0 289.93   0.011240   1.96 213.70 351.72  88288.16
 77.0 27755.0 289.73   0.011347   1.81 208.46 355.39  88263.90
 77.0 27786.0 292.20   0.010703   1.52 288.91 340.08  88128.96
 77.0 27814.0 291.70   0.011316   1.67 252.67 348.71  88161.02
 77.0 27845.0 291.49   0.010657   2.58 274.61 328.64  88191.68
 77.0 27875.0 289.84   0.009468   2.89 251.89 318.09  88382.41
 77.0 27906.0 288.13   0.008090   3.45 260.15 295.38  88572.86
 77.0 27936.0 288.41   0.007471   3.61 282.57 289.75  88658.01
 77.0 27967.0 289.87   0.007015   3.65 305.39 290.02  88514.52
 77.0 27998.0 292.41   0.007313   3.68 289.71 312.63  88389.31
 77.0 28028.0 291.22   0.010202   2.20 220.15 344.02  88309.05
 77.0 28059.0 289.85   0.011685   1.98 186.10 360.80  88307.74
 77.0 28089.0 289.66   0.011512   2.03 186.41 360.19  88325.74
 78.0 28120.0 289.90   0.011056   1.86 215.98 350.48  88363.54
 78.0 28151.0 290.21   0.011190   1.64 236.24 350.19  88377.12
 78.0 28179.0 291.72   0.011802   1.71 279.51 347.50  88200.26
 78.0 28210.0 291.61   0.010659   2.50 268.43 333.09  88278.53
 78.0 28240.0 290.69   0.009771   2.89 257.12 321.84  88278.94
 78.0 28271.0 288.55   0.008198   3.03 273.78 292.73  88457.19
 78.0 28301.0 288.92   0.007776   3.39 277.13 292.39  88477.44
 78.0 28332.0 290.26   0.007562   3.59 288.15 301.19  88563.36
 78.0 28363.0 292.59   0.008401   3.41 276.26 325.87  88396.45
 78.0 28393.0 290.93   0.010303   2.23 203.47 350.06  88234.70
 78.0 28424.0 289.91   0.011831   1.94 181.39 360.43  88293.70
 78.0 28454.0 289.06   0.011188   2.15 161.65 359.32  88335.83
 79.0 28485.0 289.74   0.010936   1.87 202.92 351.87  88330.86
 79.0 28516.0 290.52   0.012074   1.53 230.48 352.44  88209.77
 79.0 28544.0 291.73   0.011661   1.57 249.52 350.96  88321.93
 79.0 28575.0 291.14   0.011723   2.16 238.13 348.62  88318.16
 79.0 28605.0 290.40   0.009486   3.23 265.96 317.42  88356.63
 79.0 28636.0 288.79   0.008797   3.11 253.07 304.58  88588.46
 79.0 28666.0 287.38   0.007430   3.25 271.34 285.98  88719.55
 79.0 28697.0 289.87   0.007090   3.56 305.11 290.49  88549.63
 79.0 28728.0 291.66   0.007959   3.79 292.10 310.25  88456.89
 79.0 28758.0 291.67   0.009481   2.94 238.44 337.89  88381.70
 79.0 28789.0 289.89   0.012003   1.75 183.68 361.11  88341.58
 79.0 28819.0 289.45   0.011491   2.07 186.87 358.26  88277.24
 80.0 28850.0 290.91   0.011823   1.90 251.72 353.46  88232.01
 80.0 28881.0 292.20   0.010681   1.70 295.83 333.77  88111.33
 80.0 28909.0 291.39   0.012096   1.75 250.48 353.79  88236.20
 80.0 28940.0 291.58   0.010720   2.28 279.31 328.83  88242.42
 80.0 28970.0 290.50   0.009662   3.17 253.58 324.64  88380.05
 80.0 29001.0 287.87   0.007899   3.35 276.59 288.05  88585.39
 80.0 29031.0 288.43   0.007690   3.27 269.97 291.43  88536.99
 80.0 29062.0 290.03   0.007570   3.70 295.54 297.96  88532.12
 80.0 29093.0 292.34   0.008499   3.45 286.33 322.54  88256.12
 80.0 29123.0 291.74   0.010064   2.73 246.26 344.37  88365.65
 80.0 29154.0 289.64   0.011944   1.78 169.70 365.22  88389.41
 80.0 29184.0 288.95   0.011163   1.90 158.55 360.52  88413.20
 81.0 29215.0 291.01   0.011703   1.73 237.05 352.67  88286.34
 81.0 29246.0 291.45   0.011098   1.64 255.16 346.33  88291.92
 81.0 29274.0 293.19   0.010602   1.78 317.46 333.38  88217.40
 81.0 29305.0 291.97   0.010574   2.81 286.40 328.43  88329.04
 81.0 29335.0 290.52   0.009424   2.97 265.55 317.36  88400.13
 81.0 29366.0 288.73   0.008169   3.72 264.16 299.30  88512.63
 81.0 29396.0 289.31   0.006792   3.40 280.59 285.71  88610.22
 81.0 29427.0 291.23   0.006762   3.83 295.63 295.99  88581.02
 81.0 29458.0 292.90   0.007510   3.19 270.72 318.66  88270.30
 81.0 29488.0 290.79   0.010741   2.18 204.85 349.44  88333.36
 81.0 29519.0 291.09   0.011492   1.84 225.44 351.45  88399.08
 81.0 29549.0 289.92   0.011717   2.12 191.09 360.60  88397.02
 82.0 29580.0 290.25   0.011580   1.71 218.45 352.30  88308.08
 82.0 29611.0 291.18   0.012026   1.49 238.38 356.18  88243.55
 82.0 29639.0 292.15   0.012328   1.51 265.94 352.80  88225.94
 82.0 29670.0 291.52   0.010841   2.25 266.02 333.44  88248.93
 82.0 29700.0 290.51   0.009525   2.84 256.59 322.36  88426.27
 82.0 29731.0 287.25   0.007730   3.54 271.90 287.40  88689.54
 82.0 29761.0 287.98   0.007456   3.34 280.94 286.78  88656.97
 82.0 29792.0 289.85   0.006967   3.70 298.74 289.50  88528.81
 82.0 29823.0 292.03   0.008289   3.51 277.48 320.64  88415.14
 82.0 29853.0 290.69   0.011180   2.09 196.54 354.18  88437.77
 82.0 29884.0 290.12   0.011550   1.90 187.79 356.98  88375.29
 82.0 29914.0 290.03   0.011620   2.07 205.72 358.99  88348.48
 83.0 29945.0 290.61   0.011449   1.76 236.30 354.65  88272.66
 83.0 29976.0 291.43   0.011337   1.53 265.11 347.89  88248.18
 83.0 30004.0 291.54   0.012056   1.71 265.16 350.35  88265.12
 83.0 30035.0 292.12   0.010618   2.60 288.49 328.87  88329.44
 83.0 30065.0 290.34   0.008988   2.88 270.18 310.29  88409.71
 83.0 30096.0 289.32   0.008640   3.31 258.90 304.26  88539.61
 83.0 30126.0 288.51   0.007238   3.62 273.13 288.73  88694.00
 83.0 30157.0 290.80   0.006598   3.59 298.73 292.09  88586.88
 83.0 30188.0 293.11   0.007572   3.70 300.88 315.45  88439.24
 83.0 30218.0 291.96   0.010424   2.85 240.41 348.21  88390.25
 83.0 30249.0 290.04   0.011976   2.05 182.26 362.84  88355.16
 83.0 30279.0 289.54   0.011498   2.03 175.99 359.59  88366.34
 84.0 30310.0 290.23   0.011006   2.02 213.92 351.01  88348.16
 84.0 30341.0 290.98   0.012104   1.66 242.96 358.47  88307.98
 84.0 30369.0 292.18   0.012235   1.82 282.58 347.20  88284.64
 84.0 30400.0 291.63   0.011432   2.19 249.23 344.02  88262.79
 84.0 30430.0 290.61   0.009416   3.03 266.33 318.36  88381.27
 84.0 30461.0 288.33   0.008338   3.06 260.91 296.67  88575.54
 84.0 30491.0 287.85   0.007310   3.07 285.29 282.57  88688.45
 84.0 30522.0 289.59   0.006895   3.43 301.13 288.30  88578.01
 84.0 30553.0 291.66   0.009498   3.23 265.38 331.15  88389.94
 84.0 30583.0 291.26   0.010896   2.56 227.11 351.51  88351.05
 84.0 30614.0 289.75   0.011642   1.84 174.20 355.85  88383.84
 84.0 30644.0 289.76   0.011502   1.95 191.02 357.37  88280.23
 85.0 30675.0 290.74   0.011382   1.86 239.28 352.47  88276.49
 85.0 30706.0 291.92   0.011228   1.52 279.79 345.58  88177.85
 85.0 30734.0 292.35   0.011562   1.81 285.97 341.42  88145.20
 85.0 30765.0 291.34   0.011265   2.21 263.24 342.10  88262.45
 85.0 30795.0 290.29   0.009329   3.02 256.52 321.55  88357.72
 85.0 30826.0 288.57   0.007763   3.13 279.22 288.85  88462.81
 85.0 30856.0 288.21   0.007308   3.23 280.07 286.79  88509.59
 85.0 30887.0 290.18   0.007000   3.47 298.65 293.84  88527.81
 85.0 30918.0 292.00   0.007075   3.63 295.30 307.75  88361.80
 85.0 30948.0 291.64   0.009497   2.77 245.92 337.80  88330.17
 85.0 30979.0 289.91   0.011529   2.00 183.40 361.23  88405.15
 85.0 31009.0 289.64   0.011486   1.97 192.62 357.81  88340.20
 86.0 31040.0 290.17   0.010979   1.83 206.37 353.42  88289.88
 86.0 31071.0 291.05   0.011381   1.56 269.81 347.50  88254.06
 86.0 31099.0 291.36   0.011997   1.63 254.89 351.60  88229.20
 86.0 31130.0 291.42   0.011261   2.47 259.66 337.82  88206.71
 86.0 31160.0 290.58   0.009268   2.89 263.10 315.32  88303.08
 86.0 31191.0 287.88   0.007969   3.35 261.99 290.94  88500.38
 86.0 31221.0 286.96   0.006736   3.08 284.84 274.78  88639.05
 86.0 31252.0 289.70   0.007352   3.67 299.62 294.46  88542.64
 86.0 31283.0 291.88   0.008074   3.51 283.00 320.49  88425.66
 86.0 31313.0 291.89   0.010235   2.65 238.88 347.68  88380.52
 86.0 31344.0 290.36   0.011753   1.81 186.84 357.74  88313.74
 86.0 31374.0 289.27   0.010946   2.02 170.76 356.85  88400.20
 87.0 31405.0 290.14   0.011044   1.94 217.39 354.20  88311.12
 87.0 31436.0 290.39   0.011214   1.67 232.37 352.74  88253.25
 87.0 31464.0 292.26   0.011390   2.00 285.30 338.68  88202.37
 87.0 31495.0 291.90   0.011179   2.31 274.29 336.93  88253.36
 87.0 31525.0 290.44   0.009695   2.92 251.78 324.76  88496.24
 87.0 31556.0 287.76   0.008021   3.06 259.05 292.01  88489.09
 87.0 31586.0 288.02   0.007206   3.62 285.83 284.20  88583.75
 87.0 31617.0 289.56   0.007146   3.91 294.93 292.93  88648.95
 87.0 31648.0 292.25   0.007921   3.41 273.83 323.83  88528.12
 87.0 31678.0 291.45   0.010225   2.31 217.27 349.60  88330.31
 87.0 31709.0 289.70   0.011761   1.96 175.19 361.00  88372.35
 87.0 31739.0 289.03   0.011308   2.02 157.81 360.91  88447.47
 88.0 31770.0 290.54   0.011381   1.86 237.66 356.31  88454.02
 88.0 31801.0 290.45   0.011561   1.51 227.29 354.26  88367.80
 88.0 31829.0 292.22   0.011937   1.62 294.78 341.94  88228.42
 88.0 31860.0 291.18   0.011514   2.25 234.41 347.47  88260.54
 88.0 31890.0 290.42   0.009358   3.04 274.35 315.02  88427.68
 88.0 31921.0 288.50   0.008430   2.97 262.08 295.63  88501.33
 88.0 31951.0 288.25   0.007659   3.26 279.00 289.32  88678.39
 88.0 31982.0 289.28   0.006968   3.53 299.30 288.35  88510.14
 88.0 32013.0 291.55   0.008553   3.45 265.34 325.75  88520.59
 88.0 32043.0 290.91   0.010666   2.10 218.86 346.29  88476.21
 88.0 32074.0 290.56   0.011417   1.95 197.42 354.63  88366.14
 88.0 32104.0 289.57   0.011751   1.81 178.66 360.58  88343.49
 89.0 32135.0 289.68   0.010628   1.80 197.61 348.34  88243.65
 89.0 32166.0 291.06   0.011292   1.47 236.60 351.74  88322.19
 89.0 32194.0 291.72   0.012143   1.53 275.78 349.43  88258.23
 89.0 32225.0 291.76   0.011183   2.36 261.84 337.95  88177.62
 89.0 32255.0 290.19   0.009013   2.80 258.47 315.72  88291.62
 89.0 32286.0 289.10   0.008702   3.08 256.24 302.41  88500.44
 89.0 32316.0 288.76   0.007740   3.46 284.43 289.44  88584.10
 89.0 32347.0 290.04   0.006882   3.59 304.35 288.88  88494.26
 89.0 32378.0 292.56   0.008111   3.28 292.74 317.36  88369.69
 89.0 32408.0 291.56   0.010359   2.35 219.50 348.50  88348.61
 89.0 32439.0 289.95   0.011873   1.85 177.47 362.64  88447.04
 89.0 32469.0 290.12   0.011949   1.92 198.96 360.74  88378.05
 90.0 32500.0 290.60   0.011366   1.88 228.11 354.44  88357.97
 90.0 32531.0 291.21   0.011953   1.66 261.39 351.03  88293.02
 90.0 32559.0 292.87   0.010649   1.71 295.85 335.77  88245.12
 90.0 32590.0 291.73   0.011440   2.46 264.96 337.43  88159.86
 90.0 32620.0 290.43   0.009153   2.93 272.56 311.84  88447.03
 90.0 32651.0 288.68   0.008550   3.11 258.99 300.91  88559.14
 90.0 32681.0 287.98   0.007194   3.41 278.59 282.86  88570.57
 90.0 32712.0 290.00   0.007273   3.58 286.65 300.12  88629.09
 90.0 32743.0 292.23   0.007988   3.68 268.32 323.99  88470.25
 90.0 32773.0 291.97   0.010915   2.23 224.42 354.39  88276.55
 90.0 32804.0 290.15   0.011823   1.73 192.58 360.19  88329.55
 90.0 32834.0 290.52   0.011559   2.02 217.50 356.40  88334.16
 91.0 32865.0 291.56   0.011269   2.03 247.39 353.03  88309.44
 91.0 32896.0 291.88   0.011635   1.51 262.33 348.53  88178.16
 91.0 32924.0 291.49   0.011781   1.60 237.32 353.20  88227.76
 91.0 32955.0 291.96   0.011161   2.57 280.44 332.24  88312.48
 91.0 32985.0 289.97   0.009224   3.03 257.42 315.18  88424.40
 91.0 33016.0 287.87   0.007649   3.35 272.37 288.06  88631.05
 91.0 33046.0 288.46   0.007139   3.42 278.93 286.05  88618.31
 91.0 33077.0 290.91   0.007021   3.61 295.70 295.34  88512.00
 91.0 33108.0 293.21   0.007366   3.55 305.58 312.16  88305.62
 91.0 33138.0 292.78   0.008812   2.75 254.89 337.67  88328.19
 91.0 33169.0 290.09   0.011669   1.88 178.41 360.29  88302.10
 91.0 33199.0 290.16   0.011623   1.82 182.90 359.93  88291.92
 92.0 33230.0 290.57   0.011385   1.69 225.81 352.25  88357.12
 92.0 33261.0 291.29   0.011954   1.62 254.68 354.35  88386.85
 92.0 33289.0 291.66   0.012168   1.87 257.33 356.12  88297.70
 92.0 33320.0 291.62   0.009806   3.01 288.89 318.82  88379.70
 92.0 33350.0 290.00   0.008965   2.85 279.06 308.53  88439.55
 92.0 33381.0 288.27   0.008203   3.21 272.37 293.29  88556.41
 92.0 33411.0 288.30   0.007210   3.67 280.69 285.58  88666.27
 92.0 33442.0 290.41   0.007182   3.64 288.16 296.13  88552.27
 92.0 33473.0 292.78   0.007992   3.47 270.58 323.35  88401.38
 92.0 33503.0 292.05   0.010117   2.20 218.60 349.09  88380.68
 92.0 33534.0 290.95   0.012373   1.77 204.68 359.00  88339.20
 92.0 33564.0 290.22   0.011747   1.84 193.93 358.43  88378.80
 93.0 33595.0 291.18   0.011923   1.79 248.39 356.69  88319.40
 93.0 33626.0 292.36   0.011783   1.58 272.99 345.15  88218.59
 93.0 33654.0 293.02   0.012032   1.95 308.67 342.15  88147.69
 93.0 33685.0 292.03   0.011822   2.26 262.84 345.45  88250.88
 93.0 33715.0 290.95   0.009540   2.82 261.36 318.67  88345.00
 93.0 33746.0 289.36   0.008638   2.97 265.44 301.21  88436.38
 93.0 33776.0 288.89   0.007370   3.29 283.35 287.74  88537.58
 93.0 33807.0 290.90   0.006938   3.51 289.63 297.85  88572.08
 93.0 33838.0 292.88   0.007503   3.32 255.49 324.52  88376.65
 93.0 33868.0 292.06   0.010480   2.15 235.50 347.13  88304.80
 93.0 33899.0 290.09   0.011990   1.98 187.16 361.19  88365.29
 93.0 33929.0 289.26   0.011587   1.93 163.97 364.39  88453.36
 94.0 33960.0 290.71   0.011144   1.85 231.86 355.39  88360.26
 94.0 33991.0 292.14   0.012007   1.48 296.11 347.69  88312.20
 94.0 34019.0 292.64   0.011879   2.07 301.58 339.55  88237.85
 94.0 34050.0 291.68   0.011246   2.34 267.01 340.35  88374.88
 94.0 34080.0 290.38   0.009173   3.17 267.76 313.29  88475.20
 94.0 34111.0 288.53   0.008261   3.38 259.08 298.78  88600.70
 94.0 34141.0 288.83   0.007308   3.01 282.27 287.00  88607.66
 94.0 34172.0 290.80   0.007099   3.66 301.90 295.92  88543.34
 94.0 34203.0 293.31   0.007348   3.54 287.86 317.25  88445.64
 94.0 34233.0 291.82   0.010317   2.47 217.51 349.59  88390.69
 94.0 34264.0 289.88   0.012076   1.85 164.27 364.21  88374.07
 94.0 34294.0 289.33   0.011661   1.98 163.68 363.81  88364.26
 95.0 34325.0 290.89   0.011902   1.82 233.43 354.19  88205.20
 95.0 34356.0 290.80   0.011706   1.62 236.66 353.44  88307.70
 95.0 34384.0 292.46   0.011407   2.01 276.66 342.45  88257.31
 95.0 34415.0 291.27   0.011562   2.12 241.84 344.41  88325.87
 95.0 34445.0 290.82   0.009610   2.84 251.19 322.90  88408.19
 95.0 34476.0 288.96   0.008594   3.14 268.94 300.26  88421.26
 95.0 34506.0 288.47   0.007482   3.25 284.08 285.66  88627.17
 95.0 34537.0 290.42   0.007223   3.49 295.98 295.31  88583.63
 95.0 34568.0 291.87   0.008878   3.01 245.44 331.10  88400.88
 95.0 34598.0 291.74   0.009999   2.58 250.86 340.95  88380.49
 95.0 34629.0 290.88   0.012009   1.81 191.92 361.50  88393.43
 95.0 34659.0 290.13   0.011991   1.91 194.40 360.99  88355.25
 96.0 34690.0 291.00   0.011614   1.74 250.38 347.96  88303.74
 96.0 34721.0 292.48   0.011671   1.49 307.86 342.70  88157.02
 96.0 34749.0 291.79   0.011738   1.65 260.30 348.75  88251.48
 96.0 34780.0 291.56   0.011395   2.55 274.22 336.53  88327.69
 96.0 34810.0 290.35   0.009519   2.85 240.39 317.59  88323.80
 96.0 34841.0 289.33   0.008963   3.03 254.60 307.39  88421.76
 96.0 34871.0 288.47   0.007239   2.99 280.62 283.58  88532.16
 96.0 34902.0 290.08   0.007053   3.65 300.26 294.07  88608.20
 96.0 34933.0 291.95   0.007856   3.31 272.15 319.47  88518.13
 96.0 34963.0 291.26   0.010208   2.62 222.25 344.50  88358.27
 96.0 34994.0 290.14   0.011830   2.04 187.38 358.78  88289.04
 96.0 35024.0 289.80   0.011578   1.88 177.40 360.46  88371.77
 97.0 35055.0 291.27   0.011686   1.60 251.00 348.40  88300.79
 97.0 35086.0 292.31   0.010498   1.83 285.70 336.30  88227.30
 97.0 35114.0 291.71   0.012397   1.69 252.36 351.82  88298.02
 97.0 35145.0 291.68   0.011060   2.41 262.75 336.78  88237.27
 97.0 35175.0 290.27   0.008806   2.82 279.63 307.63  88357.53
 97.0 35206.0 288.15   0.008168   3.25 255.12 299.54  88552.85
 97.0 35236.0 288.40   0.007424   3.10 276.76 289.16  88683.57
 97.0 35267.0 290.43   0.007379   3.70 282.50 300.28  88631.01
 97.0 35298.0 292.45   0.007230   3.26 276.96 316.22  88413.99
 97.0 35328.0 292.49   0.009235   2.72 250.72 339.11  88338.80
 97.0 35359.0 290.57   0.011728   1.94 203.35 358.01  88343.86
 97.0 35389.0 289.66   0.011417   2.05 192.15 357.04  88445.18
 98.0 35420.0 291.08   0.010934   1.83 246.04 349.63  88397.51
 98.0 35451.0 291.89   0.011790   1.62 272.62 350.00  88289.46
 98.0 35479.0 292.39   0.012412   1.53 270.37 345.77  88247.49
 98.0 35510.0 291.42   0.012112   1.97 241.56 347.95  88302.74
 98.0 35540.0 290.74   0.009646   3.29 256.42 322.86  88394.60
 98.0 35571.0 289.28   0.008845   3.30 257.55 306.87  88477.12
 98.0 35601.0 287.68   0.007066   3.39 285.26 280.15  88688.40
 98.0 35632.0 289.62   0.007342   3.83 287.94 295.37  88590.85
 98.0 35663.0 292.24   0.007721   3.67 283.81 316.04  88408.83
 98.0 35693.0 291.30   0.010932   2.27 207.51 352.16  88351.69
 98.0 35724.0 289.68   0.011733   1.90 163.41 361.84  88492.17
 98.0 35754.0 289.61   0.011203   2.09 181.78 357.13  88447.96
 99.0 35785.0 291.40   0.011266   1.74 249.66 348.89  88202.42
 99.0 35816.0 292.61   0.011293   1.56 290.36 345.64  88239.38
 99.0 35844.0 292.16   0.012071   1.63 288.36 344.69  88278.87
 99.0 35875.0 291.96   0.011185   2.49 278.25 337.84  88222.11
 99.0 35905.0 290.96   0.009712   2.94 270.06 319.36  88329.29
 99.0 35936.0 288.76   0.008350   3.47 252.39 305.53  88532.23
 99.0 35966.0 288.36   0.006818   3.30 283.55 281.53  88535.45
 99.0 35997.0 291.47   0.007455   3.50 293.02 304.11  88454.21
 99.0 36028.0 292.94   0.007243   3.60 285.60 314.96  88392.99
 99.0 36058.0 291.95   0.009376   2.44 233.32 339.84  88393.71
 99.0 36089.0 289.77   0.011646   2.01 173.67 363.23  88433.62
 99.0 36119.0 289.25   0.011427   2.08 176.95 361.43  88440.31
100.0 36150.0 289.77   0.010780   1.73 200.77 350.68  88347.55
100.0 36181.0 291.51   0.011169   1.71 270.52 344.29  88243.78
100.0 36209.0 292.48   0.012321   1.66 293.93 350.30  88251.27
100.0 36240.0 291.75   0.011429   2.49 252.59 341.00  88189.49
100.0 36270.0 290.24   0.009375   3.15 249.37 317.14  88372.62
100.0 36301.0 289.30   0.009018   3.43 252.89 310.80  88492.77
100.0 36331.0 288.98   0.007727   3.44 280.07 289.68  88524.38
100.0 36362.0 290.32   0.007302   3.75 300.37 294.83  88590.22
100.0 36393.0 292.34   0.008401   3.66 274.64 322.58  88428.32
100.0 36423.0 290.91   0.010796   2.32 212.88 349.83  88362.04
100.0 36454.0 290.04   0.011635   1.89 172.37 360.31  88408.74
100.0 36484.0 289.37   0.010954   2.25 169.16 356.76  88450.12
