  1.0    15.0 292.17   0.012840   2.04 203.19 367.89  91275.26
  1.0    46.0 292.22   0.012776   2.05 216.93 368.37  91413.59
  1.0    74.0 292.00   0.013095   1.66 187.71 371.51  91444.23
  1.0   105.0 291.32   0.011018   2.45 258.10 338.74  91675.58
  1.0   135.0 289.20   0.008788   2.66 246.70 313.64  91792.02
  1.0   166.0 286.58   0.007674   2.82 229.21 296.41  92067.86
  1.0   196.0 285.59   0.006769   3.16 247.36 282.73  92207.56
  1.0   227.0 288.82   0.007194   3.18 276.92 293.69  92031.48
  1.0   258.0 290.41   0.008642   3.53 248.83 330.89  91906.44
  1.0   288.0 291.93   0.008368   3.36 283.55 322.27  91686.95
  1.0   319.0 293.15   0.011468   3.07 284.11 350.19  91515.69
  1.0   349.0 292.73   0.012796   2.07 231.82 364.86  91397.95
  2.0   380.0 292.45   0.012467   2.31 203.55 366.13  91189.00
  2.0   411.0 291.88   0.012524   1.82 190.48 369.42  91329.82
  2.0   439.0 292.22   0.012816   1.97 213.04 368.35  91366.44
  2.0   470.0 291.60   0.012039   2.54 226.30 358.89  91562.07
  2.0   500.0 289.87   0.009738   2.80 218.89 332.27  91780.17
  2.0   531.0 287.27   0.008129   2.65 227.47 300.38  91904.77
  2.0   561.0 287.50   0.007677   2.64 251.56 290.50  91986.71
  2.0   592.0 288.33   0.007472   3.34 267.71 298.73  92098.62
  2.0   623.0 290.04   0.007918   3.29 258.09 316.11  91865.56
  2.0   653.0 293.92   0.008519   3.67 312.16 324.40  91593.41
  2.0   684.0 292.16   0.011828   2.79 229.59 357.70  91437.10
  2.0   714.0 292.32   0.012560   2.10 202.31 368.19  91370.97
  3.0   745.0 291.84   0.011858   2.90 194.43 368.90  91237.12
  3.0   776.0 292.19   0.012977   1.81 225.14 366.71  91478.67
  3.0   804.0 292.40   0.012632   1.93 223.06 363.74  91504.20
  3.0   835.0 291.46   0.011351   2.51 248.19 345.85  91623.51
  3.0   865.0 289.13   0.008755   2.83 249.92 312.42  91838.75
  3.0   896.0 287.46   0.008293   2.85 215.77 308.39  92024.75
  3.0   926.0 286.58   0.007450   3.02 226.70 296.75  92198.98
  3.0   957.0 288.22   0.007055   3.23 266.07 296.43  92101.37
  3.0   988.0 291.82   0.007880   3.49 292.86 318.02  91809.37
  3.0  1018.0 294.30   0.008514   3.59 303.96 333.80  91701.86
  3.0  1049.0 291.85   0.012021   2.70 217.41 358.10  91549.19
  3.0  1079.0 292.32   0.012228   2.03 227.83 359.68  91359.96
  4.0  1110.0 291.64   0.012096   2.53 169.86 374.88  91256.48
  4.0  1141.0 293.13   0.012796   1.66 260.92 361.58  91402.72
  4.0  1169.0 292.37   0.012586   1.99 225.25 359.42  91551.98
  4.0  1200.0 289.79   0.011135   3.02 195.11 355.64  91695.52
  4.0  1230.0 289.10   0.009792   2.75 199.13 334.76  91834.66
  4.0  1261.0 286.73   0.007911   3.15 210.97 309.83  92025.76
  4.0  1291.0 286.75   0.007264   2.63 253.71 285.02  92019.97
  4.0  1322.0 288.52   0.007987   3.25 258.38 307.37  91986.20
  4.0  1353.0 291.79   0.008660   3.44 282.74 323.05  91829.27
  4.0  1383.0 292.51   0.008969   3.22 284.22 331.78  91682.27
  4.0  1414.0 292.06   0.011950   2.63 216.34 357.15  91435.72
  4.0  1444.0 292.13   0.012538   2.18 202.18 366.61  91358.25
  5.0  1475.0 292.72   0.012505   2.04 224.51 364.56  91358.34
  5.0  1506.0 291.58   0.012527   2.08 171.40 371.79  91361.07
  5.0  1534.0 292.62   0.011808   2.05 252.35 355.08  91472.17
  5.0  1565.0 291.69   0.011569   2.65 233.95 352.00  91520.91
  5.0  1595.0 289.29   0.009392   2.73 227.28 324.21  91768.22
  5.0  1626.0 287.31   0.008180   2.91 223.83 306.88  91981.86
  5.0  1656.0 286.67   0.007306   2.75 238.53 293.52  92099.09
  5.0  1687.0 288.33   0.007849   3.06 245.69 309.82  92115.58
  5.0  1718.0 291.15   0.007854   3.45 278.82 318.33  91906.02
  5.0  1748.0 292.99   0.009707   3.21 264.57 341.71  91543.21
  5.0  1779.0 292.21   0.011745   2.66 241.77 354.40  91520.62
  5.0  1809.0 292.24   0.012193   2.49 219.15 362.19  91345.36
  6.0  1840.0 292.15   0.012746   1.84 199.88 371.22  91370.12
  6.0  1871.0 292.55   0.013051   1.75 205.31 374.99  91409.43
  6.0  1899.0 292.07   0.012831   1.91 199.21 369.77  91377.69
  6.0  1930.0 291.70   0.011567   2.49 244.43 345.32  91422.45
  6.0  1960.0 289.24   0.009443   2.60 234.33 320.84  91792.47
  6.0  1991.0 286.98   0.008198   2.92 211.13 307.53  92045.11
  6.0  2021.0 286.56   0.007548   3.01 236.00 296.29  92174.41
  6.0  2052.0 288.97   0.007701   2.93 283.79 294.07  92048.45
  6.0  2083.0 290.75   0.009145   3.18 254.49 330.04  91964.67
  6.0  2113.0 292.50   0.009419   3.46 278.32 333.62  91685.86
  6.0  2144.0 293.00   0.012031   2.59 243.26 358.33  91553.61
  6.0  2174.0 292.34   0.011720   2.41 251.33 353.33  91438.74
  7.0  2205.0 291.82   0.012493   2.34 187.60 372.48  91297.73
  7.0  2236.0 292.00   0.012296   1.87 226.11 363.20  91347.44
  7.0  2264.0 292.30   0.011827   2.08 247.87 353.15  91422.27
  7.0  2295.0 291.85   0.010434   2.72 267.69 336.61  91678.10
  7.0  2325.0 289.54   0.008858   2.75 247.85 312.61  91749.88
  7.0  2356.0 287.29   0.008036   3.00 226.38 303.10  92049.05
  7.0  2386.0 286.12   0.006291   2.62 255.02 276.86  91953.06
  7.0  2417.0 289.02   0.006738   3.04 275.68 292.47  92026.12
  7.0  2448.0 291.35   0.008198   3.23 266.24 322.31  91880.59
  7.0  2478.0 294.22   0.009407   3.37 279.16 343.34  91590.68
  7.0  2509.0 292.41   0.011370   2.72 236.25 355.31  91554.25
  7.0  2539.0 292.01   0.012315   2.35 201.04 366.72  91438.70
  8.0  2570.0 292.04   0.012071   2.47 212.30 368.07  91293.80
  8.0  2601.0 292.30   0.012756   1.88 225.62 362.31  91386.35
  8.0  2629.0 292.38   0.012046   2.26 264.49 353.41  91482.81
  8.0  2660.0 292.05   0.011290   2.36 249.55 346.70  91572.94
  8.0  2690.0 289.56   0.009229   2.71 220.50 326.97  91892.69
  8.0  2721.0 287.97   0.008814   3.03 186.43 326.25  92079.20
  8.0  2751.0 287.26   0.007994   3.01 224.22 304.22  92190.02
  8.0  2782.0 289.29   0.007403   3.07 281.27 298.63  91895.70
  8.0  2813.0 292.08   0.008461   3.31 286.74 321.32  91728.00
  8.0  2843.0 294.22   0.008574   3.26 305.35 330.45  91617.28
  8.0  2874.0 292.79   0.012004   2.56 226.46 358.96  91418.48
  8.0  2904.0 291.56   0.012183   2.43 194.56 365.48  91499.55
  9.0  2935.0 292.22   0.012337   2.36 205.70 369.35  91269.97
  9.0  2966.0 292.58   0.012945   2.07 231.61 369.19  91461.52
  9.0  2994.0 292.17   0.011236   2.24 262.51 346.27  91533.01
  9.0  3025.0 291.26   0.010301   2.73 252.71 338.21  91670.89
  9.0  3055.0 288.49   0.008682   2.68 239.02 311.91  91853.62
  9.0  3086.0 287.00   0.007964   2.59 212.40 303.03  91996.95
  9.0  3116.0 286.97   0.007056   2.68 256.16 284.72  92081.11
  9.0  3147.0 289.67   0.007512   3.14 268.29 304.03  92016.28
  9.0  3178.0 291.71   0.007789   3.58 289.47 314.30  91729.82
  9.0  3208.0 292.36   0.009234   3.54 284.29 332.84  91729.85
  9.0  3239.0 294.08   0.011076   2.77 269.62 352.92  91469.42
  9.0  3269.0 291.95   0.012341   2.32 184.39 366.95  91291.56
 10.0  3300.0 292.64   0.012310   2.46 226.12 365.11  91375.12
 10.0  3331.0 291.75   0.012740   2.23 198.84 370.75  91336.41
 10.0  3359.0 292.84   0.012793   1.66 243.09 362.01  91420.48
 10.0  3390.0 290.84   0.011277   2.55 215.96 352.61  91748.34
 10.0  3420.0 288.53   0.008345   2.57 246.73 304.72  91840.89
 10.0  3451.0 287.12   0.007945   2.75 227.88 302.35  92082.48
 10.0  3481.0 287.65   0.007963   2.91 232.37 305.59  92078.12
 10.0  3512.0 288.90   0.007732   3.35 261.27 304.33  92133.28
 10.0  3543.0 290.66   0.009160   3.40 256.10 332.48  91967.67
 10.0  3573.0 292.16   0.009364   3.50 282.39 333.11  91700.27
 10.0  3604.0 291.89   0.012155   2.62 204.22 364.76  91572.12
 10.0  3634.0 292.23   0.012097   2.34 234.23 360.93  91417.78
 11.0  3665.0 292.53   0.012270   2.24 208.24 367.51  91360.20
 11.0  3696.0 292.38   0.013219   1.65 216.77 370.30  91447.67
 11.0  3724.0 292.19   0.011885   2.04 252.36 352.51  91505.58
 11.0  3755.0 291.50   0.010472   2.59 258.97 338.55  91721.02
 11.0  3785.0 289.51   0.009010   2.69 223.40 322.48  91850.21
 11.0  3816.0 287.77   0.008659   2.66 200.96 316.28  91797.54
 11.0  3846.0 287.50   0.007707   2.95 243.50 296.12  92082.77
 11.0  3877.0 289.71   0.007661   3.27 262.60 308.46  92043.98
 11.0  3908.0 291.30   0.008437   3.43 264.67 324.58  91873.37
 11.0  3938.0 293.00   0.008035   3.36 301.53 323.17  91712.15
 11.0  3969.0 292.94   0.011351   2.78 244.27 353.41  91397.70
 11.0  3999.0 291.57   0.011906   2.38 212.33 360.50  91451.43
 12.0  4030.0 292.81   0.013073   1.90 225.85 367.76  91426.28
 12.0  4061.0 292.02   0.013067   1.80 188.50 373.81  91444.09
 12.0  4089.0 292.43   0.012664   1.98 206.44 370.46  91358.43
 12.0  4120.0 292.28   0.012324   2.36 244.33 356.33  91482.73
 12.0  4150.0 288.22   0.008988   2.94 217.75 320.10  91894.28
 12.0  4181.0 286.73   0.008057   2.83 205.35 310.31  92076.62
 12.0  4211.0 286.00   0.007340   3.11 230.67 297.64  92112.16
 12.0  4242.0 287.96   0.008051   3.16 235.72 311.29  92057.04
 12.0  4273.0 291.42   0.008967   3.04 276.34 324.71  91722.87
 12.0  4303.0 291.72   0.009520   3.23 274.63 331.99  91639.33
 12.0  4334.0 291.39   0.011966   2.62 203.10 362.15  91460.06
 12.0  4364.0 292.78   0.012858   2.33 229.92 366.36  91394.44
 13.0  4395.0 292.83   0.012776   2.29 219.51 370.43  91285.35
 13.0  4426.0 292.19   0.012630   2.15 204.92 371.71  91387.13
 13.0  4454.0 292.53   0.012911   1.91 224.01 365.72  91430.73
 13.0  4485.0 290.88   0.011005   2.61 228.12 346.32  91684.31
 13.0  4515.0 288.83   0.008572   2.87 249.58 309.12  91882.56
 13.0  4546.0 285.94   0.007301   2.77 231.30 290.21  92036.80
 13.0  4576.0 286.33   0.007394   3.08 227.86 297.31  92106.59
 13.0  4607.0 287.67   0.007146   3.50 269.45 294.55  92071.27
 13.0  4638.0 290.13   0.008224   3.51 259.64 322.31  92031.96
 13.0  4668.0 292.14   0.008704   3.34 299.44 324.23  91635.18
 13.0  4699.0 293.94   0.010315   2.94 290.32 343.87  91328.22
 13.0  4729.0 293.05   0.012173   2.44 238.98 366.84  91375.80
 14.0  4760.0 291.84   0.012977   2.08 200.86 371.43  91340.34
 14.0  4791.0 292.22   0.013012   1.78 206.66 372.74  91417.05
 14.0  4819.0 292.48   0.012550   2.02 226.72 361.27  91498.00
 14.0  4850.0 291.54   0.011426   2.75 223.48 354.92  91535.71
 14.0  4880.0 288.88   0.009348   2.88 206.55 332.04  91964.98
 14.0  4911.0 286.53   0.008201   3.19 184.40 321.14  92018.91
 14.0  4941.0 285.96   0.007467   3.13 220.33 303.38  92115.13
 14.0  4972.0 287.78   0.007398   3.39 266.60 296.44  92125.32
 14.0  5003.0 291.24   0.008390   3.28 286.89 316.54  91922.55
 14.0  5033.0 292.42   0.010650   3.21 265.89 346.91  91672.92
 14.0  5064.0 292.36   0.011548   2.76 233.18 357.24  91589.25
 14.0  5094.0 292.34   0.012501   2.09 222.16 365.38  91447.09
 15.0  5125.0 292.16   0.012805   2.30 188.01 374.84  91275.07
 15.0  5156.0 292.69   0.012901   1.77 214.50 370.37  91377.01
 15.0  5184.0 292.79   0.012123   2.00 259.30 353.14  91413.83
 15.0  5215.0 290.92   0.010710   2.97 228.39 345.66  91611.42
 15.0  5245.0 288.74   0.009103   2.67 213.74 326.17  91878.10
 15.0  5276.0 286.31   0.007455   2.75 234.94 291.43  92090.28
 15.0  5306.0 286.20   0.007153   2.55 245.82 284.35  92077.45
 15.0  5337.0 287.05   0.007191   3.22 268.44 289.89  92101.88
 15.0  5368.0 291.55   0.008488   3.37 283.05 320.66  91924.16
 15.0  5398.0 292.98   0.009882   3.18 287.25 338.34  91644.99
 15.0  5429.0 293.26   0.011498   2.98 252.81 357.36  91421.02
 15.0  5459.0 292.13   0.012367   2.22 207.97 367.89  91499.89
 16.0  5490.0 291.72   0.012390   2.30 180.67 373.55  91220.45
 16.0  5521.0 292.30   0.012681   1.93 215.67 367.94  91327.54
 16.0  5549.0 293.11   0.012324   2.04 282.30 352.60  91434.34
 16.0  5580.0 291.42   0.011055   2.59 241.05 346.29  91597.11
 16.0  5610.0 289.96   0.009326   2.66 236.76 322.82  91866.03
 16.0  5641.0 288.58   0.008773   2.74 224.85 312.62  91996.23
 16.0  5671.0 287.08   0.007505   3.05 229.78 303.20  92112.10
 16.0  5702.0 288.74   0.006709   3.03 279.27 291.75  92068.28
 16.0  5733.0 291.93   0.008225   3.34 280.66 321.28  91858.57
 16.0  5763.0 293.19   0.009811   3.31 280.40 337.32  91686.09
 16.0  5794.0 292.09   0.012093   2.44 221.14 361.57  91525.28
 16.0  5824.0 291.79   0.012374   2.13 184.63 369.99  91343.65
 17.0  5855.0 292.14   0.011802   2.64 186.01 368.30  91256.83
 17.0  5886.0 291.89   0.012574   1.76 193.58 369.65  91363.90
 17.0  5914.0 292.33   0.012389   1.95 197.08 367.62  91404.07
 17.0  5945.0 290.60   0.011026   2.64 212.03 351.19  91600.94
 17.0  5975.0 288.67   0.008897   2.79 239.14 312.86  91861.81
 17.0  6006.0 286.76   0.008072   3.28 200.93 316.51  92133.18
 17.0  6036.0 286.05   0.007107   2.63 239.57 287.87  91988.82
 17.0  6067.0 288.17   0.007675   3.23 262.75 303.51  92028.90
 17.0  6098.0 290.98   0.008342   3.52 275.11 320.63  91913.23
 17.0  6128.0 291.89   0.010431   3.07 260.10 343.72  91643.14
 17.0  6159.0 292.05   0.012293   2.47 210.18 363.40  91488.98
 17.0  6189.0 292.02   0.012668   2.32 196.70 369.56  91345.75
 18.0  6220.0 292.39   0.012794   2.03 213.71 371.96  91292.38
 18.0  6251.0 292.11   0.012528   1.81 211.25 367.65  91432.39
 18.0  6279.0 292.15   0.012408   2.18 234.96 358.75  91403.95
 18.0  6310.0 291.84   0.011534   2.41 233.95 350.82  91629.34
 18.0  6340.0 288.92   0.009150   2.84 228.75 320.76  91882.31
 18.0  6371.0 286.72   0.008025   3.09 215.71 308.72  92073.92
 18.0  6401.0 286.37   0.007858   3.11 206.81 306.89  92204.82
 18.0  6432.0 288.40   0.007517   3.11 270.41 295.78  92058.97
 18.0  6463.0 290.95   0.007694   3.29 282.63 309.85  91817.67
 18.0  6493.0 292.57   0.009674   3.20 278.49 336.45  91646.67
 18.0  6524.0 292.85   0.010702   3.13 268.49 346.69  91573.59
 18.0  6554.0 293.28   0.012129   2.27 237.86 363.21  91375.25
 19.0  6585.0 292.95   0.011969   2.39 235.48 363.22  91323.69
 19.0  6616.0 293.09   0.013317   1.59 237.46 367.69  91362.81
 19.0  6644.0 292.36   0.011562   2.50 284.35 347.33  91547.78
 19.0  6675.0 291.31   0.011513   2.78 230.04 354.26  91771.16
 19.0  6705.0 288.99   0.008725   2.75 245.39 313.56  91915.59
 19.0  6736.0 287.27   0.008166   3.22 203.28 314.58  92212.16
 19.0  6766.0 287.67   0.007972   2.82 218.25 310.12  92221.48
 19.0  6797.0 289.28   0.007392   3.28 263.99 304.41  92020.85
 19.0  6828.0 291.47   0.007686   3.23 286.39 312.25  91845.78
 19.0  6858.0 292.93   0.009827   3.22 259.61 343.45  91607.12
 19.0  6889.0 292.90   0.011275   3.13 218.44 361.17  91514.53
 19.0  6919.0 292.24   0.012730   2.17 213.94 367.81  91467.47
 20.0  6950.0 292.00   0.012729   2.24 170.92 375.18  91399.20
 20.0  6981.0 292.29   0.012549   2.16 206.30 371.06  91324.59
 20.0  7009.0 292.84   0.012995   1.84 224.90 368.21  91378.41
 20.0  7040.0 291.41   0.011907   2.73 211.73 359.96  91656.95
 20.0  7070.0 289.39   0.009219   2.66 235.58 321.32  91810.06
 20.0  7101.0 287.05   0.007756   2.47 231.35 297.30  92040.89
 20.0  7131.0 286.82   0.007594   2.85 234.34 297.37  92065.21
 20.0  7162.0 288.92   0.007872   3.42 262.38 307.94  92170.80
 20.0  7193.0 290.92   0.008767   3.52 263.17 327.91  91994.16
 20.0  7223.0 292.07   0.010422   3.40 252.39 346.87  91771.77
 20.0  7254.0 293.16   0.010828   2.86 277.90 344.98  91573.50
 20.0  7284.0 292.21   0.012977   2.10 185.82 373.91  91420.77
 21.0  7315.0 292.13   0.012849   1.94 201.67 372.56  91334.94
 21.0  7346.0 292.63   0.012220   1.97 219.96 363.21  91366.33
 21.0  7374.0 292.54   0.012864   1.71 229.27 362.31  91366.53
 21.0  7405.0 290.96   0.011404   2.66 220.07 349.97  91606.80
 21.0  7435.0 288.97   0.008581   2.70 244.51 313.27  91757.52
 21.0  7466.0 286.58   0.007930   2.86 206.44 308.11  92037.95
 21.0  7496.0 286.34   0.007196   3.15 232.27 293.33  92252.29
 21.0  7527.0 288.26   0.007072   3.13 265.76 294.91  92153.01
 21.0  7558.0 290.70   0.007978   3.63 263.76 323.92  91971.14
 21.0  7588.0 292.94   0.009080   3.06 288.23 331.22  91609.74
 21.0  7619.0 292.97   0.011426   2.67 235.80 355.76  91491.69
 21.0  7649.0 292.28   0.012639   2.38 214.43 366.06  91362.86
 22.0  7680.0 292.51   0.012440   2.29 229.31 366.43  91285.25
 22.0  7711.0 292.62   0.012484   1.90 236.36 362.83  91451.70
 22.0  7739.0 292.46   0.012795   2.01 235.61 361.48  91419.30
 22.0  7770.0 291.72   0.011468   2.53 236.85 350.99  91533.12
 22.0  7800.0 289.29   0.008827   2.67 245.05 314.79  91862.14
 22.0  7831.0 286.57   0.007668   2.85 226.80 296.20  92043.70
 22.0  7861.0 286.07   0.007144   3.20 228.31 297.79  92121.92
 22.0  7892.0 288.14   0.007281   3.21 277.30 290.61  92132.63
 22.0  7923.0 291.17   0.008274   3.35 282.05 317.61  91926.88
 22.0  7953.0 292.43   0.009206   3.35 285.06 331.75  91754.48
 22.0  7984.0 292.67   0.012067   2.58 253.78 358.49  91572.16
 22.0  8014.0 292.04   0.012226   2.37 206.40 365.08  91328.70
 23.0  8045.0 292.24   0.012083   2.38 232.04 363.52  91348.61
 23.0  8076.0 292.71   0.013063   1.82 248.42 366.63  91432.07
 23.0  8104.0 292.24   0.012502   2.04 231.88 360.14  91436.30
 23.0  8135.0 292.38   0.011365   2.23 277.53 338.57  91483.06
 23.0  8165.0 289.01   0.008832   2.96 233.68 318.59  91921.48
 23.0  8196.0 286.43   0.007655   2.84 229.20 295.11  92091.73
 23.0  8226.0 286.60   0.007245   3.19 237.85 294.75  92199.69
 23.0  8257.0 288.69   0.007010   3.32 271.93 295.69  92154.33
 23.0  8288.0 291.09   0.007372   3.48 299.45 306.16  91915.43
 23.0  8318.0 294.14   0.009255   3.14 285.44 338.18  91495.56
 23.0  8349.0 292.32   0.012577   2.22 212.58 364.74  91596.32
 23.0  8379.0 292.56   0.012712   2.09 219.42 366.00  91441.53
 24.0  8410.0 293.11   0.012729   2.26 237.51 366.20  91333.57
 24.0  8441.0 292.86   0.013176   1.80 225.83 372.70  91395.77
 24.0  8469.0 292.62   0.011509   2.12 270.13 346.36  91569.77
 24.0  8500.0 291.27   0.010842   2.57 249.77 340.03  91601.88
 24.0  8530.0 288.94   0.008514   2.84 249.96 309.73  91852.05
 24.0  8561.0 287.80   0.008442   2.72 220.29 308.42  92054.13
 24.0  8591.0 287.69   0.007266   2.62 245.38 293.42  92051.78
 24.0  8622.0 289.73   0.007315   3.31 273.07 302.66  92155.52
 24.0  8653.0 292.67   0.008486   3.39 265.04 331.58  91801.27
 24.0  8683.0 292.94   0.008648   3.31 253.01 338.94  91666.97
 24.0  8714.0 293.35   0.011608   2.80 250.36 358.33  91515.03
 24.0  8744.0 291.71   0.011639   2.65 174.81 365.40  91348.91
 25.0  8775.0 292.75   0.011461   2.36 224.40 358.62  91355.85
 25.0  8806.0 294.13   0.011949   2.10 281.21 354.15  91316.22
 25.0  8834.0 292.43   0.012852   1.86 214.30 367.14  91479.23
 25.0  8865.0 291.56   0.010514   2.49 272.93 332.02  91714.45
 25.0  8895.0 289.13   0.008422   2.89 256.40 307.19  91909.61
 25.0  8926.0 286.63   0.007759   2.97 216.63 303.68  92069.17
 25.0  8956.0 287.49   0.007098   2.61 251.62 286.74  92092.39
 25.0  8987.0 287.92   0.007127   3.41 248.04 301.59  92195.44
 25.0  9018.0 291.75   0.008595   3.46 253.41 331.32  91854.88
 25.0  9048.0 293.44   0.010437   3.28 268.49 350.25  91626.84
 25.0  9079.0 291.84   0.011989   2.61 208.99 360.83  91513.59
 25.0  9109.0 293.39   0.011773   2.34 276.07 355.50  91372.98
 26.0  9140.0 292.28   0.012828   2.37 204.11 370.69  91264.05
 26.0  9171.0 292.26   0.013044   1.76 202.58 374.53  91302.27
 26.0  9199.0 292.03   0.012625   1.94 221.54 366.46  91505.53
 26.0  9230.0 291.21   0.011393   2.57 230.07 350.69  91636.34
 26.0  9260.0 289.26   0.009571   2.92 221.62 328.61  91813.57
 26.0  9291.0 286.59   0.007665   2.75 229.24 297.57  92107.17
 26.0  9321.0 287.10   0.007520   2.89 240.79 294.40  92221.30
 26.0  9352.0 288.10   0.007317   2.98 261.04 298.35  92183.83
 26.0  9383.0 290.94   0.008275   3.28 278.12 317.50  91969.02
 26.0  9413.0 293.10   0.009929   3.22 272.31 337.43  91626.13
 26.0  9444.0 292.41   0.012010   2.27 220.76 361.73  91437.68
 26.0  9474.0 292.05   0.012622   2.23 187.03 373.65  91449.90
 27.0  9505.0 291.49   0.012454   1.99 173.28 372.34  91436.71
 27.0  9536.0 292.21   0.012106   2.33 199.94 367.79  91271.91
 27.0  9564.0 292.18   0.012536   1.82 225.20 364.30  91400.43
 27.0  9595.0 290.67   0.010873   2.63 220.72 344.79  91649.13
 27.0  9625.0 289.44   0.009849   2.75 206.35 335.58  91795.90
 27.0  9656.0 286.31   0.007599   3.10 226.68 296.83  92063.14
 27.0  9686.0 286.26   0.007148   2.68 239.68 286.57  92057.70
 27.0  9717.0 288.22   0.007502   3.33 262.64 303.34  92095.16
 27.0  9748.0 290.78   0.008133   3.34 266.55 319.53  91948.55
 27.0  9778.0 292.76   0.010123   3.15 265.48 340.51  91618.16
 27.0  9809.0 291.90   0.012025   2.52 206.05 361.72  91477.77
 27.0  9839.0 291.82   0.012864   2.06 182.67 372.73  91321.50
 28.0  9870.0 292.55   0.012490   2.17 205.08 367.34  91231.62
 28.0  9901.0 291.78   0.012366   2.30 194.98 370.36  91301.54
 28.0  9929.0 292.06   0.012700   2.04 212.80 366.57  91453.84
 28.0  9960.0 291.38   0.011269   2.77 241.50 347.37  91593.94
 28.0  9990.0 288.69   0.008788   3.06 232.98 320.01  91928.67
 28.0 10021.0 286.49   0.007373   2.77 245.37 286.74  91965.69
 28.0 10051.0 286.20   0.006973   2.86 240.43 288.44  92139.12
 28.0 10082.0 287.62   0.006976   3.16 272.07 291.87  92076.74
 28.0 10113.0 290.51   0.007609   3.49 272.97 314.15  91948.88
 28.0 10143.0 293.51   0.008740   3.67 296.91 334.28  91725.31
 28.0 10174.0 292.80   0.011695   2.51 262.41 352.20  91479.87
 28.0 10204.0 292.29   0.012743   2.23 220.29 366.07  91416.45
 29.0 10235.0 292.03   0.012601   2.21 181.76 374.08  91342.13
 29.0 10266.0 292.93   0.012771   1.73 209.01 372.53  91353.07
 29.0 10294.0 292.30   0.013004   1.83 220.25 364.84  91437.87
 29.0 10325.0 291.39   0.011123   2.75 240.73 347.66  91635.56
 29.0 10355.0 290.38   0.010021   2.63 231.93 329.96  91704.50
 29.0 10386.0 287.76   0.008459   3.00 212.42 314.97  92123.02
 29.0 10416.0 286.90   0.007618   2.87 225.45 301.10  92137.56
 29.0 10447.0 288.57   0.007434   3.33 261.70 302.61  92168.74
 29.0 10478.0 290.61   0.007840   3.54 278.34 313.96  91952.03
 29.0 10508.0 293.40   0.008052   3.44 299.31 323.22  91589.75
 29.0 10539.0 292.52   0.011694   3.01 207.89 363.98  91561.61
 29.0 10569.0 292.65   0.012873   2.13 212.51 367.17  91409.20
 30.0 10600.0 292.70   0.013037   1.92 219.46 369.01  91374.34
 30.0 10631.0 293.45   0.012490   1.93 251.29 363.74  91469.10
 30.0 10659.0 293.07   0.013012   2.14 248.53 362.88  91498.63
 30.0 10690.0 291.89   0.010523   2.58 269.33 334.05  91632.25
 30.0 10720.0 289.90   0.009478   2.77 209.86 332.21  91825.64
 30.0 10751.0 287.60   0.008130   2.92 212.16 310.24  92111.52
 30.0 10781.0 286.37   0.007321   3.28 220.34 301.22  92265.03
 30.0 10812.0 288.27   0.007291   2.82 249.45 298.20  92059.47
 30.0 10843.0 291.48   0.007566   3.56 286.23 312.92  91931.55
 30.0 10873.0 293.28   0.008882   3.34 266.50 340.57  91674.83
 30.0 10904.0 293.09   0.011642   2.77 227.31 361.24  91522.91
 30.0 10934.0 292.98   0.012916   2.27 229.61 366.13  91409.41
 31.0 10965.0 293.01   0.012834   2.04 225.87 370.51  91418.86
 31.0 10996.0 292.55   0.012718   1.67 204.55 366.49  91473.23
 31.0 11024.0 292.59   0.012962   2.01 226.56 366.01  91457.01
 31.0 11055.0 292.04   0.011802   2.75 233.43 355.95  91515.20
 31.0 11085.0 290.17   0.009550   2.70 240.48 325.39  91834.33
 31.0 11116.0 286.35   0.007553   3.20 225.08 299.68  92161.58
 31.0 11146.0 285.57   0.007345   3.26 212.57 302.30  92254.49
 31.0 11177.0 287.56   0.007045   3.32 269.12 292.80  92221.83
 31.0 11208.0 291.04   0.007811   3.57 280.55 316.49  91996.27
 31.0 11238.0 293.14   0.008384   3.81 315.58 325.57  91789.69
 31.0 11269.0 293.09   0.010968   2.97 246.07 356.42  91594.25
 31.0 11299.0 292.16   0.012645   2.16 210.58 367.15  91481.53
 32.0 11330.0 292.36   0.012662   2.12 208.58 370.72  91401.98
 32.0 11361.0 292.83   0.013304   1.92 220.10 371.02  91338.83
 32.0 11389.0 292.68   0.013146   1.88 216.01 368.73  91469.15
 32.0 11420.0 291.58   0.011936   2.51 214.23 357.46  91562.02
 32.0 11450.0 289.85   0.009346   2.59 241.09 321.31  91814.14
 32.0 11481.0 287.73   0.008158   2.85 233.50 301.08  92012.56
 32.0 11511.0 286.91   0.007818   3.28 221.36 306.46  92225.78
 32.0 11542.0 287.46   0.008803   3.10 183.33 329.29  92141.59
 32.0 11573.0 291.29   0.008090   3.44 301.22 310.67  91868.92
 32.0 11603.0 292.54   0.010111   3.48 275.41 342.99  91714.16
 32.0 11634.0 291.91   0.012127   2.54 196.41 362.13  91486.92
 32.0 11664.0 292.39   0.012325   2.42 204.44 368.54  91391.64
 33.0 11695.0 292.28   0.012404   2.08 201.04 370.62  91434.27
 33.0 11726.0 292.34   0.012708   1.73 217.10 364.36  91435.69
 33.0 11754.0 292.05   0.012782   1.79 205.60 366.33  91411.05
 33.0 11785.0 290.91   0.010900   2.77 241.28 344.13  91659.98
 33.0 11815.0 288.80   0.008835   2.73 239.36 314.49  91872.80
 33.0 11846.0 287.22   0.008137   2.79 224.16 303.30  91991.27
 33.0 11876.0 286.89   0.007239   2.76 249.64 287.82  92096.92
 33.0 11907.0 289.21   0.007630   3.29 270.33 302.06  92029.94
 33.0 11938.0 290.64   0.008033   3.60 271.91 318.24  91872.84
 33.0 11968.0 293.84   0.008893   3.64 299.75 334.27  91597.35
 33.0 11999.0 293.60   0.011547   2.81 259.99 355.24  91432.16
 33.0 12029.0 292.15   0.013037   2.30 194.49 372.50  91372.55
 34.0 12060.0 292.91   0.012670   2.08 224.53 368.06  91388.74
 34.0 12091.0 292.49   0.012905   2.07 206.64 370.28  91360.55
 34.0 12119.0 292.39   0.012924   1.84 215.99 369.15  91500.95
 34.0 12150.0 291.53   0.011560   2.71 226.65 353.24  91547.56
 34.0 12180.0 289.40   0.008974   2.78 242.80 316.82  91871.59
 34.0 12211.0 287.27   0.008121   2.82 216.25 307.24  92091.92
 34.0 12241.0 285.96   0.007175   3.29 236.71 294.11  92253.88
 34.0 12272.0 288.51   0.008369   3.15 221.26 320.52  92109.83
 34.0 12303.0 290.89   0.008621   3.37 260.14 327.41  91823.69
 34.0 12333.0 291.45   0.009278   3.40 257.81 336.15  91833.69
 34.0 12364.0 292.50   0.011791   2.79 258.83 351.62  91523.77
 34.0 12394.0 292.85   0.012634   2.50 227.16 365.99  91412.75
 35.0 12425.0 292.93   0.013046   2.23 214.86 370.75  91351.60
 35.0 12456.0 293.74   0.012315   2.19 280.93 355.45  91484.67
 35.0 12484.0 292.99   0.013605   1.60 213.51 369.70  91410.66
 35.0 12515.0 291.14   0.011675   2.78 207.26 358.73  91674.64
 35.0 12545.0 289.28   0.009689   2.72 219.03 327.92  91805.12
 35.0 12576.0 286.53   0.008351   3.15 188.89 318.53  92094.50
 35.0 12606.0 287.30   0.007919   3.06 227.29 307.61  92130.55
 35.0 12637.0 288.88   0.008406   3.27 244.56 314.38  92094.76
 35.0 12668.0 291.33   0.008386   3.22 292.28 314.66  91851.22
 35.0 12698.0 292.72   0.009184   3.55 299.49 329.88  91668.19
 35.0 12729.0 294.12   0.011404   2.85 280.75 353.98  91434.23
 35.0 12759.0 291.96   0.012510   2.39 190.54 372.03  91370.44
 36.0 12790.0 292.64   0.012469   2.18 228.71 364.10  91309.79
 36.0 12821.0 292.78   0.012655   1.95 234.18 364.43  91402.48
 36.0 12849.0 293.00   0.012446   2.14 271.20 356.28  91380.80
 36.0 12880.0 291.67   0.012057   2.54 216.20 358.76  91481.52
 36.0 12910.0 289.27   0.008646   2.81 250.63 310.99  91825.33
 36.0 12941.0 287.39   0.008240   2.90 217.98 309.52  91967.99
 36.0 12971.0 287.24   0.007414   2.90 247.71 290.93  92125.95
 36.0 13002.0 287.75   0.007856   3.26 237.94 310.20  92091.08
 36.0 13033.0 290.54   0.007809   3.35 278.01 311.47  91937.41
 36.0 13063.0 292.82   0.007836   3.47 308.57 320.68  91747.34
 36.0 13094.0 292.58   0.011609   2.84 228.17 361.08  91486.52
 36.0 13124.0 291.91   0.012716   2.28 188.65 371.73  91395.20
 37.0 13155.0 292.47   0.012274   2.08 226.64 366.49  91356.00
 37.0 13186.0 293.08   0.012030   2.02 257.92 356.33  91409.95
 37.0 13214.0 291.89   0.012622   1.89 217.95 364.16  91477.78
 37.0 13245.0 290.22   0.011177   2.79 190.84 356.88  91619.49
 37.0 13275.0 288.55   0.008789   2.67 245.81 308.63  91864.33
 37.0 13306.0 286.45   0.007468   2.61 239.10 289.81  92064.02
 37.0 13336.0 286.80   0.007448   2.91 241.46 292.18  92214.42
 37.0 13367.0 288.86   0.007530   3.09 265.00 297.28  92008.81
 37.0 13398.0 290.74   0.008805   3.16 253.85 328.60  91920.10
 37.0 13428.0 292.56   0.008352   3.39 285.96 328.28  91763.64
 37.0 13459.0 292.22   0.011845   2.78 208.89 364.13  91464.83
 37.0 13489.0 292.14   0.012696   2.30 195.42 368.70  91468.55
 38.0 13520.0 292.75   0.012206   2.14 214.77 365.05  91447.96
 38.0 13551.0 292.27   0.013075   1.82 208.63 374.67  91429.57
 38.0 13579.0 293.03   0.012367   2.27 261.61 354.77  91467.77
 38.0 13610.0 291.85   0.011464   2.48 231.47 352.46  91644.46
 38.0 13640.0 289.54   0.009756   2.99 208.34 337.54  91836.71
 38.0 13671.0 287.34   0.008536   3.31 192.18 322.00  92011.05
 38.0 13701.0 287.57   0.007986   2.85 230.52 304.42  92138.79
 38.0 13732.0 288.91   0.008232   3.18 242.78 313.05  92176.20
 38.0 13763.0 291.28   0.008519   3.33 272.90 323.14  91925.45
 38.0 13793.0 292.77   0.009426   3.15 255.51 344.61  91630.91
 38.0 13824.0 293.66   0.011684   2.76 273.25 354.96  91441.73
 38.0 13854.0 293.09   0.012196   2.26 233.97 361.07  91440.06
 39.0 13885.0 293.00   0.012237   2.72 214.62 368.16  91201.70
 39.0 13916.0 292.57   0.012540   2.04 240.46 362.44  91382.14
 39.0 13944.0 292.78   0.012450   2.14 248.37 357.09  91460.39
 39.0 13975.0 290.74   0.010984   2.95 234.88 346.11  91663.95
 39.0 14005.0 287.86   0.008748   3.11 208.12 322.37  91972.09
 39.0 14036.0 287.06   0.008069   2.99 213.12 309.34  92154.37
 39.0 14066.0 286.53   0.007177   2.80 244.51 290.70  92038.44
 39.0 14097.0 288.46   0.007347   3.24 271.50 296.36  92035.20
 39.0 14128.0 292.24   0.008338   3.53 281.12 322.90  91719.84
 39.0 14158.0 294.00   0.010013   3.38 290.87 343.57  91564.42
 39.0 14189.0 292.54   0.011989   2.48 224.86 359.82  91470.59
 39.0 14219.0 291.93   0.011938   2.49 230.66 361.02  91388.59
 40.0 14250.0 292.10   0.012588   2.06 217.85 367.86  91285.59
 40.0 14281.0 291.94   0.012705   1.82 217.59 369.33  91392.32
 40.0 14309.0 292.31   0.012258   2.15 249.99 355.96  91463.80
 40.0 14340.0 291.52   0.010816   2.49 266.36 335.01  91642.47
 40.0 14370.0 289.85   0.009550   2.81 221.70 327.19  91872.55
 40.0 14401.0 286.98   0.008284   2.77 211.20 303.92  91955.45
 40.0 14431.0 286.97   0.007495   2.88 242.58 291.46  92180.75
 40.0 14462.0 287.47   0.008082   3.66 204.77 325.23  92220.73
 40.0 14493.0 290.00   0.008057   3.62 252.88 322.58  92048.36
 40.0 14523.0 291.86   0.010337   3.19 230.28 350.94  91779.72
 40.0 14554.0 292.16   0.011489   2.93 236.23 353.60  91572.87
 40.0 14584.0 292.04   0.012761   2.40 205.98 369.27  91397.02
 41.0 14615.0 292.13   0.012755   2.07 174.86 374.28  91314.42
 41.0 14646.0 292.66   0.012696   1.89 214.99 367.50  91301.55
 41.0 14674.0 292.07   0.012466   2.01 218.50 365.44  91538.98
 41.0 14705.0 291.63   0.010936   2.55 250.04 341.54  91618.36
 41.0 14735.0 289.53   0.008891   2.79 241.91 316.74  91854.39
 41.0 14766.0 287.33   0.008287   3.01 205.52 313.17  92185.95
 41.0 14796.0 287.11   0.007534   2.94 242.58 295.73  92220.55
 41.0 14827.0 288.94   0.007386   2.91 269.66 297.22  91971.60
 41.0 14858.0 290.96   0.008082   3.39 281.49 314.86  91784.67
 41.0 14888.0 292.61   0.010087   3.52 259.30 345.64  91617.91
 41.0 14919.0 292.73   0.011070   3.29 265.84 350.47  91620.68
 41.0 14949.0 292.94   0.012391   2.43 245.34 362.37  91332.98
 42.0 14980.0 291.89   0.012757   2.19 186.84 372.50  91286.14
 42.0 15011.0 292.58   0.011881   2.04 220.57 362.39  91337.98
 42.0 15039.0 292.73   0.013134   2.09 240.10 366.39  91442.24
 42.0 15070.0 290.38   0.010959   2.83 211.75 352.13  91720.44
 42.0 15100.0 289.25   0.009016   2.73 245.64 315.23  91821.48
 42.0 15131.0 287.53   0.008138   2.66 233.75 300.47  92014.72
 42.0 15161.0 286.12   0.007248   3.17 221.94 297.99  92357.61
 42.0 15192.0 288.57   0.008215   3.00 234.54 314.68  92099.23
 42.0 15223.0 292.07   0.008795   3.25 275.44 324.77  91819.94
 42.0 15253.0 294.26   0.009067   3.34 296.42 336.61  91522.27
 42.0 15284.0 292.57   0.010534   2.85 270.97 343.45  91479.41
 42.0 15314.0 292.27   0.012996   2.17 207.13 369.75  91414.87
 43.0 15345.0 292.61   0.012712   2.04 205.69 368.94  91280.02
 43.0 15376.0 292.92   0.012634   2.08 258.27 362.15  91419.98
 43.0 15404.0 292.38   0.012963   2.28 214.66 366.10  91399.78
 43.0 15435.0 291.09   0.010958   2.71 239.97 343.58  91656.87
 43.0 15465.0 289.02   0.009160   2.67 219.67 319.75  91866.17
 43.0 15496.0 287.68   0.008502   2.85 206.56 315.14  92023.66
 43.0 15526.0 287.14   0.007739   2.87 228.72 301.34  92166.53
 43.0 15557.0 289.14   0.008046   3.31 253.78 311.74  92081.88
 43.0 15588.0 290.47   0.007813   3.21 263.08 316.64  91959.64
 43.0 15618.0 293.02   0.009348   2.99 283.68 333.81  91639.76
 43.0 15649.0 291.87   0.011994   2.69 199.33 364.29  91502.77
 43.0 15679.0 292.40   0.011902   2.21 236.67 360.20  91391.53
 44.0 15710.0 292.12   0.012355   2.45 202.91 368.92  91206.41
 44.0 15741.0 291.97   0.012420   2.46 218.72 368.28  91223.59
 44.0 15769.0 292.14   0.013045   1.78 227.77 364.48  91379.72
 44.0 15800.0 290.95   0.010980   2.80 236.92 346.30  91657.68
 44.0 15830.0 289.84   0.009661   2.33 235.78 323.66  91678.86
 44.0 15861.0 287.31   0.008422   3.35 209.38 316.44  92101.64
 44.0 15891.0 286.51   0.007273   2.72 246.31 290.58  92085.52
 44.0 15922.0 288.07   0.007481   3.30 260.26 302.48  92130.34
 44.0 15953.0 289.54   0.007958   3.26 261.54 314.88  91919.08
 44.0 15983.0 291.55   0.010376   3.16 269.35 340.39  91652.72
 44.0 16014.0 291.56   0.011966   2.24 199.35 361.31  91487.66
 44.0 16044.0 291.82   0.012232   2.52 194.79 370.58  91310.52
 45.0 16075.0 291.64   0.012431   2.04 198.54 368.05  91389.30
 45.0 16106.0 292.30   0.012666   1.96 218.28 366.30  91378.75
 45.0 16134.0 291.54   0.012160   1.89 183.75 365.32  91348.47
 45.0 16165.0 291.44   0.011313   2.62 255.15 346.78  91646.48
 45.0 16195.0 288.45   0.008881   3.15 221.44 322.91  91995.21
 45.0 16226.0 286.65   0.007870   2.94 225.27 301.91  92076.47
 45.0 16256.0 286.29   0.007302   3.09 236.32 293.73  92225.79
 45.0 16287.0 288.16   0.007436   3.40 257.68 303.67  92139.37
 45.0 16318.0 291.10   0.008136   3.42 286.89 316.26  91856.41
 45.0 16348.0 292.51   0.009324   3.45 282.86 334.82  91666.45
 45.0 16379.0 293.29   0.010953   2.85 251.24 353.78  91558.87
 45.0 16409.0 291.81   0.012404   2.06 190.06 366.01  91428.19
 46.0 16440.0 292.12   0.012369   2.17 190.71 368.80  91318.62
 46.0 16471.0 292.33   0.012220   2.44 210.85 369.28  91310.12
 46.0 16499.0 291.92   0.012479   1.80 204.47 364.23  91477.66
 46.0 16530.0 291.56   0.011659   2.68 235.11 353.87  91664.28
 46.0 16560.0 288.79   0.008949   2.67 231.40 315.61  91763.27
 46.0 16591.0 286.41   0.007875   3.14 212.83 306.39  92114.45
 46.0 16621.0 286.71   0.007386   2.84 240.43 291.75  92175.11
 46.0 16652.0 287.43   0.008030   3.49 226.50 314.92  92237.41
 46.0 16683.0 290.17   0.008153   3.11 255.43 320.18  92023.74
 46.0 16713.0 292.74   0.008991   2.97 289.47 327.18  91719.32
 46.0 16744.0 293.55   0.010985   2.80 271.99 349.99  91484.97
 46.0 16774.0 292.37   0.012822   2.25 200.15 372.29  91408.63
 47.0 16805.0 292.74   0.012445   2.13 215.76 370.60  91302.98
 47.0 16836.0 293.18   0.013032   1.76 236.71 369.45  91367.87
 47.0 16864.0 292.36   0.012352   2.03 255.49 356.13  91505.20
 47.0 16895.0 291.90   0.011083   2.58 256.69 342.68  91631.66
 47.0 16925.0 289.97   0.008910   2.49 243.28 317.24  91838.01
 47.0 16956.0 287.41   0.007994   2.82 226.61 301.12  91973.17
 47.0 16986.0 287.47   0.007457   2.79 241.64 293.46  92126.07
 47.0 17017.0 289.81   0.007794   3.12 270.76 305.92  91964.66
 47.0 17048.0 291.72   0.008007   3.37 276.37 317.07  91875.71
 47.0 17078.0 293.16   0.008897   3.64 282.20 334.60  91707.71
 47.0 17109.0 292.92   0.010665   3.04 256.00 348.66  91528.67
 47.0 17139.0 292.79   0.012886   1.96 220.28 367.52  91358.88
 48.0 17170.0 292.48   0.012795   2.21 204.21 372.29  91329.50
 48.0 17201.0 292.29   0.012924   1.78 212.13 368.90  91475.14
 48.0 17229.0 292.26   0.012621   1.76 220.92 362.80  91479.75
 48.0 17260.0 291.67   0.011745   2.68 230.49 353.72  91608.38
 48.0 17290.0 289.75   0.009875   3.00 218.66 333.34  91869.91
 48.0 17321.0 288.06   0.008634   2.60 222.48 307.73  91905.45
 48.0 17351.0 287.33   0.007885   3.04 230.79 302.61  92040.48
 48.0 17382.0 288.45   0.007913   3.44 249.49 309.11  92114.14
 48.0 17413.0 290.83   0.008336   3.44 264.15 323.43  91950.27
 48.0 17443.0 292.83   0.010154   3.29 277.98 342.56  91544.34
 48.0 17474.0 293.29   0.010438   2.84 286.24 339.74  91431.64
 48.0 17504.0 291.69   0.012732   2.08 166.81 374.69  91306.45
 49.0 17535.0 291.98   0.012740   1.90 195.36 370.13  91279.23
 49.0 17566.0 292.01   0.012808   1.85 203.34 371.04  91274.34
 49.0 17594.0 292.13   0.011987   2.25 256.48 353.73  91458.22
 49.0 17625.0 291.93   0.011050   2.50 263.30 340.17  91661.99
 49.0 17655.0 289.48   0.009770   2.76 189.14 339.72  91804.26
 49.0 17686.0 287.11   0.008370   2.99 182.83 321.64  92020.39
 49.0 17716.0 286.79   0.007382   2.91 239.95 294.72  92168.16
 49.0 17747.0 288.45   0.007638   3.18 246.79 305.97  91986.55
 49.0 17778.0 291.61   0.008288   3.30 279.03 317.63  91736.16
 49.0 17808.0 292.06   0.010410   3.13 243.43 345.25  91533.55
 49.0 17839.0 291.60   0.011813   2.77 213.51 360.44  91498.05
 49.0 17869.0 292.07   0.012792   2.24 198.27 369.63  91369.13
 50.0 17900.0 292.83   0.013043   2.05 214.21 370.70  91239.16
 50.0 17931.0 292.77   0.012973   1.91 215.86 370.80  91367.17
 50.0 17959.0 292.88   0.012012   2.06 275.05 353.92  91428.50
 50.0 17990.0 291.42   0.010667   2.71 256.28 339.50  91759.26
 50.0 18020.0 289.73   0.009134   2.77 235.39 322.73  91875.87
 50.0 18051.0 286.67   0.007896   3.07 213.81 305.53  92133.29
 50.0 18081.0 286.34   0.007103   3.10 237.37 292.98  92311.66
 50.0 18112.0 288.68   0.007478   3.18 247.13 307.85  92114.51
 50.0 18143.0 290.03   0.008065   3.55 264.03 319.40  92018.54
 50.0 18173.0 293.46   0.009040   3.47 299.35 333.65  91640.15
 50.0 18204.0 292.60   0.012179   2.56 226.35 363.38  91608.00
 50.0 18234.0 291.86   0.012455   2.37 211.12 366.63  91481.27
 51.0 18265.0 292.99   0.012518   2.07 244.59 359.92  91342.56
 51.0 18296.0 292.92   0.012385   2.29 250.03 360.92  91431.28
 51.0 18324.0 293.45   0.012184   2.09 274.21 352.65  91438.57
 51.0 18355.0 291.44   0.010867   2.74 235.89 347.42  91557.84
 51.0 18385.0 289.03   0.008639   2.80 226.26 318.57  91739.32
 51.0 18416.0 287.19   0.008209   2.75 218.46 305.71  92043.83
 51.0 18446.0 286.59   0.007079   3.11 229.03 295.32  92166.19
 51.0 18477.0 288.09   0.006946   3.29 272.48 292.08  92114.39
 51.0 18508.0 290.26   0.007404   3.61 263.83 314.70  91946.21
 51.0 18538.0 292.45   0.009505   3.38 264.22 339.60  91614.77
 51.0 18569.0 292.91   0.009965   2.98 248.83 347.76  91436.15
 51.0 18599.0 292.11   0.011745   2.51 222.64 358.23  91305.04
 52.0 18630.0 291.29   0.011760   2.79 174.32 367.47  91299.77
 52.0 18661.0 291.82   0.012820   1.75 211.56 368.18  91359.68
 52.0 18689.0 292.07   0.012713   1.85 225.74 365.24  91453.41
 52.0 18720.0 290.25   0.010427   2.67 225.24 340.23  91712.25
 52.0 18750.0 289.42   0.009896   3.02 201.61 337.38  91848.30
 52.0 18781.0 286.06   0.007735   2.96 204.99 304.96  92138.47
 52.0 18811.0 286.30   0.007370   3.20 226.32 298.65  92239.62
 52.0 18842.0 288.52   0.007921   3.26 253.84 307.71  92181.16
 52.0 18873.0 290.65   0.009043   3.15 245.58 331.68  91912.42
 52.0 18903.0 293.21   0.009999   3.12 268.19 342.70  91617.85
 52.0 18934.0 292.13   0.012204   2.39 204.46 364.07  91424.05
 52.0 18964.0 292.21   0.012688   2.19 208.19 367.31  91431.38
 53.0 18995.0 292.18   0.012640   2.27 202.50 369.59  91211.98
 53.0 19026.0 292.21   0.012928   1.85 228.37 365.77  91389.38
 53.0 19054.0 291.87   0.013042   1.91 199.29 370.54  91443.73
 53.0 19085.0 290.61   0.010853   2.88 233.06 344.12  91639.26
 53.0 19115.0 288.65   0.009173   2.88 221.51 322.50  91839.15
 53.0 19146.0 286.80   0.008019   2.58 217.60 302.01  92131.05
 53.0 19176.0 286.87   0.007698   2.98 223.72 305.36  92174.41
 53.0 19207.0 286.53   0.007469   3.52 244.21 303.23  92143.55
 53.0 19238.0 289.75   0.007441   3.44 285.56 306.05  91948.23
 53.0 19268.0 291.24   0.009691   3.31 246.20 341.13  91757.61
 53.0 19299.0 293.16   0.010972   2.76 244.54 353.82  91372.06
 53.0 19329.0 291.49   0.011223   2.40 224.04 353.84  91380.42
 54.0 19360.0 292.26   0.011847   2.11 226.62 358.92  91306.33
 54.0 19391.0 292.39   0.012663   1.85 242.63 362.30  91355.07
 54.0 19419.0 291.80   0.011703   2.28 248.81 350.32  91467.73
 54.0 19450.0 290.78   0.011032   2.89 218.08 351.33  91609.77
 54.0 19480.0 290.22   0.009698   2.47 246.16 321.39  91642.81
 54.0 19511.0 286.89   0.007815   2.55 230.94 295.43  91883.83
 54.0 19541.0 287.27   0.007733   2.97 244.17 296.78  92049.17
 54.0 19572.0 288.12   0.007930   3.10 241.68 308.48  92068.01
 54.0 19603.0 291.33   0.008179   3.26 279.50 318.52  91896.72
 54.0 19633.0 292.16   0.009445   3.42 258.65 338.06  91727.97
 54.0 19664.0 292.79   0.010754   2.83 251.36 345.96  91573.03
 54.0 19694.0 293.15   0.012021   2.64 249.22 360.18  91395.32
 55.0 19725.0 291.75   0.012600   2.24 187.82 374.52  91268.73
 55.0 19756.0 292.08   0.012371   1.84 199.68 366.17  91334.41
 55.0 19784.0 292.86   0.012191   2.06 279.48 354.74  91391.88
 55.0 19815.0 291.72   0.011692   2.31 230.39 352.31  91569.36
 55.0 19845.0 289.64   0.009441   2.78 225.34 326.73  91736.54
 55.0 19876.0 286.71   0.007773   2.79 224.91 301.02  91926.95
 55.0 19906.0 286.61   0.007148   2.86 248.20 287.32  92182.16
 55.0 19937.0 288.89   0.007418   3.32 269.22 301.07  92127.24
 55.0 19968.0 291.68   0.008041   3.49 285.12 320.59  91923.16
 55.0 19998.0 293.24   0.009090   3.51 292.33 335.86  91658.05
 55.0 20029.0 293.59   0.010944   3.07 269.62 351.10  91510.15
 55.0 20059.0 292.03   0.012392   2.24 210.79 367.99  91481.43
 56.0 20090.0 292.03   0.012416   2.05 191.01 370.42  91365.03
 56.0 20121.0 291.67   0.012537   2.00 189.10 372.67  91397.37
 56.0 20149.0 292.58   0.012289   2.19 250.02 356.01  91479.07
 56.0 20180.0 291.64   0.011608   2.51 237.21 349.71  91565.33
 56.0 20210.0 289.52   0.009891   2.76 199.79 337.82  91845.15
 56.0 20241.0 286.51   0.007859   3.10 209.14 306.64  92008.02
 56.0 20271.0 285.90   0.007297   3.03 228.36 295.41  92103.58
 56.0 20302.0 288.09   0.007401   3.38 266.97 297.40  92146.19
 56.0 20333.0 291.00   0.008346   3.39 264.00 323.26  91991.64
 56.0 20363.0 292.57   0.009217   3.33 266.36 339.14  91749.25
 56.0 20394.0 293.42   0.010313   2.83 269.90 343.99  91559.91
 56.0 20424.0 292.48   0.012810   2.26 211.68 369.59  91361.60
 57.0 20455.0 292.11   0.012559   2.27 185.38 373.43  91297.19
 57.0 20486.0 292.45   0.012833   2.02 210.79 371.72  91384.53
 57.0 20514.0 292.39   0.012935   2.00 232.54 366.02  91414.45
 57.0 20545.0 291.36   0.011812   2.45 210.90 357.10  91554.77
 57.0 20575.0 289.27   0.009186   2.77 234.49 320.42  91780.70
 57.0 20606.0 286.45   0.007553   2.84 237.70 291.81  92021.83
 57.0 20636.0 287.09   0.008055   3.09 205.90 315.60  92161.74
 57.0 20667.0 288.31   0.007346   3.14 274.35 295.96  92073.52
 57.0 20698.0 291.96   0.008390   3.32 292.31 319.36  91863.42
 57.0 20728.0 292.23   0.010273   3.28 245.13 349.53  91721.64
 57.0 20759.0 292.83   0.011253   2.59 268.34 348.98  91483.39
 57.0 20789.0 292.22   0.012711   2.28 208.17 367.06  91441.78
 58.0 20820.0 292.63   0.012314   1.89 249.59 363.26  91344.09
 58.0 20851.0 292.28   0.012223   2.06 206.93 367.52  91320.23
 58.0 20879.0 292.08   0.012560   2.09 227.32 362.94  91402.11
 58.0 20910.0 290.64   0.010913   2.58 237.28 341.16  91627.17
 58.0 20940.0 289.12   0.009346   2.94 213.32 330.90  91875.84
 58.0 20971.0 286.32   0.007973   2.97 205.57 309.56  92055.47
 58.0 21001.0 286.48   0.007618   3.15 227.46 299.05  92159.69
 58.0 21032.0 287.73   0.007252   3.09 269.38 294.34  92178.28
 58.0 21063.0 290.91   0.007932   3.38 275.49 317.43  91961.12
 58.0 21093.0 294.11   0.008518   3.53 315.19 327.92  91680.84
 58.0 21124.0 295.18   0.010053   3.21 294.64 348.87  91451.02
 58.0 21154.0 292.02   0.012667   2.32 203.52 369.30  91335.38
 59.0 21185.0 292.15   0.012713   2.21 196.27 373.10  91320.48
 59.0 21216.0 292.46   0.012617   1.81 197.34 367.55  91299.18
 59.0 21244.0 292.37   0.011983   2.11 258.46 353.85  91408.45
 59.0 21275.0 290.80   0.011350   2.54 208.24 353.08  91571.73
 59.0 21305.0 288.77   0.008960   2.90 232.38 319.37  91869.45
 59.0 21336.0 287.44   0.007907   2.45 244.03 292.04  91930.29
 59.0 21366.0 286.03   0.006957   2.97 243.93 285.21  92116.94
 59.0 21397.0 287.36   0.007028   3.36 261.03 294.04  92027.26
 59.0 21428.0 291.43   0.008292   3.33 274.07 322.48  91852.59
 59.0 21458.0 292.42   0.009742   3.39 274.29 337.86  91685.27
 59.0 21489.0 292.11   0.011989   2.81 224.89 361.04  91435.06
 59.0 21519.0 292.35   0.012691   2.18 220.36 364.19  91349.80
 60.0 21550.0 292.08   0.012413   2.11 210.89 366.24  91307.04
 60.0 21581.0 292.43   0.012628   1.69 221.56 364.10  91333.83
 60.0 21609.0 292.19   0.012155   2.09 240.11 357.49  91431.76
 60.0 21640.0 291.74   0.011046   2.61 255.81 343.80  91598.63
 60.0 21670.0 288.72   0.008450   2.97 237.62 313.65  91799.81
 60.0 21701.0 286.80   0.007877   2.65 223.91 298.38  91953.00
 60.0 21731.0 286.67   0.007266   2.66 252.74 286.08  91995.77
 60.0 21762.0 289.75   0.007354   2.97 278.11 299.99  91852.97
 60.0 21793.0 291.95   0.007433   3.52 309.80 309.63  91818.30
 60.0 21823.0 292.91   0.009518   3.58 280.96 338.64  91710.86
 60.0 21854.0 292.45   0.011818   2.54 219.66 362.07  91380.47
 60.0 21884.0 292.28   0.011732   2.26 240.41 354.71  91351.49
 61.0 21915.0 291.37   0.012176   2.75 172.26 372.18  91197.72
 61.0 21946.0 292.31   0.012679   2.12 221.37 368.05  91301.16
 61.0 21974.0 292.06   0.012353   1.91 221.33 359.18  91433.02
 61.0 22005.0 290.60   0.010594   2.73 238.28 340.59  91631.62
 61.0 22035.0 289.74   0.009857   2.72 210.19 334.65  91802.76
 61.0 22066.0 287.07   0.007862   2.75 232.52 296.32  92020.19
 61.0 22096.0 287.14   0.007605   2.82 242.04 294.12  92126.88
 61.0 22127.0 287.84   0.007153   3.31 269.34 295.18  92083.48
 61.0 22158.0 290.72   0.007909   3.43 288.09 310.90  91968.12
 61.0 22188.0 291.57   0.009168   2.95 271.20 328.86  91742.63
 61.0 22219.0 291.98   0.011892   2.69 215.48 361.83  91440.19
 61.0 22249.0 291.89   0.012552   2.36 189.36 367.58  91379.81
 62.0 22280.0 292.68   0.012416   1.93 242.76 362.24  91419.16
 62.0 22311.0 291.83   0.012613   1.93 181.44 369.23  91287.00
 62.0 22339.0 291.93   0.012888   1.98 210.24 367.10  91449.46
 62.0 22370.0 290.86   0.011203   2.79 237.04 346.78  91619.83
 62.0 22400.0 288.75   0.008652   2.75 240.40 313.52  91831.02
 62.0 22431.0 287.08   0.007989   2.71 223.42 303.57  92011.36
 62.0 22461.0 286.05   0.007279   3.13 235.08 294.17  92136.06
 62.0 22492.0 288.03   0.007468   3.12 258.40 299.41  92074.71
 62.0 22523.0 291.78   0.008747   3.34 281.27 322.32  91844.39
 62.0 22553.0 292.96   0.007787   3.26 304.32 317.37  91771.80
 62.0 22584.0 291.97   0.012245   2.36 182.14 368.38  91485.52
 62.0 22614.0 292.26   0.012037   2.37 228.20 359.78  91424.91
 63.0 22645.0 292.62   0.012666   2.01 229.31 366.52  91437.15
 63.0 22676.0 292.43   0.012499   1.79 215.14 367.96  91414.84
 63.0 22704.0 292.24   0.012936   1.94 221.78 364.67  91522.89
 63.0 22735.0 291.02   0.011715   2.73 211.49 355.87  91557.59
 63.0 22765.0 288.60   0.009059   2.65 237.83 313.24  91797.83
 63.0 22796.0 286.23   0.007614   3.10 221.84 302.37  92137.38
 63.0 22826.0 286.78   0.007743   3.00 216.81 306.22  92240.97
 63.0 22857.0 288.89   0.007995   3.20 252.33 309.26  92132.22
 63.0 22888.0 290.15   0.007532   3.50 284.93 308.33  92064.50
 63.0 22918.0 291.86   0.010127   3.50 258.64 340.65  91763.03
 63.0 22949.0 292.62   0.012301   2.73 231.07 362.20  91566.73
 63.0 22979.0 291.79   0.012612   2.15 174.24 371.61  91427.54
 64.0 23010.0 292.88   0.012238   2.34 201.71 368.35  91266.55
 64.0 23041.0 292.15   0.012966   1.86 209.69 369.83  91450.11
 64.0 23069.0 291.90   0.012947   2.02 198.19 370.71  91500.89
 64.0 23100.0 291.24   0.010691   2.70 246.99 342.40  91684.12
 64.0 23130.0 289.65   0.009720   2.66 201.92 335.38  91836.30
 64.0 23161.0 287.56   0.008344   2.57 223.22 304.79  92001.05
 64.0 23191.0 286.99   0.007753   3.22 224.36 306.37  92242.57
 64.0 23222.0 289.64   0.008095   2.94 266.67 308.24  92035.12
 64.0 23253.0 291.33   0.008435   3.61 280.40 323.29  91926.48
 64.0 23283.0 293.30   0.009667   3.14 291.49 335.30  91517.52
 64.0 23314.0 292.93   0.011992   2.52 217.49 362.72  91409.81
 64.0 23344.0 292.79   0.012329   2.46 214.35 366.89  91307.33
 65.0 23375.0 292.42   0.012636   1.97 207.15 367.00  91222.42
 65.0 23406.0 292.72   0.012724   1.96 219.05 369.07  91307.12
 65.0 23434.0 292.72   0.012519   1.99 220.77 362.03  91306.18
 65.0 23465.0 291.04   0.010397   2.64 258.73 333.01  91692.56
 65.0 23495.0 288.51   0.009039   2.91 209.57 326.31  91866.51
 65.0 23526.0 285.81   0.007458   3.09 220.10 297.88  92081.70
 65.0 23556.0 286.04   0.007227   3.26 224.32 299.26  92201.80
 65.0 23587.0 287.67   0.007069   2.91 260.74 294.40  91969.77
 65.0 23618.0 291.65   0.008897   3.33 268.84 329.43  91715.39
 65.0 23648.0 291.90   0.010845   2.97 248.76 344.67  91484.47
 65.0 23679.0 292.12   0.010706   2.88 272.90 340.91  91580.97
 65.0 23709.0 291.85   0.012215   2.16 208.50 365.64  91420.13
 66.0 23740.0 292.33   0.012447   2.09 243.46 365.52  91316.58
 66.0 23771.0 291.56   0.012225   1.88 195.63 364.79  91391.93
 66.0 23799.0 291.86   0.012673   1.84 207.36 366.18  91425.28
 66.0 23830.0 291.26   0.011334   2.50 235.08 346.72  91529.08
 66.0 23860.0 289.44   0.009718   2.65 214.20 332.42  91797.37
 66.0 23891.0 287.21   0.008123   2.84 216.73 307.48  92052.89
 66.0 23921.0 286.37   0.007338   2.94 239.31 291.04  92088.30
 66.0 23952.0 287.12   0.007271   3.32 259.79 296.89  92151.39
 66.0 23983.0 291.06   0.008889   3.20 257.69 329.43  91857.27
 66.0 24013.0 291.46   0.009429   3.18 261.52 333.09  91621.65
 66.0 24044.0 292.58   0.011303   2.66 236.29 355.82  91581.36
 66.0 24074.0 291.41   0.012545   2.09 167.17 371.95  91479.23
 67.0 24105.0 292.04   0.012302   2.25 195.78 370.16  91400.13
 67.0 24136.0 292.51   0.012611   1.86 233.93 365.06  91440.80
 67.0 24164.0 292.46   0.012393   2.06 247.17 360.03  91514.33
 67.0 24195.0 291.33   0.011045   2.69 242.64 343.86  91606.80
 67.0 24225.0 289.46   0.008931   2.57 249.03 312.24  91763.44
 67.0 24256.0 287.16   0.007777   2.98 225.35 302.41  92019.50
 67.0 24286.0 286.60   0.007471   2.88 232.74 295.25  92150.10
 67.0 24317.0 289.33   0.008035   3.07 265.21 308.20  92001.42
 67.0 24348.0 290.30   0.008003   3.46 253.59 320.10  91860.47
 67.0 24378.0 293.10   0.009260   3.24 266.78 335.47  91471.69
 67.0 24409.0 291.75   0.012485   2.63 189.67 367.43  91449.74
 67.0 24439.0 291.86   0.012525   2.04 185.59 368.29  91412.15
 68.0 24470.0 292.70   0.012444   2.45 209.03 371.06  91254.76
 68.0 24501.0 291.97   0.013186   1.86 173.17 377.10  91338.49
 68.0 24529.0 292.79   0.011880   2.08 257.54 355.99  91484.53
 68.0 24560.0 292.20   0.011878   2.13 250.63 348.30  91566.74
 68.0 24590.0 289.64   0.009429   2.78 228.48 327.32  91805.44
 68.0 24621.0 287.68   0.008281   2.36 228.04 300.64  91885.42
 68.0 24651.0 286.83   0.007442   2.84 243.17 292.59  92049.33
 68.0 24682.0 288.26   0.007287   3.23 260.42 299.51  92100.34
 68.0 24713.0 290.32   0.007621   3.23 264.01 315.74  91995.30
 68.0 24743.0 292.74   0.009767   3.45 285.40 333.94  91670.86
 68.0 24774.0 293.47   0.011917   2.61 265.91 357.49  91381.35
 68.0 24804.0 293.48   0.012418   2.39 266.61 359.82  91276.46
 69.0 24835.0 292.15   0.012550   2.37 190.82 374.65  91274.70
 69.0 24866.0 292.84   0.012537   1.98 232.12 368.91  91309.52
 69.0 24894.0 292.38   0.012594   2.01 227.58 362.33  91472.72
 69.0 24925.0 291.17   0.011231   2.61 236.08 346.77  91616.30
 69.0 24955.0 289.15   0.009066   2.84 228.05 321.96  91887.58
 69.0 24986.0 287.17   0.007766   2.58 232.24 295.56  91920.37
 69.0 25016.0 287.02   0.007669   2.97 231.34 298.40  92155.84
 69.0 25047.0 288.42   0.007485   3.32 263.59 300.43  92173.48
 69.0 25078.0 290.34   0.008075   3.35 250.57 323.88  91933.53
 69.0 25108.0 291.82   0.009464   3.44 271.18 333.23  91700.66
 69.0 25139.0 292.51   0.010082   2.83 277.91 342.19  91574.62
 69.0 25169.0 292.61   0.011999   2.24 231.31 360.03  91418.52
 70.0 25200.0 292.24   0.012561   1.81 206.24 365.44  91331.65
 70.0 25231.0 292.52   0.012927   2.12 218.93 371.77  91336.95
 70.0 25259.0 292.20   0.012487   2.26 213.90 366.43  91459.88
 70.0 25290.0 291.89   0.012195   2.35 231.23 356.35  91563.48
 70.0 25320.0 289.71   0.009278   2.67 247.53 315.85  91728.96
 70.0 25351.0 287.70   0.008300   2.84 225.53 305.60  92049.94
 70.0 25381.0 286.88   0.007550   3.14 225.81 302.04  92117.66
 70.0 25412.0 289.45   0.007799   3.14 268.95 303.15  92057.48
 70.0 25443.0 291.57   0.008208   3.65 278.63 323.49  91951.37
 70.0 25473.0 293.39   0.008775   3.32 285.07 336.11  91724.62
 70.0 25504.0 293.90   0.010739   2.91 275.34 347.12  91590.09
 70.0 25534.0 291.75   0.012548   2.12 173.39 370.53  91355.95
 71.0 25565.0 292.67   0.012293   2.52 222.15 369.88  91334.73
 71.0 25596.0 292.40   0.013270   1.75 224.76 370.11  91447.70
 71.0 25624.0 292.80   0.012684   1.99 249.12 359.67  91418.58
 71.0 25655.0 291.33   0.011367   2.80 242.19 349.97  91631.45
 71.0 25685.0 288.58   0.008423   2.60 241.97 306.69  91825.78
 71.0 25716.0 287.32   0.008166   2.69 215.07 307.74  92080.84
 71.0 25746.0 287.13   0.007566   2.62 244.86 291.26  92190.89
 71.0 25777.0 288.75   0.007147   2.71 274.67 292.36  91982.76
 71.0 25808.0 291.39   0.009216   3.09 251.23 330.35  91733.71
 71.0 25838.0 292.30   0.009414   3.41 260.81 336.63  91611.82
 71.0 25869.0 292.92   0.011845   3.14 230.43 361.62  91479.23
 71.0 25899.0 291.69   0.012918   2.33 178.05 375.27  91271.25
 72.0 25930.0 292.29   0.012777   2.47 200.24 371.23  91188.34
 72.0 25961.0 291.72   0.012772   1.84 174.71 373.15  91489.55
 72.0 25989.0 291.99   0.013289   1.65 201.88 369.00  91405.65
 72.0 26020.0 291.03   0.011669   2.58 209.89 357.22  91618.35
 72.0 26050.0 289.48   0.009562   2.76 232.89 324.51  91749.31
 72.0 26081.0 286.78   0.007668   2.65 226.87 297.65  91887.57
 72.0 26111.0 285.55   0.007114   3.04 232.55 291.21  92038.34
 72.0 26142.0 288.10   0.007621   2.99 265.73 298.65  92096.20
 72.0 26173.0 291.16   0.008376   3.27 275.51 321.82  91900.88
 72.0 26203.0 291.44   0.009918   3.16 229.79 345.55  91677.69
 72.0 26234.0 291.99   0.011759   2.59 234.27 353.45  91513.41
 72.0 26264.0 292.19   0.012801   2.19 179.95 373.62  91373.83
 73.0 26295.0 292.20   0.012239   2.12 215.17 364.53  91316.36
 73.0 26326.0 291.79   0.012568   1.97 193.95 369.29  91392.33
 73.0 26354.0 292.94   0.012081   2.10 284.77 349.74  91458.81
 73.0 26385.0 291.16   0.011323   2.81 222.09 353.81  91738.57
 73.0 26415.0 288.38   0.008784   3.01 216.20 321.62  92006.62
 73.0 26446.0 286.54   0.007671   2.92 228.94 299.48  92121.20
 73.0 26476.0 287.32   0.007420   2.52 251.54 287.45  91908.91
 73.0 26507.0 288.48   0.007391   3.25 259.19 301.39  92078.69
 73.0 26538.0 291.05   0.007877   3.51 268.62 321.85  91992.77
 73.0 26568.0 292.50   0.009928   3.25 269.35 338.71  91663.75
 73.0 26599.0 292.73   0.011702   2.78 237.08 360.06  91536.12
 73.0 26629.0 292.54   0.012496   2.43 222.27 365.08  91425.73
 74.0 26660.0 291.15   0.012431   2.30 153.12 375.61  91314.12
 74.0 26691.0 291.77   0.012538   2.01 199.12 367.93  91284.90
 74.0 26719.0 292.36   0.012305   1.82 233.07 357.00  91408.80
 74.0 26750.0 291.58   0.011682   2.44 219.18 352.76  91530.83
 74.0 26780.0 289.51   0.009250   2.72 231.84 322.23  91790.62
 74.0 26811.0 287.39   0.008233   3.22 212.59 313.98  92042.67
 74.0 26841.0 287.05   0.007818   3.06 210.95 312.98  92137.43
 74.0 26872.0 288.17   0.007476   3.38 244.24 308.18  92165.41
 74.0 26903.0 290.93   0.008762   3.38 262.51 327.96  91850.64
 74.0 26933.0 292.11   0.010452   3.06 263.88 345.21  91634.27
 74.0 26964.0 291.38   0.011778   2.53 210.25 359.49  91613.36
 74.0 26994.0 292.19   0.012337   2.38 201.85 367.05  91370.77
 75.0 27025.0 292.24   0.012304   2.12 211.41 365.09  91355.21
 75.0 27056.0 291.83   0.012313   2.33 177.34 371.95  91275.98
 75.0 27084.0 292.14   0.012604   1.87 211.88 365.33  91483.64
 75.0 27115.0 291.43   0.012061   2.42 205.56 359.54  91662.98
 75.0 27145.0 290.31   0.009979   2.69 227.99 331.48  91754.49
 75.0 27176.0 288.27   0.008994   2.82 205.77 320.51  91912.11
 75.0 27206.0 287.40   0.008167   3.02 212.08 311.48  92179.21
 75.0 27237.0 287.37   0.007319   3.02 247.05 301.53  92154.38
 75.0 27268.0 291.08   0.008034   3.39 284.33 316.40  91961.68
 75.0 27298.0 292.45   0.009523   2.99 274.34 334.76  91697.42
 75.0 27329.0 293.93   0.010443   3.00 264.46 349.59  91432.14
 75.0 27359.0 292.32   0.012601   1.98 196.34 367.37  91361.48
 76.0 27390.0 292.12   0.012517   2.08 224.81 368.46  91444.19
 76.0 27421.0 292.93   0.012609   1.98 236.38 365.31  91421.36
 76.0 27449.0 292.62   0.012951   1.79 206.08 370.53  91433.55
 76.0 27480.0 291.64   0.011636   2.50 226.18 350.92  91578.27
 76.0 27510.0 289.17   0.009030   2.88 238.21 318.40  91876.63
 76.0 27541.0 286.29   0.007560   2.74 228.49 293.82  92157.98
 76.0 27571.0 286.68   0.007510   2.88 228.11 301.23  92158.45
 76.0 27602.0 289.19   0.007706   3.07 268.61 304.11  92044.16
 76.0 27633.0 291.72   0.008631   3.37 278.14 324.67  91887.28
 76.0 27663.0 293.51   0.009333   3.43 288.11 337.99  91630.66
 76.0 27694.0 292.77   0.011290   2.60 233.08 355.45  91468.97
 76.0 27724.0 291.81   0.012038   2.50 207.79 365.72  91313.06
 77.0 27755.0 292.25   0.012697   2.02 219.35 369.62  91255.11
 77.0 27786.0 292.22   0.012731   1.80 215.35 368.17  91299.98
 77.0 27814.0 292.10   0.012602   1.85 221.84 363.70  91293.44
 77.0 27845.0 290.62   0.011304   2.68 208.51 353.23  91599.36
 77.0 27875.0 288.72   0.010006   3.16 186.64 342.80  91834.48
 77.0 27906.0 287.12   0.008196   2.86 208.38 309.27  92088.06
 77.0 27936.0 286.87   0.007626   3.18 223.74 304.22  92222.34
 77.0 27967.0 287.67   0.007479   3.38 265.33 297.64  92064.53
 77.0 27998.0 290.86   0.008173   3.30 284.06 317.36  91883.12
 77.0 28028.0 293.16   0.009761   3.40 285.99 336.60  91596.44
 77.0 28059.0 292.37   0.011771   2.68 231.55 356.28  91416.22
 77.0 28089.0 291.92   0.012438   2.45 207.98 367.88  91333.14
 78.0 28120.0 292.18   0.012508   1.96 212.69 368.45  91400.28
 78.0 28151.0 291.88   0.012047   2.10 204.60 368.89  91392.86
 78.0 28179.0 291.79   0.012341   1.87 215.07 362.93  91399.09
 78.0 28210.0 290.62   0.010408   2.55 253.05 332.63  91667.95
 78.0 28240.0 289.27   0.009427   2.67 206.07 332.36  91727.56
 78.0 28271.0 286.88   0.007605   2.40 248.53 286.16  91917.15
 78.0 28301.0 287.36   0.007835   2.74 233.19 301.78  91971.87
 78.0 28332.0 288.54   0.007588   3.18 260.64 302.02  92084.31
 78.0 28363.0 291.53   0.008801   3.34 273.32 325.10  91858.13
 78.0 28393.0 293.08   0.010192   3.45 269.62 344.10  91499.06
 78.0 28424.0 291.39   0.012315   2.64 192.24 366.38  91465.53
 78.0 28454.0 291.90   0.012580   2.25 200.14 368.95  91329.07
 79.0 28485.0 292.41   0.012287   2.06 218.03 362.19  91340.84
 79.0 28516.0 292.11   0.012877   1.96 202.00 369.52  91264.89
 79.0 28544.0 291.94   0.012580   2.27 207.50 367.70  91514.06
 79.0 28575.0 291.74   0.011607   2.63 234.31 352.67  91659.78
 79.0 28605.0 288.61   0.009445   2.99 201.92 332.01  91856.14
 79.0 28636.0 287.83   0.008705   2.79 209.44 318.29  92043.17
 79.0 28666.0 285.92   0.007295   3.14 228.10 297.94  92242.31
 79.0 28697.0 288.72   0.007718   3.28 265.15 304.71  92048.07
 79.0 28728.0 290.56   0.008795   3.32 248.20 329.22  91949.02
 79.0 28758.0 292.04   0.009765   3.33 270.69 339.18  91757.73
 79.0 28789.0 292.61   0.011172   2.91 263.21 352.20  91519.06
 79.0 28819.0 292.05   0.012263   2.15 197.68 366.73  91256.69
 80.0 28850.0 292.21   0.012671   2.09 213.46 369.85  91281.36
 80.0 28881.0 292.73   0.012694   1.93 233.93 363.39  91277.73
 80.0 28909.0 291.68   0.012171   2.34 235.83 358.85  91461.61
 80.0 28940.0 290.83   0.010987   2.48 238.70 340.49  91600.38
 80.0 28970.0 289.00   0.009502   2.95 205.53 332.41  91868.38
 80.0 29001.0 286.59   0.007786   3.00 221.62 304.08  92101.57
 80.0 29031.0 287.02   0.007480   2.70 242.23 292.75  92028.85
 80.0 29062.0 288.40   0.007800   3.35 259.24 307.12  92073.98
 80.0 29093.0 290.95   0.009086   3.25 243.83 330.68  91717.02
 80.0 29123.0 292.33   0.010164   3.22 275.46 339.83  91711.90
 80.0 29154.0 292.53   0.012135   2.46 236.91 357.19  91480.17
 80.0 29184.0 291.97   0.012136   2.42 211.39 365.07  91405.98
 81.0 29215.0 292.38   0.012374   2.10 203.14 368.44  91331.84
 81.0 29246.0 292.11   0.012591   1.97 198.07 371.20  91326.59
 81.0 29274.0 292.76   0.012477   1.90 260.56 357.13  91456.45
 81.0 29305.0 290.64   0.011159   2.80 216.79 351.42  91759.71
 81.0 29335.0 289.66   0.009425   2.72 232.38 322.97  91845.33
 81.0 29366.0 287.32   0.008263   3.09 204.98 315.92  92064.39
 81.0 29396.0 287.16   0.007523   2.78 242.65 292.09  92125.80
 81.0 29427.0 288.56   0.007616   3.11 261.88 300.61  92127.25
 81.0 29458.0 291.63   0.007676   3.01 282.07 313.65  91691.13
 81.0 29488.0 293.13   0.008518   3.00 284.05 327.71  91552.34
 81.0 29519.0 295.10   0.009677   3.19 305.59 339.93  91519.55
 81.0 29549.0 292.47   0.012403   2.53 220.50 368.22  91418.28
 82.0 29580.0 292.32   0.012501   2.16 222.15 363.88  91394.45
 82.0 29611.0 292.64   0.012964   1.93 202.87 374.98  91263.09
 82.0 29639.0 292.59   0.012697   1.96 231.46 364.02  91388.62
 82.0 29670.0 291.20   0.010429   2.36 264.52 331.82  91573.72
 82.0 29700.0 289.37   0.009094   2.66 229.97 322.00  91870.36
 82.0 29731.0 285.79   0.007484   3.37 210.45 305.46  92246.18
 82.0 29761.0 285.76   0.006990   3.05 235.05 291.26  92208.60
 82.0 29792.0 288.29   0.007307   3.36 267.91 297.82  92067.38
 82.0 29823.0 291.47   0.008966   3.44 259.99 332.07  91879.16
 82.0 29853.0 293.39   0.009786   2.90 260.06 343.25  91657.21
 82.0 29884.0 294.62   0.010014   2.83 294.49 342.71  91450.68
 82.0 29914.0 294.20   0.011490   2.29 266.19 359.18  91285.07
 83.0 29945.0 292.26   0.012530   2.15 213.35 369.24  91302.20
 83.0 29976.0 292.23   0.012793   1.58 212.09 369.04  91361.50
 83.0 30004.0 291.63   0.012426   2.16 204.64 366.28  91470.12
 83.0 30035.0 291.45   0.010218   2.43 274.84 329.38  91722.58
 83.0 30065.0 289.53   0.008705   2.66 241.93 312.63  91836.06
 83.0 30096.0 288.22   0.008466   2.64 229.38 305.14  92016.23
 83.0 30126.0 286.61   0.007268   2.98 236.27 291.47  92251.35
 83.0 30157.0 289.44   0.006866   3.24 285.72 290.54  92102.56
 83.0 30188.0 291.73   0.008241   3.48 279.93 321.69  91924.02
 83.0 30218.0 292.21   0.009228   3.53 266.64 335.88  91791.54
 83.0 30249.0 292.54   0.011901   2.59 206.12 363.00  91442.16
 83.0 30279.0 292.61   0.012654   2.09 224.02 366.09  91380.98
 84.0 30310.0 292.81   0.012624   2.43 209.13 370.72  91260.72
 84.0 30341.0 292.62   0.012872   1.99 231.14 364.68  91341.30
 84.0 30369.0 292.54   0.012605   2.20 243.71 359.06  91563.10
 84.0 30400.0 291.75   0.011283   2.56 251.22 345.29  91573.72
 84.0 30430.0 289.46   0.009429   2.95 223.87 328.01  91848.41
 84.0 30461.0 286.99   0.007669   2.74 234.04 296.90  92043.89
 84.0 30491.0 285.90   0.006670   2.80 249.05 282.71  92183.39
 84.0 30522.0 288.11   0.007277   3.24 271.10 296.17  92085.49
 84.0 30553.0 291.42   0.008959   3.20 252.92 330.17  91798.03
 84.0 30583.0 291.96   0.009573   3.34 275.56 334.80  91700.61
 84.0 30614.0 292.95   0.011667   2.65 240.71 355.55  91514.20
 84.0 30644.0 292.38   0.012578   2.09 191.26 372.27  91275.67
 85.0 30675.0 292.92   0.012870   1.99 232.04 366.59  91273.56
 85.0 30706.0 292.75   0.012863   1.73 251.03 366.75  91302.44
 85.0 30734.0 292.22   0.012627   2.00 219.38 362.86  91386.41
 85.0 30765.0 290.42   0.010443   2.69 249.62 333.94  91626.97
 85.0 30795.0 288.71   0.008952   2.80 202.23 326.58  91835.01
 85.0 30826.0 287.02   0.007859   2.50 223.40 300.68  91920.65
 85.0 30856.0 286.52   0.007215   2.92 240.24 291.93  92013.57
 85.0 30887.0 288.62   0.006967   3.16 276.85 291.88  92034.20
 85.0 30918.0 290.86   0.007531   3.51 295.01 307.80  91865.09
 85.0 30948.0 292.16   0.008715   3.64 290.08 328.10  91707.45
 85.0 30979.0 292.44   0.011764   2.63 216.13 362.13  91528.55
 85.0 31009.0 292.76   0.012035   2.16 249.24 358.71  91344.41
 86.0 31040.0 291.83   0.012373   2.12 175.97 369.87  91287.98
 86.0 31071.0 292.23   0.012014   2.23 220.65 364.54  91305.76
 86.0 31099.0 292.35   0.012419   2.18 239.77 364.04  91420.45
 86.0 31130.0 291.36   0.011521   2.71 230.77 353.61  91594.12
 86.0 31160.0 289.81   0.009641   2.65 230.95 326.36  91719.34
 86.0 31191.0 287.35   0.008115   3.00 226.43 304.83  91983.88
 86.0 31221.0 285.36   0.006792   2.89 244.83 282.84  92138.57
 86.0 31252.0 287.82   0.007640   3.45 251.24 304.71  92086.02
 86.0 31283.0 291.25   0.007990   3.37 293.76 313.74  91897.72
 86.0 31313.0 292.44   0.009477   3.34 283.86 333.26  91745.81
 86.0 31344.0 293.23   0.011341   2.89 254.65 356.37  91489.05
 86.0 31374.0 292.19   0.012158   2.32 213.91 362.50  91388.23
 87.0 31405.0 291.69   0.012173   2.45 176.21 371.35  91259.86
 87.0 31436.0 291.85   0.012413   2.03 201.12 369.95  91263.06
 87.0 31464.0 292.19   0.012949   1.96 210.63 366.55  91429.20
 87.0 31495.0 290.87   0.011742   2.57 203.03 357.96  91618.80
 87.0 31525.0 289.03   0.009340   2.68 213.07 327.12  91957.95
 87.0 31556.0 286.54   0.007615   2.87 225.56 297.97  91968.57
 87.0 31586.0 286.30   0.007518   3.34 225.85 301.69  92155.77
 87.0 31617.0 287.88   0.007755   3.42 246.85 307.44  92217.84
 87.0 31648.0 290.94   0.008839   3.32 267.31 327.27  92001.52
 87.0 31678.0 292.84   0.010737   3.08 278.75 341.77  91600.01
 87.0 31709.0 292.86   0.011201   2.75 261.40 351.11  91516.81
 87.0 31739.0 292.68   0.012258   2.08 222.93 364.18  91400.07
 88.0 31770.0 291.90   0.012794   1.86 187.93 373.09  91476.55
 88.0 31801.0 292.28   0.012558   2.02 215.92 368.85  91399.73
 88.0 31829.0 292.25   0.012816   1.96 235.26 362.38  91467.95
 88.0 31860.0 290.64   0.011248   2.73 203.15 352.28  91635.17
 88.0 31890.0 288.80   0.008502   2.70 247.81 307.61  91900.45
 88.0 31921.0 287.34   0.007967   2.49 229.54 297.98  91948.31
 88.0 31951.0 286.67   0.007197   2.80 245.25 290.87  92190.46
 88.0 31982.0 287.50   0.006959   3.36 265.28 293.59  92036.46
 88.0 32013.0 290.70   0.008198   3.36 274.80 320.34  92012.06
 88.0 32043.0 293.61   0.009534   3.35 292.05 338.95  91715.14
 88.0 32074.0 294.50   0.009876   3.12 293.31 344.22  91474.30
 88.0 32104.0 293.16   0.012118   2.22 244.81 360.24  91361.07
 89.0 32135.0 292.35   0.012466   2.53 214.56 370.74  91172.16
 89.0 32166.0 292.79   0.012174   1.96 228.53 366.35  91381.32
 89.0 32194.0 292.27   0.012860   1.60 230.36 365.05  91416.70
 89.0 32225.0 291.07   0.011835   2.57 193.50 361.49  91527.21
 89.0 32255.0 288.97   0.009106   2.69 229.97 320.77  91718.55
 89.0 32286.0 288.56   0.008757   2.46 230.36 307.29  91928.45
 89.0 32316.0 287.50   0.007979   2.92 235.27 302.11  92098.83
 89.0 32347.0 288.61   0.007136   3.01 283.23 289.87  92000.46
 89.0 32378.0 291.33   0.008342   3.31 270.27 319.31  91818.52
 89.0 32408.0 292.56   0.009748   3.28 292.07 333.55  91660.15
 89.0 32439.0 291.79   0.012336   2.60 187.20 369.11  91579.77
 89.0 32469.0 292.48   0.012098   2.64 243.03 357.05  91426.31
 90.0 32500.0 292.00   0.012294   2.30 186.18 370.02  91375.17
 90.0 32531.0 292.13   0.013089   1.84 196.65 372.88  91354.04
 90.0 32559.0 292.43   0.012811   1.82 217.46 365.68  91453.13
 90.0 32590.0 291.68   0.011622   2.60 235.79 350.77  91514.37
 90.0 32620.0 289.16   0.009022   2.87 239.37 317.49  91905.88
 90.0 32651.0 287.33   0.008045   2.70 217.52 306.41  92037.08
 90.0 32681.0 286.61   0.007461   2.90 235.81 296.17  92097.44
 90.0 32712.0 288.07   0.007596   3.33 250.81 307.21  92171.70
 90.0 32743.0 290.61   0.008138   3.27 252.89 322.17  91976.62
 90.0 32773.0 293.50   0.009168   3.56 298.22 332.41  91579.58
 90.0 32804.0 293.34   0.011112   2.82 268.08 351.13  91448.67
 90.0 32834.0 292.67   0.012794   2.23 204.64 371.08  91334.95
 91.0 32865.0 292.35   0.012815   2.22 175.18 377.00  91282.17
 91.0 32896.0 292.78   0.012786   1.93 217.08 367.01  91253.12
 91.0 32924.0 292.90   0.012869   1.71 236.62 363.50  91351.05
 91.0 32955.0 291.56   0.011299   2.53 232.17 349.81  91709.86
 91.0 32985.0 288.66   0.009015   2.99 212.83 323.85  91900.94
 91.0 33016.0 286.92   0.007861   3.17 221.71 306.92  92157.00
 91.0 33046.0 286.61   0.007327   3.07 234.38 295.56  92159.23
 91.0 33077.0 288.74   0.007341   3.16 256.80 303.75  92036.94
 91.0 33108.0 292.10   0.008201   3.49 293.22 317.87  91758.20
 91.0 33138.0 293.77   0.007932   3.44 310.23 323.59  91674.76
 91.0 33169.0 292.55   0.011916   2.88 198.08 366.75  91380.35
 91.0 33199.0 292.10   0.012512   2.38 201.30 366.56  91371.16
 92.0 33230.0 292.53   0.012762   2.14 224.52 371.09  91396.38
 92.0 33261.0 292.36   0.012838   1.93 230.81 367.45  91499.94
 92.0 33289.0 292.40   0.012077   2.19 262.81 354.34  91498.91
 92.0 33320.0 290.39   0.009665   2.71 265.24 325.83  91836.63
 92.0 33350.0 288.47   0.008606   2.92 226.95 319.66  91896.09
 92.0 33381.0 287.00   0.008068   2.78 219.71 306.54  92043.38
 92.0 33411.0 286.73   0.007693   3.09 216.76 306.56  92228.88
 92.0 33442.0 289.14   0.007556   3.14 261.49 306.15  92072.51
 92.0 33473.0 291.75   0.008181   3.40 279.92 319.68  91865.50
 92.0 33503.0 293.99   0.008572   3.39 295.16 331.95  91644.48
 92.0 33534.0 294.05   0.010373   3.00 290.50 345.97  91507.94
 92.0 33564.0 293.18   0.012365   2.35 249.39 363.27  91430.48
 93.0 33595.0 292.65   0.012856   1.99 202.94 373.55  91357.73
 93.0 33626.0 293.28   0.013058   1.79 252.32 360.97  91370.58
 93.0 33654.0 292.35   0.012592   2.20 237.55 361.54  91440.86
 93.0 33685.0 291.47   0.011526   2.71 233.20 350.57  91610.31
 93.0 33715.0 289.54   0.008912   2.47 253.24 309.10  91781.50
 93.0 33746.0 287.53   0.008042   2.36 242.83 291.68  91886.17
 93.0 33776.0 287.22   0.007573   2.77 236.16 293.56  92048.23
 93.0 33807.0 289.17   0.007406   3.13 272.40 299.18  92090.97
 93.0 33838.0 292.53   0.007736   3.37 292.83 317.53  91813.84
 93.0 33868.0 293.97   0.008954   3.38 287.72 333.46  91589.98
 93.0 33899.0 293.31   0.011424   2.59 211.68 364.85  91384.22
 93.0 33929.0 292.83   0.011867   2.67 264.36 354.00  91457.92
 94.0 33960.0 291.65   0.012758   1.97 170.70 374.72  91387.17
 94.0 33991.0 292.17   0.012495   1.94 212.93 366.80  91448.73
 94.0 34019.0 292.72   0.012465   2.18 266.26 356.31  91533.82
 94.0 34050.0 291.16   0.010631   2.61 249.58 339.26  91752.59
 94.0 34080.0 288.89   0.009048   3.02 211.78 326.96  91976.95
 94.0 34111.0 287.45   0.008221   2.83 207.99 311.05  92103.23
 94.0 34141.0 286.85   0.007254   2.60 248.44 286.20  92080.78
 94.0 34172.0 289.09   0.007437   3.30 271.01 299.50  92073.66
 94.0 34203.0 291.59   0.007610   3.42 292.95 311.07  91937.39
 94.0 34233.0 294.02   0.008539   3.25 288.51 330.99  91653.45
 94.0 34264.0 292.99   0.010758   3.07 241.97 352.55  91531.67
 94.0 34294.0 292.37   0.012108   2.42 217.14 363.08  91379.34
 95.0 34325.0 293.15   0.012991   2.17 237.93 370.24  91190.89
 95.0 34356.0 292.00   0.012661   2.05 195.42 370.91  91337.38
 95.0 34384.0 292.33   0.012673   2.00 226.13 364.46  91512.23
 95.0 34415.0 291.64   0.011587   2.53 243.58 349.70  91672.34
 95.0 34445.0 289.98   0.009292   2.44 244.67 317.97  91821.24
 95.0 34476.0 287.30   0.008018   2.67 230.40 300.72  91885.58
 95.0 34506.0 286.73   0.007356   2.80 246.14 289.22  92140.44
 95.0 34537.0 288.86   0.007367   3.11 281.40 295.02  92069.74
 95.0 34568.0 292.12   0.008574   3.17 275.80 325.50  91800.11
 95.0 34598.0 291.78   0.008825   3.59 286.12 325.96  91752.78
 95.0 34629.0 294.62   0.009976   3.23 299.82 342.04  91539.61
 95.0 34659.0 292.40   0.012519   2.32 197.74 370.17  91398.34
 96.0 34690.0 292.27   0.012308   2.11 220.18 365.80  91368.73
 96.0 34721.0 292.51   0.012944   1.72 239.05 365.40  91339.52
 96.0 34749.0 292.60   0.012313   1.80 242.43 358.52  91442.95
 96.0 34780.0 291.77   0.011310   2.56 250.85 348.20  91711.27
 96.0 34810.0 289.85   0.009933   2.62 211.60 334.59  91746.79
 96.0 34841.0 288.25   0.008753   2.49 209.63 315.73  91859.72
 96.0 34871.0 287.43   0.007354   2.49 254.56 288.10  91965.70
 96.0 34902.0 288.50   0.007268   3.23 272.75 296.91  92134.11
 96.0 34933.0 291.19   0.007090   3.29 299.94 306.00  91972.41
 96.0 34963.0 294.07   0.008435   3.34 300.42 327.37  91615.54
 96.0 34994.0 292.28   0.011330   3.06 228.10 356.86  91468.54
 96.0 35024.0 292.55   0.012554   2.29 221.50 365.81  91389.56
 97.0 35055.0 292.43   0.012544   1.99 211.38 367.62  91380.95
 97.0 35086.0 293.79   0.012333   2.08 271.09 360.80  91327.15
 97.0 35114.0 292.21   0.012675   2.02 217.21 362.86  91487.24
 97.0 35145.0 291.20   0.011438   2.75 231.65 351.07  91625.30
 97.0 35175.0 289.13   0.008784   2.83 242.67 315.97  91791.94
 97.0 35206.0 287.30   0.008114   3.12 220.35 309.23  92042.73
 97.0 35236.0 286.76   0.007432   2.90 232.25 296.11  92175.79
 97.0 35267.0 289.47   0.007718   3.40 257.79 308.46  92152.41
 97.0 35298.0 291.98   0.007324   3.40 298.40 310.32  91854.49
 97.0 35328.0 292.98   0.008246   3.72 309.48 322.54  91713.12
 97.0 35359.0 292.23   0.011727   2.92 220.72 360.47  91482.78
 97.0 35389.0 292.57   0.012724   2.01 225.27 364.55  91475.52
 98.0 35420.0 292.53   0.012330   2.38 210.75 369.24  91429.64
 98.0 35451.0 292.82   0.012998   1.66 238.26 366.31  91399.17
 98.0 35479.0 292.81   0.013089   1.87 229.79 364.75  91460.52
 98.0 35510.0 290.97   0.011831   2.55 189.87 361.79  91637.17
 98.0 35540.0 289.16   0.010162   3.04 180.64 347.69  91900.23
 98.0 35571.0 287.59   0.008757   2.70 191.16 320.47  91969.33
 98.0 35601.0 286.26   0.007519   3.17 225.84 301.78  92231.08
 98.0 35632.0 287.74   0.007898   3.37 242.04 310.35  92168.88
 98.0 35663.0 291.40   0.008314   3.39 282.59 325.13  91898.22
 98.0 35693.0 292.40   0.010867   3.09 248.62 350.35  91651.70
 98.0 35724.0 292.21   0.012318   2.35 227.71 359.58  91619.91
 98.0 35754.0 292.11   0.012552   2.42 181.20 371.13  91419.88
 99.0 35785.0 292.61   0.012790   2.05 208.73 370.59  91231.31
 99.0 35816.0 292.43   0.013077   1.72 198.21 372.40  91383.30
 99.0 35844.0 292.79   0.012167   2.11 276.25 350.59  91478.17
 99.0 35875.0 291.00   0.010817   2.70 245.09 340.92  91614.50
 99.0 35905.0 289.72   0.009946   2.69 210.94 333.89  91767.46
 99.0 35936.0 287.05   0.008020   2.96 213.96 307.04  92063.63
 99.0 35966.0 286.26   0.007202   2.83 239.89 289.76  92047.28
 99.0 35997.0 289.80   0.008270   3.06 260.76 312.32  91939.99
 99.0 36028.0 291.82   0.008585   3.43 276.77 324.31  91856.71
 99.0 36058.0 292.59   0.008584   3.36 295.97 325.42  91715.25
 99.0 36089.0 291.74   0.012279   2.64 196.86 367.83  91532.22
 99.0 36119.0 292.33   0.012418   2.23 209.61 366.33  91414.09
100.0 36150.0 291.97   0.012386   2.24 200.14 369.76  91323.59
100.0 36181.0 292.67   0.012510   2.04 235.85 366.03  91331.72
100.0 36209.0 292.57   0.012260   1.96 250.01 355.50  91449.80
100.0 36240.0 291.24   0.011122   2.41 225.70 346.14  91572.72
100.0 36270.0 289.34   0.009125   2.97 225.88 323.02  91848.34
100.0 36301.0 288.02   0.008684   2.96 201.06 321.36  91994.90
100.0 36331.0 287.89   0.008057   2.85 235.12 303.45  92011.95
100.0 36362.0 288.56   0.007822   3.34 260.03 305.16  92133.96
100.0 36393.0 291.34   0.009252   3.42 266.70 330.25  91908.84
100.0 36423.0 292.72   0.009767   3.29 264.96 343.45  91654.03
100.0 36454.0 293.31   0.011815   2.73 259.65 355.98  91549.87
100.0 36484.0 292.16   0.012126   2.45 192.36 365.89  91381.31
