9.687700242011487717e-08
1.040438988297864853e-07
7.648584698927152203e-08
1.484242329041762787e-08
7.961857839688946115e-09
3.227958567109112664e-09
4.141137988078469334e-10
5.742809006115123793e-10
7.889076059086619352e-10
2.278325528237701292e-09
3.591516772871727881e-08
9.053393767999295960e-08
1.043855846205588023e-07
4.180705559519992676e-08
5.313953721497455263e-08
4.760522287483581749e-08
2.980623969861539990e-09
1.883181166562053477e-09
2.657230657732156942e-09
7.444737049056016076e-10
2.689873213057580870e-09
4.887753757287782719e-09
2.174281910072295432e-08
1.003658098852611147e-07
1.322356837363258819e-07
6.930940799065865576e-08
5.827784832490578992e-08
2.065202764356399712e-08
9.740375617184326984e-09
1.773874158672583690e-09
6.500734395231688723e-10
1.553176476321027621e-09
2.355411643506499786e-09
6.696702747888139129e-09
2.037865876047817437e-08
1.207638149480771972e-07
7.705386195766550372e-08
8.576520826863998082e-08
5.340406161735700152e-08
1.741811317401698034e-08
6.290979737144652972e-09
1.521848091989852492e-09
1.396121551699991414e-09
1.178554254188668438e-09
8.488937885964276120e-10
6.834938837130266620e-09
3.570024276200456370e-08
9.580026727462609415e-08
9.357124497455515666e-08
8.225405423445408815e-08
8.013500973902409896e-08
2.453327674345473497e-08
3.121890745916289234e-09
2.734485138322639841e-10
7.653853661970799749e-10
2.321967063068086645e-09
9.845178006173682661e-10
7.074341557000707326e-09
4.029363864788138017e-08
8.828622100054417388e-08
8.721763578023455921e-08
1.070857322815754742e-07
8.995586853188797249e-08
1.750751899010083434e-08
4.518129426145378602e-09
5.457898577532205309e-10
1.137001048867603004e-09
1.571234253816555793e-09
1.148598438582837389e-09
3.841359674794375678e-09
1.569659247024901561e-08
9.293808034271933138e-08
7.699654958059909404e-08
1.021068172235573002e-07
6.103860528128279839e-08
1.861646659051530150e-08
6.477285818817790641e-09
7.843811711261139408e-10
2.922314057407504606e-10
7.205163132795178171e-10
3.803322545792298115e-09
3.707201878810906237e-09
4.367911543567970512e-08
9.284008228860329837e-08
7.361972365060864831e-08
1.068249417812694446e-07
5.501290800680180837e-08
3.332376152798133262e-08
7.013747360673505682e-09
1.885871014906115306e-09
1.030087681819225054e-09
7.926063694263518755e-10
1.234824464901862484e-09
7.028580384371707623e-09
2.767273876713716163e-08
7.004721425118987099e-08
1.043546262735617347e-07
8.301189780013373820e-08
6.584276945886813337e-08
1.273065652895866151e-08
2.753006711486705171e-09
6.989812062485611932e-10
1.493355022974540702e-10
1.279874872750497161e-09
1.363201218573806273e-09
2.190986059247279627e-08
3.825149974545638543e-08
1.073235651460890949e-07
1.126130797501900815e-07
1.033508141290440108e-07
6.733196755703829695e-08
1.534304061578950495e-08
4.695928534914628472e-09
4.395337427354206739e-10
4.361596916968579762e-10
1.876007349466135565e-09
7.449841854523242546e-10
4.708510914497310296e-09
1.880886379979074263e-08
7.893239484246805659e-08
9.548507051704291371e-08
6.886153158802699181e-08
4.966473809986382548e-08
2.299083412538038829e-08
7.208154073623518343e-09
3.707458506863048342e-10
4.113575591269125198e-10
5.164282890213200972e-10
2.809520616153804440e-09
5.229762400915660692e-09
2.207143623422780365e-08
1.020804347717785276e-07
1.034207315342428046e-07
7.665921941679698648e-08
7.194929452225551358e-08
1.818785833052061207e-08
2.672899235278691776e-09
1.024475504429744888e-09
9.741599887869156760e-11
1.181191033872153184e-09
1.469804611353708879e-09
2.175165159101766221e-09
3.342423937624516839e-08
6.937378316251852084e-08
1.067564454615421710e-07
5.804644231943711929e-08
3.888611743718684011e-08
1.029486185188943637e-08
6.517517192605737364e-09
1.820337103275448953e-09
1.745029121202890110e-09
3.021670413883015271e-10
2.625584860638241480e-09
3.173040497017609596e-09
1.955146800014517794e-08
8.664802209068511729e-08
1.243749920831760392e-07
6.961850829156901455e-08
5.528874069682387926e-08
4.682499721297972428e-08
4.086141647263730192e-09
2.625911932341296051e-09
1.036825764133553207e-10
9.823293289912271575e-10
2.717204461433198048e-09
2.773749674389591746e-09
3.291516748049616581e-08
8.176784405122816679e-08
1.183320463837844727e-07
7.893293485494723427e-08
7.617991570896265330e-08
2.016075306698894565e-08
7.741784990855649085e-09
7.164824289418447734e-10
5.052701035346274239e-10
4.912732998185731503e-10
2.841928470331822609e-09
3.108515000960210273e-09
2.511626995271853957e-08
5.762001720199805277e-08
1.208979512057339889e-07
6.517702644259770750e-08
6.657326423464837717e-08
2.626671324890139658e-08
4.162534317231347814e-09
8.955158836698728919e-10
9.057606886742064489e-10
1.150108979407205023e-12
1.803697968760786807e-09
2.164493295708780352e-08
3.875322107660394977e-08
1.013911230529629393e-07
1.327472318735090084e-07
7.054299544506648090e-08
5.546473147433061968e-08
2.810376642514711421e-08
8.787210958871582989e-09
1.193598886395363934e-09
3.342606746947751617e-11
1.004010097283014602e-09
2.441043756018501654e-10
4.171345047154773056e-09
1.465297128078191236e-08
9.150932100965292193e-08
8.830256348346665618e-08
8.911765547736649751e-08
6.975255928409751505e-08
3.471105003427510383e-08
2.712603697219151400e-09
7.403934132454992323e-10
2.105261298623872790e-09
2.126300246985124431e-09
3.507670598423828778e-09
6.705996202782671389e-09
1.896478885043961782e-08
1.046701996187948680e-07
9.794627686687817913e-08
9.359622055171712418e-08
4.359343108717439463e-08
2.563057854843009409e-08
3.113366897622427132e-09
1.015928785541575508e-09
1.217809741937969648e-09
3.304518464419814450e-11
1.016769779482729064e-09
3.392704783777844568e-09
2.298971502057156613e-08
9.116571675349405268e-08
7.408798552432926954e-08
2.400061305252165766e-08
5.314630868724634638e-08
3.703538808963457996e-08
5.089876520258940218e-09
8.333533307869345208e-10
3.359863776086768894e-10
7.767010923309669579e-10
3.764131228933820239e-09
2.749585803485388169e-08
1.418935635655316219e-08
1.305992611833062256e-07
8.633148240733135026e-08
6.402979835229416494e-08
9.049566074281756300e-08
4.945995257799040701e-08
5.046151052567893203e-09
1.950895001101571324e-09
1.619347766990131277e-09
8.282495245204302137e-10
2.705257351465206739e-09
9.472582718217381625e-09
2.113125496805423609e-08
8.534156137329773628e-08
1.042063999534548202e-07
8.047012300949063501e-08
4.353051963335019536e-08
2.885882466330258467e-08
4.660313024373863300e-09
1.064510923853845270e-09
7.839878746196404791e-10
1.296824980734356814e-09
2.002057186700767488e-09
4.493689420570490256e-09
1.851959829934912705e-08
1.241660214645889937e-07
1.131509677065878350e-07
8.834889797526557231e-08
6.801233354281066568e-08
5.058193153217871441e-08
4.264357755801029271e-09
8.480129931598412441e-10
9.906779840918034097e-10
1.005090788375184729e-09
2.185884806493731958e-09
2.642404961505917527e-09
4.484785876002206351e-08
1.525971100591050345e-07
8.922344818529381882e-08
9.599698813644863549e-08
1.710169428292829252e-08
2.286115474703365180e-08
5.356005861045787242e-09
2.764666051646713640e-09
4.687900623245866427e-10
7.483491049065094103e-10
1.889643774788396513e-09
3.885499921807422652e-09
1.541737937316156604e-08
6.909795757792380755e-08
1.068775361545704072e-07
1.068945891802286496e-07
6.232713190001959447e-08
2.667770537811975373e-08
4.403801767693948932e-09
2.518782404870023583e-10
4.302201928041426982e-10
8.341619617269202536e-10
3.792182567963209294e-09
1.639748226089920990e-09
9.611030193923397746e-09
6.480342307213504682e-08
1.166848164757539053e-07
5.395934010721248342e-08
4.984653401152172592e-08
2.389585418427486729e-08
6.519208728406056252e-09
7.321286910055846420e-10
1.676168204234329551e-09
2.959854861206423493e-10
1.147437700410591788e-09
4.540782416739830296e-09
1.278851513575318677e-08
7.536468160651565995e-08
5.928890800532826688e-08
1.109591210024518659e-07
4.505720951897274063e-08
8.152138519790241844e-09
7.752159802976166247e-09
9.384940602430447143e-10
7.992833617187500295e-10
2.272384502788327154e-09
3.230795631026239789e-09
1.056556087064564053e-08
2.309542068701375683e-08
9.252838850670741522e-08
1.214210385569458595e-07
5.768382393966930977e-08
6.049385348205760238e-08
2.587138325793603144e-08
8.701899645302546560e-09
1.055010412365220418e-09
3.282234206647416386e-10
8.082593483393907263e-10
1.315978437332887552e-09
2.646707297770944933e-09
2.997572678964388615e-08
3.860543529299320653e-08
3.809119775155522802e-08
4.365166006436993484e-08
1.086263097249684506e-07
4.467845471367581922e-08
2.253160769072337644e-09
1.437892360733883379e-09
5.053623075568225431e-10
2.082568784089744440e-09
9.711976778348230255e-10
8.294431808053559507e-09
2.626755524204327230e-08
1.311950370563863544e-07
1.064748360590783705e-07
8.358783532003144501e-08
9.495148844962386647e-08
1.554617590215912060e-08
4.887664939445812706e-09
3.980263063585454120e-10
7.414844294117983736e-10
1.038516161955271855e-09
8.832662934388224585e-10
3.644711643602249751e-09
2.054699876907761791e-08
3.176466734089444799e-08
9.592414329517851002e-08
8.566900078221806325e-08
5.874938224792458641e-08
2.520775055359081307e-08
6.200958857505156629e-09
1.272085548009727063e-09
1.238397717706618550e-09
1.006191130414890722e-09
1.167401508794796428e-09
7.491235187728761957e-09
4.294475530741692637e-08
8.992672917429445079e-08
9.462678463023621589e-08
7.285623127017970546e-08
3.730138686819373106e-08
1.555891770976813859e-08
8.416373376007868501e-09
2.057656822707087940e-10
4.958679578059843607e-10
8.131374462649887391e-10
1.623626788571641555e-09
5.482150289282117228e-09
1.328398013811238343e-08
8.560739672702766256e-08
6.656694040430011228e-08
9.574159776093438268e-08
7.410502433913279674e-08
4.945005116496759001e-08
1.005594718606062088e-08
2.113099029088516545e-09
7.163133419751943620e-10
6.580104794373653476e-10
2.280214239647193608e-09
7.951919123172501713e-09
5.037639283500539022e-08
1.017119615198680549e-07
7.550815439572033938e-08
8.659867489768657833e-08
6.728220114382565953e-08
2.457046122117390041e-08
6.132554464244321935e-09
2.121541692323702932e-10
2.247884933748167668e-10
8.052637029409837055e-11
4.827846455945916659e-10
4.557787924852618744e-09
6.637507876661175032e-09
6.503874772079143440e-08
9.136844170143376687e-08
6.969799670741849695e-08
1.182726521165022859e-07
2.578913615991496044e-08
5.171208794507720086e-09
7.372351618073480495e-10
2.420968148175717261e-10
4.761925298524261052e-10
2.241597796270866638e-09
3.989223174016842677e-09
5.176270789775117009e-08
7.494835330135174445e-08
1.041327237771838554e-07
6.211305247916243388e-08
7.553984460173523985e-08
2.297120360594817612e-08
2.080900785017547605e-09
1.755664613689589260e-09
3.132256953808365552e-10
9.026104308418325672e-10
2.264077814118081733e-09
5.213914633372951357e-09
3.479515697790702689e-08
6.323392653939663433e-08
1.244432468183731544e-07
7.056088691115292022e-08
5.845585704378208902e-08
2.864149806214300042e-08
7.730533435612585436e-10
5.235004651993335756e-10
1.176776565081638637e-09
1.138598770822341066e-09
4.151115895467683004e-09
2.663753218001829737e-09
2.699353629509460006e-08
8.713008980976155726e-08
1.247138925464241765e-07
5.031644789710298937e-08
6.465786128728723270e-08
2.779676755437776592e-08
5.479756204351815541e-09
4.368097827889272367e-10
3.884428334544054451e-10
1.267634885948609735e-09
3.603628950799020458e-09
5.361015187332895948e-09
2.662180875745434605e-08
7.909208221690278151e-08
8.964359921037612366e-08
8.237098825247812783e-08
3.581142848929630418e-08
1.231733559592385063e-08
2.865065740209615797e-09
6.766059934548707133e-10
6.764389604008158585e-10
6.007293551490988648e-10
1.144270900255150991e-09
2.925631292782782111e-09
1.897769408287786064e-08
7.350596575861345627e-08
1.011520538440890959e-07
3.006310933528766327e-08
4.650507179349006037e-08
2.954113043074357847e-08
4.724696633928715528e-09
2.580173297239696240e-10
3.670383441622959708e-10
1.154525919311311100e-09
7.787145928084271418e-10
1.628703749645410426e-08
2.859054148984796484e-08
5.869880936870686128e-08
1.068155413008753385e-07
8.741375978615906206e-08
5.795283897214176250e-08
2.740281956903345417e-08
6.935280794095888268e-09
2.939533061407928471e-10
1.028053642215809305e-09
9.074915263695970680e-10
9.352326690859058544e-10
4.171362366633957208e-09
2.446087243868078076e-08
4.378693674311762152e-08
8.890053493360028369e-08
7.877101637632222264e-08
7.166706694761160179e-08
4.049635649039373675e-08
8.572437870668636606e-09
1.371936675376161929e-09
1.046997266662685888e-09
1.905156254977669050e-09
2.935155674066436404e-09
7.627427578427159460e-09
2.652637398625756759e-08
5.814819203919796564e-08
7.546874769559508422e-08
8.715782229273827397e-08
4.158883726290696359e-08
3.450434604701513308e-08
6.289559983940762322e-09
3.958542382775931401e-10
2.685424382864454174e-10
2.930592435390622086e-10
1.716359943060297155e-09
4.328399416664296950e-09
4.103897666141165246e-08
4.251378626918267400e-08
1.079182041507920076e-07
8.341174151382801938e-08
6.811684727381361881e-08
1.553605244453137857e-08
1.935787752316286969e-09
5.192420382549300939e-10
4.741501245450474578e-13
1.009687222719435340e-09
2.614543692658344298e-09
2.660752063121663014e-09
1.841491936716010969e-08
9.058718575261082151e-08
5.276590897551614034e-08
6.517890227542011417e-08
5.441361849989334587e-08
3.822034955192066263e-08
8.554036590169289411e-09
1.269061633557555524e-09
9.255944621866518673e-11
1.954091055633710994e-10
1.523486337084989373e-09
1.868356847012364597e-08
1.467709420666096776e-08
8.664419226533937035e-08
9.214740970264756470e-08
8.691960573514734278e-08
6.806476449128240347e-08
2.416949484995711828e-08
8.426286335350141599e-09
1.747013533837105115e-09
1.085025735925171375e-09
1.189775389320857357e-09
1.484608214141758253e-09
5.860609331165278491e-09
2.567592893853998248e-08
8.748482116516242968e-08
9.545021129042652319e-08
6.652936690443311818e-08
3.967800665805043536e-08
1.097841106911801035e-08
1.076182476467124616e-09
2.044552749325134755e-09
5.975450689810202221e-10
1.274110372762038423e-09
1.029257457041410362e-09
9.769186348762559646e-09
3.326773523326664872e-08
6.475479352729962557e-08
7.321494877032819204e-08
9.056658711870113621e-08
5.949217296574715874e-08
3.207911447589140153e-08
7.397292112187869861e-09
9.416296631314935439e-10
4.857027002813651961e-10
1.012330885785672763e-09
2.234314733229325611e-09
4.330465319668519442e-09
1.346888822695291310e-08
1.099994975106710626e-07
9.184795146666147048e-08
7.236219801143306540e-08
5.775419253950531129e-08
2.069042537300447293e-08
5.842074823902976277e-09
2.608225302402900070e-10
1.601911936432998118e-09
1.211102884646209077e-09
2.755268235787866615e-09
1.945224248345311935e-08
1.393394732929209567e-08
6.948436492848486523e-08
9.191925443019499653e-08
9.381432874988604453e-08
3.849199003980174894e-08
2.694099876521249826e-08
6.908809524475145736e-09
2.905269802511156740e-09
2.634378271082482570e-10
1.296383334015160926e-09
2.891413997119229862e-09
3.806971626829636079e-09
4.439920431309474225e-08
5.165719230149079522e-08
8.473645607409707736e-08
7.851451755414018407e-08
4.597691827257222030e-08
1.259965820565867034e-08
2.604648496884465203e-09
1.607741273446094965e-09
8.539104978666500756e-10
4.889562643661804486e-10
2.706681101471986040e-09
4.534288056134982980e-09
1.902418134136496519e-08
9.509477649771724828e-08
1.007752672421702300e-07
7.349597552774866926e-08
6.142418129684301675e-08
2.433150037006726052e-08
3.904383039099457164e-09
1.031762120184964715e-09
9.733629457997494683e-10
1.159219720214821336e-09
3.235688605940367779e-09
4.090761063224590544e-09
1.734549748277913750e-08
5.933433655513908889e-08
6.877179004050049116e-08
7.746114505380319315e-08
6.782207151445618365e-08
2.388874342784674809e-08
8.965979070296725695e-09
1.536410665359255745e-09
1.420191630963074658e-09
9.718068572084348489e-10
9.125661337705537335e-10
3.980315632645670121e-09
3.253510882927912462e-08
8.730623335395648610e-08
1.027473075509988121e-07
8.696970610344578745e-08
2.525157505317565665e-08
1.107806735234362350e-08
4.684484800066002208e-09
1.026594587116846924e-09
1.836899798934865657e-10
4.445852019863139049e-11
2.559142231461919437e-09
8.565162801232872880e-09
3.203117771022334637e-08
8.286684050062831375e-08
9.654792876290230197e-08
5.078921105905465083e-08
8.307000598506419919e-08
3.770762901922353194e-08
6.318155332252217704e-09
3.324199804310978834e-10
2.815714328363583263e-10
1.216458378472395907e-09
7.109993843679163206e-11
1.533699212075134710e-08
6.142343522697046865e-08
9.778825216244513285e-08
1.248934182740413235e-07
5.387920154475978052e-08
1.547971884008347843e-08
1.809437932820401329e-08
5.555713666893780101e-09
1.028449103657180785e-09
3.086849664768465118e-10
5.302215333458093482e-10
1.645843017428205712e-09
5.816678250170070896e-09
3.056565844872238813e-08
1.041838970650132978e-07
1.084227250203184667e-07
7.955055281172462855e-08
5.378502265784845804e-08
2.556817335630512389e-08
1.690998630010653869e-08
1.068184318775422526e-09
1.069628496885854929e-09
6.172834465800747239e-10
5.301702965532228973e-10
1.411199690437570098e-08
3.626236022569173656e-08
5.749654263809134136e-08
6.478463632220154977e-08
7.000687674008077011e-08
7.284684500064031454e-08
1.472569000071644041e-08
2.451210123766145443e-09
2.103648810702907213e-09
1.070754707122034688e-09
5.402688713074255134e-11
6.296865251442795852e-10
1.238170455053477781e-08
5.164950067637619213e-08
1.077880256161733996e-07
9.313995263937613345e-08
8.920497407416405622e-08
4.853350787925592158e-08
1.908809643680342560e-08
1.019925743861449519e-08
1.135134874985510578e-09
6.729667934024519127e-10
1.392378212727862774e-09
2.698445467075316628e-09
1.331444909880019623e-08
2.762997475258544000e-08
6.843155375690912479e-08
8.173464749461345491e-08
8.606636470176454168e-08
3.997720909865165595e-08
2.366922657870418334e-08
2.420269984426681731e-09
1.514807446145738368e-10
3.632713296841671990e-10
8.809525886555036323e-10
1.131944760146552653e-09
3.651174029783987862e-09
3.140567272907901497e-08
6.794504514573418419e-08
1.026577294283015362e-07
1.150957302797905868e-07
5.402878144877831801e-08
2.857862391181242856e-08
9.644181453438704921e-09
7.659649026159343066e-10
9.185762150920595559e-10
3.680768745351059579e-10
1.475006561335590050e-09
7.771800980549414817e-09
7.768613308201111067e-09
7.027487214372740709e-08
1.095002843953807314e-07
1.023562248292364529e-07
9.290332769751330488e-08
2.998119796870923892e-08
2.855568226323157432e-09
1.176546748915541230e-09
3.025955319646556063e-10
3.197786757613840791e-10
1.880863242931241075e-09
6.990938494766396616e-09
3.185689578799610899e-08
1.042756991864735028e-07
6.695830023772941786e-08
2.435176504889113858e-08
4.148162702222180087e-08
1.896069790063847904e-08
6.846857303344222601e-09
1.019920925493522645e-09
1.230832213927612884e-09
3.887010713299332565e-10
1.099625113187840952e-10
9.733443384618567507e-09
2.094108708661224227e-08
1.043801702849123103e-07
1.148624235725037579e-07
1.199309878074927838e-07
8.776297732993043610e-08
1.364174995188704997e-08
8.438553855683039728e-09
1.492904688760177123e-09
1.385017434074597986e-09
8.752283897628387876e-10
3.115469437986462253e-09
5.432688077178227104e-09
3.726997732655945583e-08
7.580184302469206159e-08
6.677661446019556024e-08
8.856430611103860429e-08
6.013944897631517961e-08
3.896218458976363763e-08
9.615248153238553641e-09
5.771861322223514890e-10
7.004558599810195574e-10
4.432708644586114133e-10
5.179607853733614320e-10
3.812625770649447077e-09
2.815166766367838136e-08
1.056500948948269070e-07
9.591654048790587694e-08
8.088576208820086322e-08
2.936957166355114168e-08
1.451950115693989574e-08
6.238768612831790961e-09
1.309925223846875042e-10
2.961369482967768363e-10
9.536738065918370921e-10
2.217426520179088811e-10
6.290557408306085563e-09
5.058801733071049966e-08
1.115809666885070328e-07
1.335063615215403843e-07
9.609371431906765793e-08
5.682242942839366151e-08
8.714133414855496085e-09
2.576268753884392027e-09
2.324475945059134574e-09
2.832628021032235210e-10
1.382758019197183330e-09
2.338736759810444710e-09
2.013463007433102803e-10
3.461250130953885673e-08
6.767314175704086665e-08
1.018528834606513556e-07
4.009563525642079185e-08
5.987713791455462342e-08
2.660582509861342260e-08
5.336401542876956228e-09
8.572523940708620671e-11
4.430253663922911755e-10
1.193771748120298071e-10
7.114742683889119235e-10
6.340047598030196241e-09
4.302395595345842594e-08
4.845046674972763867e-08
7.816798586190998321e-08
9.254576838202410727e-08
8.630494363615071052e-08
1.542724881176127383e-08
6.953503550732875738e-09
1.630231172278229224e-09
8.016512453856705633e-10
1.481211264753312662e-10
7.816746139255315029e-10
5.698744143245448868e-09
5.187946072737759096e-08
4.086225402488707914e-08
1.042182233845778683e-07
7.235230015112392721e-08
5.972776051521577756e-08
3.397539316551956290e-08
5.106110201325009257e-09
8.324544942261979941e-10
1.784778158597788433e-10
1.516533565393274330e-09
1.299599594606348774e-10
3.365840273161779805e-09
3.259841463432167075e-08
1.203544002237322275e-07
1.089062351411484997e-07
7.458464068577086437e-08
5.844903583351879206e-08
2.709877655604486790e-08
7.066986107417960739e-09
2.779446894862758199e-09
4.522384897120979019e-11
2.947167510036763360e-10
1.482231115623733331e-09
4.927959817990767988e-09
2.751665917344325862e-08
7.723662065473035909e-08
1.016511106399775599e-07
8.123929262637830107e-08
6.713344902209428255e-08
3.754330180072429357e-08
1.146995476375423095e-08
1.887132672351299334e-09
1.578220776288219440e-09
6.787111428430137039e-10
1.799782656242143730e-09
1.051643749860886601e-08
7.315947403441214192e-09
8.157608988312858855e-08
9.449885141066260985e-08
6.518024520119070075e-08
4.025716648925481422e-08
2.272432020333781111e-08
4.046700308180106731e-09
8.434299092474617510e-11
4.237447615018652414e-10
1.775654179247965203e-09
1.769285162822598068e-09
3.093144851362694681e-09
2.022025036296781764e-08
6.139486430356555502e-08
7.735182094847914414e-08
7.873847351902441005e-08
4.998346980755741242e-08
2.369794671608360659e-08
5.375503153715044391e-09
1.293854468009669745e-09
5.208553588431641401e-10
2.150481792639880041e-09
5.615555132010285888e-09
4.998124580879448331e-09
3.154727679088864534e-08
1.070990620632983337e-07
1.097802524441249261e-07
5.450338846912927693e-08
5.948679415723745478e-08
2.213881167278941575e-08
6.915505945670474830e-09
6.808643648881229637e-10
4.786294693914783238e-10
6.158969168001959815e-11
1.085780840237582368e-10
2.674512611378077054e-09
4.764504168974781351e-08
1.083522178646489920e-07
7.632312559735510149e-08
4.595674951701766986e-08
9.967303071789501701e-08
3.414419680325408990e-08
9.000924450219827122e-09
3.268812998058479025e-09
7.593777273662283278e-10
9.989130633769605083e-10
1.569403940138158760e-09
8.022128739071376913e-09
5.752490395138920576e-08
4.193131175611597428e-08
3.277466831264064240e-08
3.958484029453757103e-08
2.747727201324323687e-08
1.499141077943022538e-08
5.011579595759485528e-09
3.739590581641749623e-11
2.288973038888642009e-10
1.849681935395253163e-10
2.203870419492659494e-09
3.159561945409450345e-09
2.280236444107686111e-08
1.172277137584387674e-07
1.091872050551501161e-07
1.134733054186654044e-07
4.019185695369742461e-08
1.090002044179527729e-08
8.510930626925983233e-09
5.260931135175894724e-10
3.441437357309951039e-09
1.140209260341862318e-09
1.861985565732027226e-09
5.365716759797578561e-09
2.842813451309211814e-08
5.920692203176258772e-08
1.153218249783094507e-07
8.062444578627037117e-08
6.140045627489598701e-08
3.438274731593082834e-08
3.671533299609563983e-09
2.626334427713317154e-10
8.113955063393518685e-10
2.958221168025687575e-11
6.262191876160727588e-10
2.618609862281573442e-08
5.382409185017422715e-08
9.811492418521083891e-08
1.008915120337405824e-07
4.340508752420646488e-08
8.269454809806120466e-08
1.787898007421517832e-08
4.421908172957955685e-09
1.490057105479891675e-10
9.014804180917934673e-11
1.220904349841234193e-10
2.061345094617195173e-09
3.705398876618914983e-09
4.146012244632402144e-08
9.907309106438333401e-08
7.550257663524462259e-08
4.299505818039506266e-08
4.947259668597325799e-08
4.245852736062261101e-08
7.608561780614309100e-09
8.962147690638744280e-10
4.082943705352448660e-10
7.099899557161393204e-10
1.097070323474724773e-09
3.472309328955702767e-09
2.759419714948307956e-08
8.049316591041133506e-08
9.217734486810513772e-08
8.147461727503468865e-08
8.432359521748367115e-08
1.956970763217213971e-08
8.564667863808494985e-10
3.850342822353525207e-10
4.546553689088739247e-10
1.669434590567675514e-09
9.532302724934993421e-10
6.227748539089361657e-09
4.972697809080273146e-08
9.113049515008242452e-08
8.057912026515623438e-08
9.570894832222620607e-08
5.533157576564917690e-08
2.435131740696760971e-08
4.585578583515825812e-09
5.721737528219250635e-10
8.149918934163835615e-11
9.344015561296714623e-10
2.045212443846367023e-09
1.023868545502182315e-08
1.412052252902640248e-08
3.595751607576858078e-08
9.097113462530614925e-08
9.908485054666016367e-08
5.164936922597007651e-08
2.746286398291886144e-08
6.370515670539589337e-09
6.595743951010035744e-10
3.376415536049393040e-10
1.060912691031035138e-09
1.168396046580255643e-09
1.705092955717191217e-09
3.086635658178238373e-08
1.126694186837084999e-07
9.071543871641551959e-08
9.695263258890918223e-08
6.899239224367192946e-08
2.142078692202176171e-08
6.458759305161265729e-09
5.197472452422857714e-10
4.173972834031758339e-10
2.610762495081075940e-09
3.690477257123347954e-09
4.876441028756062224e-09
3.071545151556165365e-08
9.002481959896613262e-08
1.101259812230637181e-07
5.571489225530967815e-08
9.892152519341834704e-08
3.021429151317533979e-08
3.302883522238175829e-09
2.151066880173857498e-09
2.193703663166957085e-09
3.897786815532100491e-10
1.696224383174183004e-09
1.151985173919456429e-09
4.329876546194100229e-08
8.604786216892534867e-08
1.020548054952996608e-07
1.095097701409031288e-07
6.677267805343944929e-08
1.887282152779334865e-08
5.917042411596185048e-09
5.940597458398144681e-10
8.491433112212121159e-10
1.300696328421224734e-09
2.494626061277926965e-09
1.657659454146198641e-09
2.148864552964369068e-08
1.160955633849880542e-07
1.218156455706775887e-07
8.043464561069413321e-08
6.013246434122265782e-08
2.791163034032706491e-08
7.731607354344305350e-09
1.631863089102125741e-09
3.726148833926856696e-10
2.251599129365899898e-09
4.701087075176246799e-09
9.322384642018732848e-09
4.805754016956598207e-08
1.083237606280818000e-07
7.393693834956138744e-08
3.843798879188398132e-08
7.249953171140077757e-08
2.232664364498759824e-08
4.932916741751114387e-09
6.949926745214440871e-10
1.121785442315115233e-09
1.165698759741928825e-09
3.037492923851914384e-09
5.026437044364229223e-09
2.054961889541573328e-08
9.831920522174186772e-08
9.856346139258675976e-08
1.318945237471780274e-07
1.018696380583605787e-07
2.981920133038329368e-08
8.418586716629761213e-09
1.320867193399521966e-09
5.997812246860689811e-10
1.477906019786701108e-09
4.620698046409188464e-09
7.552824143886027741e-09
5.756232823728169024e-08
7.805218871226315969e-08
1.325657308370864484e-07
6.354991910484386608e-08
7.297358450841784361e-08
2.485358763237854873e-08
4.552840326965679196e-09
1.349182654486469346e-09
1.924444159584481895e-09
3.404534654194435461e-09
1.468657417902363704e-09
5.653105539238367783e-09
1.630434809385405970e-08
1.100705162571102846e-07
1.016278474708087742e-07
4.434639677697305160e-08
6.638867944275261834e-08
3.043105678557367355e-08
7.740275975720578572e-09
1.572652230663607043e-09
1.618663980629264643e-09
6.343758851556913214e-11
1.642832425652329675e-09
8.310229837604765635e-09
3.359804523483944649e-08
1.047170172796541010e-07
9.833819802906873520e-08
9.715851234659567126e-08
7.523929212993607507e-08
2.379498553750636347e-08
5.322614349267951184e-09
9.955886115520229396e-10
2.169645130223329943e-09
2.812780230954103899e-09
5.122402946255988354e-09
4.667395359092552098e-09
4.159041111506667221e-08
1.180131903311121278e-07
8.284622765586391324e-08
5.622199950039430405e-08
5.458519325429733726e-08
3.400422343702302896e-08
7.530116086229554639e-09
1.099516033775671531e-10
1.907528822397974722e-11
9.386328381211228589e-10
2.522940079074942332e-09
5.474850794939811749e-09
2.728784309624643356e-08
1.181586100074127899e-07
1.001684850621131773e-07
5.088053711688189651e-08
5.523911994487207267e-08
2.087131356631743984e-08
4.583982526895624687e-09
1.027651075347080223e-09
3.119440816767848901e-10
2.917294739113174273e-10
1.463296039894146361e-09
6.370226568463976946e-09
4.446093271326390095e-08
1.165565279848124192e-07
6.854827461211243644e-08
7.584421268802543636e-08
4.873507108982266800e-08
1.420329898138561475e-08
3.659386571541745070e-09
2.423907075055353744e-09
4.675323461711400341e-10
1.048333975184334577e-09
1.656400572258576176e-09
2.928443043614947783e-09
2.932257281429428986e-08
1.135213025804659992e-07
8.162987086279827054e-08
9.496058339664159575e-08
5.262933555627569149e-08
2.111734076493121393e-08
7.327379591970384354e-09
4.693669897193331053e-10
9.993026406363014758e-10
1.117654191418182563e-09
2.812555077724709918e-09
1.853445574795387074e-08
3.635566159232439531e-08
4.916800833143497584e-08
5.349465581616641430e-08
1.012470676187149365e-07
5.229388122529599059e-08
2.876191373957226460e-08
5.082295473357589799e-09
8.776191440240665997e-10
4.674127751513879048e-10
8.070337731425070160e-10
6.917990069688073618e-10
4.560383626284192360e-09
3.299296125192086038e-08
6.783253780895392993e-08
9.105229992201202549e-08
6.401270979949913453e-08
5.462840491077258775e-08
2.542818222650566895e-08
5.587293294695427903e-09
1.668145621636085707e-09
5.108490297445200667e-10
5.350437870532687157e-10
2.807209187327686095e-10
9.990624327826935769e-09
1.424896733936975579e-08
1.081976250816296670e-07
9.280946500211939565e-08
5.000027059054445999e-08
8.514770399870030815e-08
2.695543166453262529e-08
1.146360162351811596e-08
1.002518956738640554e-09
1.362404633553637723e-09
8.446370824977122993e-10
8.393840067455471399e-10
1.999839405186776276e-08
6.167616817265297868e-08
9.259296263053329312e-08
8.605452705978677841e-08
6.667448815278476104e-08
5.931463320507646131e-08
2.505882612524601427e-08
4.355299232372544793e-09
3.301712236947196288e-09
3.575587326221096873e-10
1.811448546717997488e-09
1.273411265323431962e-09
3.203634912907205035e-09
2.123486808613961330e-08
1.063141894519503694e-07
1.014437032154091867e-07
5.172154615706858749e-08
7.724757722371577984e-08
3.366912437741120812e-08
6.595630264172314128e-09
2.328600201551012105e-09
3.662153913452925735e-10
2.493760198341021805e-10
4.685141163918160601e-10
5.774651867795910221e-09
2.492379458374216483e-08
1.121603503406731761e-07
1.094702781756495824e-07
6.940064167793025263e-08
8.037191179255387397e-08
2.170032509241082153e-08
4.528469155218317610e-09
9.096809971964603392e-10
2.581230784670651701e-09
2.130033038838519133e-09
5.464362295981572970e-09
6.108531458437482797e-09
3.969049444663141912e-08
1.127774424958261079e-07
1.151460651271918323e-07
8.628720848946613842e-08
1.038557968513487140e-07
4.160666478014718450e-08
8.967667497472575633e-09
4.888884852505270828e-10
1.203146360317930430e-09
2.411486121900452417e-09
2.619964467598379088e-09
5.211845621744259915e-09
2.969190937562871113e-08
9.826377578292522230e-08
6.364533788882908993e-08
9.469840733800083399e-08
5.726742102751813945e-08
1.956258444124614471e-08
6.961002441130403895e-09
1.619604006464214763e-09
1.521758941080975092e-09
9.101895348528898921e-10
2.063494708437474401e-09
1.207090161159385389e-08
2.556916811613518803e-08
1.182991695714008529e-07
9.283975543894484872e-08
6.843206534767887206e-08
3.414983851257602510e-08
1.672241367600690864e-08
4.147531651454983148e-09
1.226226342687652959e-09
1.207844269046631780e-09
1.526692439135501900e-09
3.865411546399855069e-09
4.232818540117477824e-09
3.966673389754760137e-08
1.060093950400187168e-07
8.918970451077257167e-08
3.736442266699668835e-08
5.754618825903889956e-08
3.639758716644792003e-08
8.607348611633369728e-09
1.398362869942104680e-09
6.021622089846800918e-10
8.985878152678594688e-10
1.274707006615471983e-09
9.783152954412344116e-09
3.420504413043090608e-08
8.337892154486326035e-08
9.393902189458458452e-08
8.822021868581941817e-08
5.209545150819394621e-08
1.931823234713192505e-08
4.094983907521054789e-09
2.074158178544394104e-09
1.205403554749295836e-09
2.096891771330433585e-09
2.466215232033164284e-09
2.976366042517497590e-09
5.705146577383857220e-08
7.010344660329792532e-08
1.117132342187687755e-07
1.005633620820844953e-07
7.003532687122060452e-08
2.538074816982316406e-08
7.093086118459268619e-09
2.618658900832571135e-10
5.229643385007420875e-10
8.194579459441797553e-10
5.166983729765206590e-09
1.131185811686918896e-08
4.242580331492717960e-08
1.176661683643942524e-07
1.086169731934205629e-07
6.884906866844175966e-08
6.866825685847288696e-08
3.130625358949146175e-08
8.670507867236665334e-09
7.547565350485285762e-10
9.538748679815967080e-10
2.697707168763940899e-09
4.129193431623434662e-09
6.778194894252465019e-09
2.555373512791447865e-08
8.310709631587087642e-08
9.497910724576286157e-08
8.397040573981939815e-08
6.321559453681402374e-08
2.223152684166507242e-08
8.362937897743449867e-09
1.589236409138550243e-09
1.117700598740611895e-09
2.980021784892983305e-09
1.704481666919832605e-09
1.264618099128256290e-08
1.317227038555301988e-08
5.657245338852590066e-08
1.057548999483515217e-07
6.680073738607461564e-08
5.213782117152732098e-08
2.725463765784752468e-08
7.083159392351490169e-09
2.559100042986983681e-09
3.309071239243621676e-09
2.392297693276645987e-09
8.480022906098838575e-09
1.191020349011751023e-08
3.979838325562923274e-08
9.219023411333182594e-08
1.077761808687682787e-07
1.184462163905664056e-07
6.363597293557177181e-08
2.254708597604349052e-08
7.301642845902733825e-09
1.973472496530348508e-09
1.123789727941471028e-09
3.408862969678239097e-09
9.601337502829210280e-10
6.519644379920919164e-09
3.911000945322484768e-08
1.057237071222516533e-07
9.403579781519511016e-08
9.311286675028895843e-08
7.939043200622108998e-08
3.203287235464813421e-08
6.374061722880242087e-09
8.353423508467017200e-10
9.099730968742392179e-10
1.423201556605135920e-10
4.494136660038172693e-11
7.186122363833646887e-09
2.147178612688094290e-08
9.004414636137880734e-08
1.269709031248567044e-07
8.461039868734587799e-08
6.342757075117333443e-08
1.581212849544044730e-08
7.416572245233510330e-09
3.848014962226642410e-10
2.848544178313261455e-10
7.251197975399747975e-10
3.248797342259024390e-10
3.677530280299379228e-09
7.230940468616608996e-08
1.149997146399073245e-07
1.006276448833887116e-07
5.038179651251084579e-08
6.538051167126468499e-08
1.821504902466131171e-08
4.029306666097909329e-09
1.178406927593300679e-09
4.899218808418481785e-10
2.151381961468246118e-09
2.608010474247635102e-09
5.861005014651254896e-09
3.020862493485765299e-08
9.988426086238177959e-08
9.628040231746126665e-08
8.633342218899997533e-08
6.017797460344809224e-08
3.891269884093162545e-08
2.067241489100979379e-09
3.079345889389628610e-09
1.261625248716313763e-09
2.023665901518256760e-09
3.927160374672666876e-09
9.221090557787192665e-09
3.385920166465439252e-08
1.149301454006490530e-07
1.024637725777211017e-07
9.641405540605774149e-08
6.027065779790063971e-08
3.628828082469226501e-08
4.912925621880503968e-09
2.300973855895449560e-09
5.394094060306997562e-10
1.537115323912985332e-09
2.769857010420651022e-09
1.386409742565319902e-08
5.052067564292883617e-08
9.878664997131636483e-08
9.850374027564612334e-08
8.786430782947718399e-08
6.118456497006263817e-08
2.121172215652222803e-08
4.574718381888942531e-09
1.087192558202332293e-09
1.209580074990057597e-10
3.780002699738105321e-10
7.243042277060851575e-11
4.372124440266134116e-09
4.550021515115076909e-08
5.268096003874234157e-08
1.279541379517468158e-07
5.794063540065508278e-08
5.713141604246629868e-08
2.661354692179429549e-08
6.156833265436034708e-09
9.010321377900254447e-10
6.177119926675800343e-10
2.676827648429025430e-10
1.113515057937775055e-09
6.796655682705932122e-09
3.484134580844511220e-08
1.100939002185441495e-07
8.333801559956555138e-08
7.394976364594185725e-08
9.106428677796429838e-08
2.286038380816535209e-08
3.616803745387642266e-09
5.852957007945747137e-10
8.225359837688017706e-10
1.903924351509544977e-09
5.978616490764920854e-10
2.872241333662373108e-09
5.814153425376389350e-08
1.129141367073316360e-07
8.560572695159862633e-08
5.574933581442564900e-08
2.522731890053364623e-08
3.824791505735447572e-08
4.968506051028498405e-09
3.253452507401277671e-10
6.345302616672654494e-10
1.695354745478994118e-09
1.166018059883811020e-09
2.833807410951294514e-09
5.278702630562293052e-08
1.206851436563738389e-07
1.007643248840395245e-07
9.033438885808209307e-08
6.968910781779413810e-08
2.948312172179612389e-08
5.083630849611608937e-09
1.621615286495625696e-09
7.801767565318584730e-10
3.092975320306834419e-10
3.134355885947570641e-09
6.441268851631321013e-09
8.485373115263428190e-08
1.132585438767819142e-07
7.765383713831397472e-08
7.659023992800939595e-08
6.531256957487130421e-08
2.831897205624045455e-08
5.201854946790263057e-09
3.249042979103222706e-10
1.475249367111075571e-10
8.066962653430209684e-10
6.715230593812293591e-10
2.082050976071059267e-08
4.654076946053464781e-08
1.007180543410868268e-07
9.892556818158482201e-08
6.836650356945028761e-08
9.249220056517515332e-08
3.257774849885208823e-08
3.262963232941729075e-09
1.979944430630098395e-09
4.750114745988298637e-10
7.283231240329257616e-10
2.713125057951515373e-09
2.208297322781049843e-09
1.466577881359398816e-08
1.026164397899265168e-07
8.116499827792722499e-08
7.412532454509346280e-08
7.007060531805109349e-08
2.499624685015078285e-08
1.125661608369910027e-08
1.106800762151749495e-09
7.598670581643318656e-10
9.824447921857881738e-10
1.826184647946149653e-09
2.528326215056608817e-09
2.593893277946790477e-08
5.903268629481317475e-08
6.890579840046484605e-08
9.826867142237460939e-08
8.294158959643027629e-08
3.659927827470710326e-08
1.624124612575883475e-09
1.203877220135041171e-09
1.094960566661029588e-09
5.748542752925800414e-10
2.118598407818694795e-09
1.283090411696719002e-09
2.052879821690112294e-08
1.145739645380672300e-07
9.987034843561559683e-08
7.693154913113176008e-08
5.996534468977188226e-08
2.378734897945378179e-08
9.564405267781239672e-09
5.067627428800847156e-10
1.858676684785010025e-10
1.698075347000838065e-09
2.085692729636434706e-09
2.608361304723416652e-09
5.537599534477521956e-08
1.018125672658243275e-07
9.344560680801805574e-08
8.338602697222086135e-08
7.245625255336562986e-08
3.056089781239279546e-08
8.543318941178768000e-09
1.863595278095431240e-09
7.331918405739656919e-11
3.844042306688777444e-10
5.560836791040912885e-10
2.813504806908895262e-08
3.423440020355883462e-08
4.626734906310048245e-08
6.701520760543644428e-08
9.002243928080133628e-08
7.401998658451702795e-08
2.412672905904855725e-08
4.395670050172384435e-09
4.662926711418435843e-10
5.238094402670867566e-10
1.820087636161815681e-09
1.827962115008574528e-09
1.405975869062103811e-08
4.271359799190577178e-08
8.276398233419968165e-08
8.493631042938432074e-08
6.310948919008296798e-08
5.851739004469891370e-08
3.435480877556074120e-08
4.837880762664781287e-09
2.640002105813721300e-10
1.384701686646394592e-09
6.603060320742315525e-10
2.475991855988013413e-09
9.386840638114790636e-09
6.726892110009430326e-08
7.811328117668381310e-08
1.094422543701512041e-07
4.336015635431067494e-08
6.191471868532971712e-08
3.340801768558776530e-08
3.527272252057400692e-09
5.400059288618308528e-10
2.476376881332953417e-10
1.704978172534232783e-11
5.350153653438383117e-10
6.445981526326249877e-09
3.045376573140856635e-08
9.935420308693210245e-08
8.857099942360946443e-08
7.408131352804048220e-08
7.455269468437109026e-08
2.309355018326186837e-08
2.947834643052260617e-09
8.783734850581481624e-10
3.041307483631072728e-11
1.594344767319455514e-09
7.694646031453089563e-10
2.899819273594061997e-09
6.135988428468408529e-08
1.405984733082732419e-07
1.087104379848824465e-07
1.099900686085675261e-07
8.007884133576226304e-08
2.481794503239598271e-08
6.805823016264866965e-09
3.294950756682624160e-09
4.906633432888440893e-10
5.777701650444555526e-10
1.212468458966498019e-09
5.016064008600551460e-09
4.186923163729261432e-08
1.082969447452342138e-07
8.745488599970485666e-08
3.587932440041186055e-08
6.142803954389819410e-08
1.999672960550924472e-08
6.307868893884460704e-09
1.793949100381553308e-09
1.370446978121719894e-09
4.068082815056328627e-10
1.247085212874310400e-10
1.426027917972305659e-08
4.230858507980883587e-08
9.794701583132336964e-08
7.435797044763603481e-08
6.018218101644379203e-08
8.326875189368365682e-08
2.876351068437088543e-08
2.260530651554404358e-09
1.582566411251207228e-09
4.755267846157096301e-10
2.306548507746697396e-09
5.646530354397327756e-09
1.178699982062880736e-08
3.700909090298409865e-08
7.085198916456647567e-08
9.495143160620500566e-08
7.034448401554982411e-08
6.298569843465884333e-08
2.533525211845244485e-08
4.515520402037509484e-09
4.774933226592281699e-10
8.200662926505231098e-10
5.040492676022800822e-11
2.405992516330002218e-09
2.936593634927930907e-09
5.177996698080278293e-08
9.014217283720427076e-08
8.241521953777919407e-08
4.050323454407589452e-08
7.180202032941451762e-08
2.960636891202739207e-08
3.532277803586225673e-09
1.373959390704726502e-09
7.681167368822627850e-10
9.403337830615754456e-11
1.652974840338217177e-10
6.854717238269358859e-09
2.878874205691772659e-08
1.207108368816989241e-07
1.360144779027905315e-07
8.385816840927873272e-08
3.476387178125150967e-08
1.542930583298129932e-08
5.452004625539075278e-09
1.323026022070905583e-09
3.185674501970936490e-10
7.316255379308245210e-10
4.625820615444808936e-09
2.723072967114603671e-08
5.024424964972240559e-08
9.817054547056613956e-08
8.177789823093917221e-08
5.665120283993019257e-08
4.374150819330679951e-08
2.005501364976680634e-08
1.027677498655066302e-08
1.203850019670937854e-09
4.430617817074988807e-10
8.412948671043807281e-10
1.109369707208429645e-09
2.861543002552480175e-09
5.753248899509344483e-08
1.096039028425366268e-07
1.041180937022545550e-07
6.727606205458869226e-08
6.371154626094721607e-08
3.189720843010945828e-08
5.246925560697945912e-09
1.648185254943257405e-09
7.908225463371110209e-11
4.944729625755428515e-10
2.159934009426933699e-09
5.895719024096024441e-09
3.472158383033274731e-08
1.148038748510771256e-07
8.949288599069404881e-08
6.448257039437521598e-08
3.751033972321238252e-08
2.577134594616836694e-08
2.871502369217182604e-09
5.367119526589192446e-10
2.491711004193319923e-10
7.488454856208193178e-10
7.981226790576556596e-10
4.891865579281784449e-09
5.280356418779774685e-08
7.950074376594784553e-08
8.474668788949202280e-08
2.865087544989819435e-08
6.182041545343963662e-08
2.608439864104639128e-08
6.578118494360296609e-09
1.027734355951714917e-10
2.806569143753989692e-10
2.242162011611981143e-10
8.015748620415763526e-10
3.966568851154761433e-09
5.449341244911920512e-08
1.047592235181582510e-07
1.121840469409107754e-07
9.952211144081957173e-08
5.239944655954786867e-08
1.876316346738349239e-08
6.170607136368744250e-09
1.718283182405855314e-09
9.412007284659296147e-11
8.765428383128437417e-10
1.753630463063871048e-09
7.458534234672242746e-09
8.210203361613821471e-08
1.129704259028585511e-07
9.701335557110724039e-08
8.728007117042579921e-08
4.513206874889874598e-08
2.196254911268624710e-08
2.604909177250647190e-09
1.853650788419258788e-09
1.839405072701083554e-09
2.096042645005624649e-10
8.443805550595318010e-12
2.541374044540134491e-08
4.846636514344027091e-08
7.281690983518274152e-08
8.515581839674268849e-08
1.184871010195820418e-07
4.626107141803004197e-08
2.193039527753626317e-08
7.215726238740671761e-09
9.259066846567520770e-10
4.124716679321238644e-10
1.373761382428284605e-10
2.468077298090065597e-09
4.223505101208502310e-09
5.422581139669091499e-08
7.749265762413415359e-08
9.617890128765793634e-08
8.769467996216917527e-08
4.265020692173493444e-08
3.254434943755768472e-08
4.971228317884879289e-09
2.104532381697055143e-10
4.934582742421866897e-10
5.494694144125844559e-10
1.654209658141780892e-09
7.301156346173343081e-10
4.628076410995163315e-08
1.097627730928252276e-07
9.378704390883285669e-08
5.755122600703543867e-08
6.701347388116118964e-08
3.155719596747985634e-08
5.694421822965978208e-09
8.159182218747673687e-10
3.280570259889259432e-11
6.673479546748239954e-10
1.395891180422381694e-09
1.718444386789030887e-09
4.161008604341986938e-08
6.653501571918241098e-08
9.705868819764873479e-08
9.774844755838785204e-08
6.296535559613403166e-08
4.025247690719879756e-08
2.151312461506904583e-09
1.045024622392531910e-09
1.631767776455461672e-10
2.218062539194320948e-10
2.393708120607129786e-09
8.224877667828423000e-09
5.099850142187278834e-08
1.169415213553293142e-07
1.200688046765208128e-07
7.312242189527751179e-08
4.824774535450160329e-08
3.497416400932706892e-08
3.025897754582729249e-09
1.546952677067281456e-09
1.104813351915368003e-09
1.342583932917307266e-09
1.796333637393843219e-10
2.454807468410535876e-09
5.835465799464145675e-08
1.055640126423895708e-07
9.432067571424340713e-08
9.151091262538102455e-08
7.945354951743865968e-08
2.451988301288565708e-08
4.035054956830208539e-09
3.503797252335516532e-10
3.513626611884035356e-10
1.662558646309264532e-09
1.479925182401586881e-09
8.627495162727427669e-09
4.191536007169816003e-08
1.035299490581564896e-07
8.543771201630079304e-08
4.272209253031178378e-08
5.272721992355400289e-08
1.305687913344399931e-08
1.178711017679745510e-09
3.357416428206860814e-11
1.541927696635525535e-10
3.791993108404057011e-10
1.765275703391466777e-09
4.967517064358162315e-09
5.346691622776233999e-08
1.366733215490967268e-07
7.367100351984845474e-08
8.445303478765708860e-08
8.775359816581840278e-08
2.362038209469119465e-08
7.018455150387126196e-09
1.006685512727756304e-09
1.458648535290762993e-09
2.588806502501483919e-09
9.562084457570563245e-10
6.530782581393168584e-09
4.481847071247102576e-08
1.060826946286397288e-07
6.572436461738107027e-08
7.681388325408988749e-08
6.355088544296449982e-08
1.264667925937601467e-08
3.737176790252760838e-09
5.835896210726332356e-10
6.532600571595992278e-10
2.963321810156571701e-10
2.619801042769154265e-09
2.918244756955346020e-09
1.891276646404094208e-08
9.203102990795741789e-08
9.930442956829210743e-08
9.324162419943604618e-08
2.489116290860238223e-08
5.498188926367220120e-08
1.941041771758023060e-09
6.551958975364868820e-10
1.558008166924196303e-10
2.331298210034304930e-10
5.571746952703904299e-10
8.276627383452250797e-09
4.071785042469855398e-08
7.790097100723869517e-08
9.772456621703895507e-08
7.690213976729864953e-08
5.364542943198102876e-08
8.275366170096276619e-09
3.181683361219711514e-09
4.357541549815380222e-10
5.048314544175980245e-10
5.839463912415965297e-10
3.576754670220338994e-09
5.939402747401345550e-09
2.866426385139675403e-08
1.141615371125226375e-07
9.742321083194838138e-08
4.115709018037705391e-08
4.910681994374499482e-08
9.385010990570208378e-09
2.783262287309185012e-09
2.265876930529486799e-10
8.328216588582293411e-11
1.290040851920082332e-09
4.998341296413855162e-09
2.025789758164364684e-09
5.080885401298473880e-08
9.397579958658752730e-08
7.394245926661824342e-08
8.364700221363818855e-08
6.469658586638615816e-08
2.684240030248474795e-08
4.313324808435936575e-09
8.085594971340981374e-10
7.132824886291189159e-10
1.053512055371186307e-09
2.234217255647763523e-09
1.091999468627591341e-08
3.918899338373194041e-08
1.162766238849144429e-07
7.571274096562774503e-08
6.150536080440360820e-08
3.615236465748239425e-08
2.894618056359377078e-08
8.188870914693779923e-09
2.639076734922696232e-10
8.867150347313668135e-10
3.237715651138728390e-10
2.310115876369422949e-09
3.639122336807076863e-09
6.719705680779952672e-08
8.847793253607960651e-08
6.047751099913512007e-08
6.584549794297345215e-08
6.075747904787931475e-08
1.516965042469564651e-08
2.762951423207482549e-09
6.404673458249021678e-10
4.186833657549016152e-10
2.156626432991970432e-09
2.164821655270543488e-09
3.689657912531174588e-09
5.165280470009747660e-08
7.663112455702503212e-08
8.042028554200442159e-08
6.651010409086666186e-08
4.692741484291218512e-08
1.791739023815352994e-08
7.002292967683843017e-09
3.540687298908551384e-09
6.826682552585339181e-10
3.859800257188794603e-10
3.402130577256912147e-09
5.015491133519844880e-09
4.013994114870911289e-08
9.485247431939569651e-08
6.844096844815794611e-08
4.081299564973051019e-08
4.053245206137034984e-08
2.309657887167304580e-08
4.364475891804886487e-09
7.004023472312326248e-10
2.229412349175063923e-10
7.994440665015645209e-10
2.381914443461141673e-09
1.483084233200315794e-08
7.959218351061281282e-08
8.291400632742806920e-08
4.738570424933641334e-08
8.364754933154472383e-08
9.501135167511165491e-08
8.886805069607817131e-09
1.230958668330117689e-09
2.188929482116463987e-09
8.779039717410341837e-10
2.751231464870329546e-10
1.670133698006281975e-09
1.452714926131193351e-08
5.036185513063173858e-08
1.422156969965726603e-07
1.096838175840275653e-07
6.429149834730196744e-08
4.855808910519954225e-08
3.237031975800164219e-08
4.025892952341791897e-09
5.556021615005235503e-11
1.177008712716087757e-09
1.222155709967864823e-10
2.734479587207516715e-10
6.070855818052223185e-09
4.246818718911526958e-08
1.092483756792717031e-07
9.546410240091063315e-08
4.449015733598571387e-08
4.434246392293061945e-08
2.109015717621787189e-08
5.296965088774641117e-09
2.698215817442672915e-10
3.781708002303929561e-10
2.573233293112764386e-10
6.307043221021046975e-10
9.524526056736704049e-09
7.538955770769462106e-08
9.900727349076987593e-08
