 1.00	15.00	297.93	84.16	 1.01	214.90	400.93	95937.71
 1.00	45.00	297.08	89.40	 0.73	206.53	402.08	95898.94
 1.00	75.00	297.24	87.75	 0.38	209.20	404.50	95894.91
 1.00	105.00	296.53	94.99	 0.37	160.71	409.52	95892.48
 1.00	135.00	296.92	92.75	 0.48	168.96	405.94	95924.79
 1.00	165.00	296.13	93.91	 1.25	142.32	404.11	95957.90
 1.00	195.00	295.64	90.54	 1.75	164.33	396.78	96097.61
 1.00	225.00	295.92	87.34	 1.76	204.73	392.04	96004.74
 1.00	255.00	296.15	90.38	 1.33	192.66	397.56	95967.59
 1.00	285.00	297.93	78.61	 1.01	267.79	388.32	95977.28
 1.00	315.00	297.08	89.86	 0.38	192.71	403.01	95833.53
 1.00	345.00	296.24	92.29	 0.93	179.21	402.51	95942.55
 2.00	375.00	297.24	89.14	 1.09	189.01	405.81	95808.49
 2.00	405.00	297.01	88.69	 0.97	200.70	403.32	95898.94
 2.00	435.00	296.96	88.20	 0.90	217.38	400.97	95939.32
 2.00	465.00	296.73	93.65	 0.43	176.29	407.83	95881.18
 2.00	495.00	296.52	93.54	 0.91	161.92	403.94	95932.06
 2.00	525.00	295.90	93.86	 1.02	151.49	401.07	95986.97
 2.00	555.00	296.03	91.18	 1.30	175.46	395.59	96024.93
 2.00	585.00	295.68	89.45	 1.57	179.82	393.28	96076.61
 2.00	615.00	296.73	79.60	 1.77	248.86	382.58	96046.73
 2.00	645.00	297.32	83.68	 0.78	231.45	395.36	95961.13
 2.00	675.00	297.30	87.00	 0.16	225.37	397.24	95866.64
 2.00	705.00	296.36	92.67	 0.95	181.77	403.98	95777.81
 3.00	735.00	297.09	87.19	 0.81	204.18	400.70	95838.38
 3.00	765.00	296.97	87.41	 1.04	207.95	400.67	95876.33
 3.00	795.00	296.60	90.53	 0.29	195.80	402.22	96032.20
 3.00	825.00	296.66	92.74	 0.32	184.65	404.83	95954.67
 3.00	855.00	296.48	95.16	 0.77	151.15	409.89	95858.57
 3.00	885.00	296.12	90.71	 0.89	182.82	396.07	95963.55
 3.00	915.00	295.71	93.16	 1.06	160.94	398.79	95912.67
 3.00	945.00	296.57	79.55	 1.62	242.23	381.46	95994.24
 3.00	975.00	296.49	91.61	 1.13	181.65	400.65	95921.56
 3.00	1005.00	297.19	84.93	 0.99	232.64	394.70	95930.44
 3.00	1035.00	296.83	91.14	 0.65	192.99	401.38	95819.80
 3.00	1065.00	297.06	89.09	 0.99	191.17	402.10	95893.29
 4.00	1095.00	296.73	90.45	 0.97	187.10	402.84	95847.26
 4.00	1125.00	297.07	88.47	 0.96	204.23	403.83	95848.07
 4.00	1155.00	296.78	91.05	 0.75	190.91	404.46	95877.14
 4.00	1185.00	296.62	93.82	 0.56	169.06	406.10	95923.98
 4.00	1215.00	296.38	93.01	 0.92	160.85	401.82	95950.63
 4.00	1245.00	295.96	92.34	 1.32	155.83	399.20	96062.88
 4.00	1275.00	295.60	84.63	 1.81	199.35	383.24	96049.16
 4.00	1305.00	295.43	86.85	 1.80	196.44	387.75	96079.84
 4.00	1335.00	296.44	78.08	 1.59	254.10	380.87	96104.07
 4.00	1365.00	297.38	71.94	 1.40	287.24	374.93	96006.35
 4.00	1395.00	298.14	78.22	 0.89	243.14	392.62	95926.40
 4.00	1425.00	297.43	90.94	 0.71	177.79	406.33	95928.83
 5.00	1455.00	297.34	88.52	 0.78	186.77	404.09	96054.00
 5.00	1485.00	297.44	87.68	 0.98	194.85	403.47	96090.34
 5.00	1515.00	297.93	86.81	 0.76	204.13	407.61	96045.12
 5.00	1545.00	297.20	92.62	 0.54	175.42	409.06	95940.94
 5.00	1575.00	297.03	94.70	 0.50	142.50	412.73	95957.90
 5.00	1605.00	296.55	94.07	 0.98	138.88	408.13	95983.74
 5.00	1635.00	296.00	94.04	 1.56	144.72	404.99	96007.16
 5.00	1665.00	296.14	88.13	 1.76	194.45	394.05	96051.58
 5.00	1695.00	297.04	81.93	 1.44	245.52	387.00	95971.63
 5.00	1725.00	297.41	87.50	 0.45	210.98	399.01	95883.60
 5.00	1755.00	297.71	86.06	 0.46	216.44	399.96	95919.94
 5.00	1785.00	296.98	90.38	 0.66	170.81	403.19	95873.10
 6.00	1815.00	296.72	89.97	 0.65	199.17	397.69	95793.96
 6.00	1845.00	296.61	90.86	 0.91	178.95	402.94	95723.70
 6.00	1875.00	296.84	92.85	 0.50	165.15	408.65	95865.83
 6.00	1905.00	296.69	93.58	 0.37	159.12	407.77	95837.57
 6.00	1935.00	296.33	94.80	 0.81	142.69	406.83	95856.14
 6.00	1965.00	295.75	94.01	 1.31	140.09	402.38	95926.40
 6.00	1995.00	295.61	93.65	 1.37	137.59	400.23	95917.52
 6.00	2025.00	296.07	87.19	 1.46	200.62	389.04	95918.33
 6.00	2055.00	296.24	88.04	 0.92	215.01	391.42	95940.13
 6.00	2085.00	297.31	82.58	 0.91	244.13	390.24	95953.86
 6.00	2115.00	297.21	88.59	 0.34	205.79	396.10	95862.60
 6.00	2145.00	297.18	88.01	 0.85	198.84	399.85	95703.51
 7.00	2175.00	296.52	90.87	 0.90	181.67	400.00	95866.64
 7.00	2205.00	296.94	90.24	 0.77	190.12	401.93	95615.48
 7.00	2235.00	296.99	90.29	 0.84	209.38	402.13	95827.07
 7.00	2265.00	296.58	92.56	 0.39	199.17	401.62	95760.04
 7.00	2295.00	296.63	92.41	 0.70	175.29	400.23	95793.96
 7.00	2325.00	296.29	90.36	 1.18	176.44	396.32	95949.82
 7.00	2355.00	295.36	92.04	 1.45	157.06	393.55	96015.24
 7.00	2385.00	295.61	88.95	 1.63	194.63	391.72	95982.13
 7.00	2415.00	296.64	81.64	 1.47	235.32	383.15	95976.47
 7.00	2445.00	296.85	87.52	 0.80	226.82	390.99	95957.09
 7.00	2475.00	297.29	87.43	 0.12	222.76	395.87	95856.95
 7.00	2505.00	296.97	89.34	 0.37	205.93	397.60	95858.57
 8.00	2535.00	297.28	88.25	 0.92	183.60	403.43	95734.20
 8.00	2565.00	296.61	89.48	 0.95	210.97	398.14	95901.37
 8.00	2595.00	296.60	92.33	 0.36	199.01	401.73	95836.76
 8.00	2625.00	296.95	90.96	 0.31	202.71	401.82	95873.91
 8.00	2655.00	297.09	88.07	 1.10	205.65	394.51	95952.25
 8.00	2685.00	296.42	92.30	 0.86	167.68	399.20	95854.53
 8.00	2715.00	296.31	89.50	 0.95	186.16	392.07	96003.12
 8.00	2745.00	296.61	85.90	 1.45	213.48	386.28	95928.02
 8.00	2775.00	297.18	78.39	 1.40	257.49	381.96	96013.62
 8.00	2805.00	297.13	87.74	 0.69	224.92	394.69	96015.24
 8.00	2835.00	297.14	88.67	 0.47	217.44	396.49	95912.67
 8.00	2865.00	297.00	89.85	 0.51	191.13	398.60	96003.12
 9.00	2895.00	296.66	91.79	 1.13	166.60	406.56	95945.78
 9.00	2925.00	297.53	84.38	 1.16	220.33	400.77	96007.97
 9.00	2955.00	296.69	91.47	 0.33	200.32	401.58	96035.43
 9.00	2985.00	296.95	91.49	 0.44	189.36	402.68	96019.27
 9.00	3015.00	296.81	90.93	 0.96	177.49	401.70	96026.54
 9.00	3045.00	296.86	86.74	 1.66	189.26	394.55	96008.78
 9.00	3075.00	296.29	86.55	 1.60	194.21	389.29	96100.03
 9.00	3105.00	296.43	80.87	 1.86	214.76	384.57	96083.07
 9.00	3135.00	297.67	74.07	 1.70	271.63	380.62	96067.73
 9.00	3165.00	299.27	69.60	 1.20	282.39	387.63	95971.63
 9.00	3195.00	297.72	88.75	 0.34	199.62	402.63	95886.83
 9.00	3225.00	297.15	92.76	 0.86	171.21	408.02	95917.52
10.00	3255.00	297.19	91.82	 0.72	180.40	403.83	95860.18
10.00	3285.00	297.49	87.97	 0.80	209.02	404.28	95882.79
10.00	3315.00	297.67	91.26	 0.69	180.63	410.68	95776.19
10.00	3345.00	297.27	91.64	 0.43	197.52	403.27	95923.17
10.00	3375.00	297.27	92.07	 0.82	174.44	405.78	95897.33
10.00	3405.00	296.07	93.04	 1.27	148.99	400.20	96007.97
10.00	3435.00	295.61	93.31	 1.30	148.75	397.47	95993.43
10.00	3465.00	296.11	93.26	 1.43	158.65	401.06	95991.01
10.00	3495.00	296.60	89.89	 1.31	203.64	396.24	95888.45
10.00	3525.00	297.32	86.68	 0.56	230.77	395.05	95828.68
10.00	3555.00	297.33	88.79	 0.72	197.06	403.41	95795.57
10.00	3585.00	297.00	88.18	 1.00	194.32	400.14	95833.53
11.00	3615.00	297.08	88.96	 0.82	191.54	403.55	95706.74
11.00	3645.00	296.74	89.79	 0.88	205.06	401.42	95833.53
11.00	3675.00	296.83	90.73	 0.69	200.41	403.31	95807.69
11.00	3705.00	296.86	90.38	 0.71	195.35	402.82	95789.11
11.00	3735.00	296.80	91.31	 0.67	181.34	399.62	95844.84
11.00	3765.00	296.25	91.60	 0.68	168.52	397.87	95989.39
11.00	3795.00	295.99	92.48	 0.87	157.23	400.32	95940.13
11.00	3825.00	295.51	92.32	 1.53	172.15	395.46	95995.05
11.00	3855.00	296.59	85.66	 1.28	226.71	388.76	95970.82
11.00	3885.00	297.55	83.79	 0.53	240.81	393.43	95912.67
11.00	3915.00	297.06	89.42	 0.42	205.06	399.24	95915.90
11.00	3945.00	296.50	91.73	 0.75	184.67	402.82	95949.82
12.00	3975.00	296.65	89.91	 1.01	188.42	402.29	95863.41
12.00	4005.00	296.39	92.06	 0.73	187.96	402.11	96041.08
12.00	4035.00	296.88	89.60	 0.86	203.85	401.98	96005.55
12.00	4065.00	296.95	91.23	 0.02	187.29	404.55	95875.52
12.00	4095.00	296.45	93.33	 0.74	170.27	404.21	95844.84
12.00	4125.00	296.15	92.56	 1.14	163.96	400.82	95965.17
12.00	4155.00	295.55	91.55	 1.36	166.45	394.42	96007.97
12.00	4185.00	296.19	85.41	 1.59	205.56	389.70	96026.54
12.00	4215.00	296.13	85.64	 1.80	216.68	388.26	96052.39
12.00	4245.00	296.84	84.88	 1.28	235.68	391.20	95961.94
12.00	4275.00	297.64	83.68	 0.37	237.88	394.28	95885.22
12.00	4305.00	296.99	90.97	 0.82	182.34	403.44	95901.37
13.00	4335.00	297.43	89.01	 1.07	187.12	406.38	95860.99
13.00	4365.00	297.53	86.41	 1.07	208.63	403.06	95912.67
13.00	4395.00	296.49	93.86	 0.44	176.94	406.61	95941.75
13.00	4425.00	296.68	93.75	 0.48	181.83	407.78	95879.56
13.00	4455.00	296.09	94.07	 1.61	155.43	404.47	95972.43
13.00	4485.00	295.81	90.56	 1.68	174.65	396.28	96035.43
13.00	4515.00	295.60	89.87	 1.59	180.50	391.63	96058.85
13.00	4545.00	295.94	85.09	 1.81	205.90	389.87	96073.38
13.00	4575.00	297.27	72.56	 1.65	276.72	376.81	96101.65
13.00	4605.00	298.21	69.83	 1.33	281.00	384.12	95923.98
13.00	4635.00	296.15	91.38	 0.39	202.99	400.18	95962.74
13.00	4665.00	296.53	92.26	 0.53	180.01	403.24	95930.44
14.00	4695.00	296.46	90.37	 0.56	202.97	396.37	96119.42
14.00	4725.00	297.09	87.27	 0.73	206.30	397.42	96012.01
14.00	4755.00	296.91	92.28	 0.49	179.81	403.60	96050.77
14.00	4785.00	296.49	92.97	 0.06	184.67	402.81	95972.43
14.00	4815.00	296.22	93.69	 0.70	170.82	403.18	95911.06
14.00	4845.00	296.03	92.92	 1.23	155.83	400.51	95908.64
14.00	4875.00	295.38	92.82	 1.51	158.98	393.57	96083.07
14.00	4905.00	296.37	86.10	 1.22	214.38	390.35	96000.70
14.00	4935.00	296.90	87.33	 0.84	226.77	392.39	95939.32
14.00	4965.00	297.25	83.04	 0.98	240.70	392.05	95920.75
14.00	4995.00	297.54	87.83	 0.14	196.25	400.56	95900.56
14.00	5025.00	296.58	92.13	 0.90	173.12	401.55	95964.36
15.00	5055.00	296.94	87.96	 0.92	192.35	400.57	95898.94
15.00	5085.00	297.39	85.65	 0.82	224.06	396.44	95949.01
15.00	5115.00	296.52	91.21	 0.41	182.18	401.29	95998.28
15.00	5145.00	296.32	93.74	 0.36	141.08	406.76	95983.74
15.00	5175.00	296.44	94.00	 0.94	147.32	406.87	95970.82
15.00	5205.00	295.90	94.40	 1.09	151.19	401.81	96024.93
15.00	5235.00	295.82	89.15	 1.46	176.02	393.55	96000.70
15.00	5265.00	296.10	82.91	 1.50	212.63	385.65	96141.22
15.00	5295.00	297.32	73.63	 1.34	268.06	380.56	96062.08
15.00	5325.00	297.84	76.59	 0.91	262.45	388.35	96033.81
15.00	5355.00	297.28	87.04	 0.21	206.46	399.59	95842.41
15.00	5385.00	296.81	91.92	 0.67	179.13	404.31	95805.26
16.00	5415.00	296.09	93.47	 0.60	174.88	404.11	95838.38
16.00	5445.00	296.57	90.16	 0.55	194.82	401.80	95812.53
16.00	5475.00	296.22	92.92	 0.26	178.32	404.96	95951.44
16.00	5505.00	296.67	92.57	 0.68	174.54	403.81	95892.48
16.00	5535.00	296.51	92.35	 1.00	158.34	402.72	95964.36
16.00	5565.00	296.18	91.84	 1.10	158.46	397.39	95944.17
16.00	5595.00	295.67	87.80	 1.58	178.58	388.39	96027.35
16.00	5625.00	295.70	85.14	 1.85	200.88	384.90	96099.23
16.00	5655.00	297.06	71.35	 1.54	279.90	370.61	96088.73
16.00	5685.00	298.54	68.01	 1.07	286.46	381.20	95995.05
16.00	5715.00	297.87	86.06	 0.51	201.57	399.93	95906.21
16.00	5745.00	297.27	91.39	 0.52	167.70	405.23	95952.25
17.00	5775.00	296.97	91.39	 0.96	172.89	404.49	95934.48
17.00	5805.00	296.70	92.70	 0.74	185.03	402.58	95940.94
17.00	5835.00	296.95	91.62	 0.50	171.74	406.64	95898.94
17.00	5865.00	296.90	93.04	 0.13	173.69	403.87	95893.29
17.00	5895.00	296.97	91.88	 0.65	165.52	403.49	95924.79
17.00	5925.00	296.65	93.87	 1.06	143.64	406.51	95932.86
17.00	5955.00	296.08	91.90	 1.21	146.77	399.26	95935.29
17.00	5985.00	295.82	92.50	 1.60	154.79	398.09	95979.70
17.00	6015.00	297.06	82.74	 1.11	232.51	389.99	96016.85
17.00	6045.00	297.83	82.78	 0.89	233.83	394.83	95856.95
17.00	6075.00	297.48	90.55	 0.21	173.02	406.27	95847.26
17.00	6105.00	297.26	91.10	 0.73	183.97	404.22	95866.64
18.00	6135.00	297.02	90.28	 0.74	179.44	402.39	95779.42
18.00	6165.00	297.16	89.87	 0.68	192.31	402.05	95801.23
18.00	6195.00	297.85	88.27	 0.16	202.42	404.11	95807.69
18.00	6225.00	297.33	90.70	 0.42	183.31	404.90	95840.80
18.00	6255.00	297.04	91.44	 0.77	165.27	403.22	95979.70
18.00	6285.00	296.46	92.41	 1.07	149.20	403.02	95952.25
18.00	6315.00	296.47	88.99	 1.08	165.17	396.85	95940.13
18.00	6345.00	296.39	91.46	 1.08	171.94	396.38	95982.93
18.00	6375.00	297.06	85.93	 0.87	218.34	393.54	95859.37
18.00	6405.00	297.08	90.63	 0.56	183.72	402.32	95879.56
18.00	6435.00	297.19	90.68	 0.43	174.48	402.74	95798.00
18.00	6465.00	297.58	87.41	 0.79	184.34	402.99	95773.77
19.00	6495.00	296.98	90.97	 0.61	179.57	404.62	95902.17
19.00	6525.00	297.20	89.87	 0.73	193.20	403.79	95780.23
19.00	6555.00	297.24	90.87	 0.33	181.19	406.93	95992.62
19.00	6585.00	297.08	90.66	 0.73	189.58	401.28	96020.89
19.00	6615.00	297.25	88.38	 0.93	194.91	395.05	95966.78
19.00	6645.00	296.84	83.71	 1.52	206.86	381.70	96080.65
19.00	6675.00	295.90	88.79	 1.49	174.41	388.94	96072.58
19.00	6705.00	296.59	77.22	 1.69	259.64	372.64	96164.64
19.00	6735.00	297.59	70.35	 1.56	290.90	369.80	96179.18
19.00	6765.00	298.66	67.34	 1.23	295.55	376.91	96137.99
19.00	6795.00	298.00	82.79	 0.66	228.61	395.22	96054.81
19.00	6825.00	297.70	91.16	 0.50	184.93	405.21	95983.74
20.00	6855.00	298.56	84.98	 0.64	212.87	404.06	96007.16
20.00	6885.00	298.05	90.67	 0.51	179.19	410.37	96120.22
20.00	6915.00	297.87	91.04	 0.53	188.61	407.04	96038.66
20.00	6945.00	298.05	92.21	 0.57	166.17	413.20	96003.12
20.00	6975.00	297.78	93.55	 0.47	146.07	414.69	95929.63
20.00	7005.00	297.04	93.20	 0.58	146.07	408.04	95938.52
20.00	7035.00	296.64	93.44	 0.61	147.74	405.66	95935.29
20.00	7065.00	296.42	92.53	 1.19	163.95	402.50	95988.59
20.00	7095.00	297.14	88.75	 1.06	196.94	399.41	95947.40
20.00	7125.00	297.64	90.55	 0.45	192.42	405.72	95867.45
20.00	7155.00	297.60	90.35	 0.45	171.83	407.19	95761.65
20.00	7185.00	297.67	89.74	 0.64	183.12	406.53	95768.92
21.00	7215.00	297.29	91.16	 0.61	155.79	406.18	95671.21
21.00	7245.00	297.50	89.44	 0.73	183.10	405.29	95848.87
21.00	7275.00	297.31	90.70	 0.44	192.84	405.29	95659.09
21.00	7305.00	297.38	91.54	 0.28	183.28	404.86	95802.84
21.00	7335.00	296.65	93.18	 0.91	148.86	404.36	95919.13
21.00	7365.00	296.48	91.41	 1.00	158.85	399.84	95970.82
21.00	7395.00	296.04	89.96	 1.27	157.95	396.31	95956.28
21.00	7425.00	296.35	85.10	 1.56	199.11	390.47	96053.19
21.00	7455.00	296.63	86.71	 1.32	208.46	392.53	95969.20
21.00	7485.00	297.02	89.37	 0.70	199.26	399.01	95879.56
21.00	7515.00	297.04	91.90	 0.63	172.53	404.54	95810.11
21.00	7545.00	297.08	91.10	 0.52	158.39	406.02	95747.93
22.00	7575.00	296.76	91.51	 0.57	156.86	404.15	95794.77
22.00	7605.00	297.01	90.90	 0.55	176.07	404.62	95774.58
22.00	7635.00	297.13	89.70	 0.39	188.49	404.58	95786.69
22.00	7665.00	297.13	91.91	 0.26	184.00	404.50	95800.42
22.00	7695.00	297.17	91.78	 0.37	164.86	404.32	95883.60
22.00	7725.00	295.86	95.29	 0.84	82.88	407.56	95949.01
22.00	7755.00	296.08	92.04	 1.38	142.77	400.93	95929.63
22.00	7785.00	296.22	89.10	 1.24	178.19	395.10	95947.40
22.00	7815.00	297.10	85.72	 1.39	219.21	391.60	95955.48
22.00	7845.00	297.05	91.28	 0.53	185.78	405.43	95824.65
22.00	7875.00	297.78	90.16	 0.34	181.93	407.02	95726.12
22.00	7905.00	297.84	89.23	 0.74	183.05	404.69	95720.47
23.00	7935.00	297.14	91.78	 0.38	162.80	406.00	95791.54
23.00	7965.00	297.67	88.85	 0.87	164.52	406.92	95682.51
23.00	7995.00	297.41	90.42	 0.47	186.62	404.80	95834.34
23.00	8025.00	297.34	93.58	 0.25	155.96	409.82	95846.45
23.00	8055.00	297.21	91.64	 0.93	158.39	403.13	95928.02
23.00	8085.00	296.38	93.26	 0.91	126.25	403.15	95911.06
23.00	8115.00	296.19	92.11	 1.36	154.75	398.74	95952.25
23.00	8145.00	296.45	87.12	 1.64	184.64	396.02	95989.39
23.00	8175.00	296.98	86.96	 1.30	203.50	393.02	95959.51
23.00	8205.00	297.68	88.30	 0.57	209.63	400.63	95894.91
23.00	8235.00	297.52	90.51	 0.56	177.11	405.47	95848.07
23.00	8265.00	297.25	90.56	 0.48	152.32	404.30	95944.17
24.00	8295.00	297.02	91.13	 0.63	157.21	406.39	95898.14
24.00	8325.00	297.37	89.68	 0.67	167.12	404.96	95982.93
24.00	8355.00	296.83	92.71	 0.38	149.24	407.94	95890.06
24.00	8385.00	297.46	91.39	 0.39	170.02	404.99	95853.72
24.00	8415.00	297.10	92.37	 0.98	154.25	404.23	95935.29
24.00	8445.00	296.38	94.29	 1.12	120.17	405.41	95968.40
24.00	8475.00	296.38	89.35	 1.71	171.97	396.09	96059.65
24.00	8505.00	296.12	86.32	 1.60	193.74	390.89	96023.31
24.00	8535.00	297.03	82.50	 1.19	231.88	390.48	96075.00
24.00	8565.00	298.48	72.44	 1.08	274.88	382.81	95931.25
24.00	8595.00	298.01	87.20	 0.45	190.51	402.92	95891.68
24.00	8625.00	297.25	92.12	 0.32	164.15	406.16	95964.36
25.00	8655.00	297.40	91.98	 0.56	156.51	406.95	95967.59
25.00	8685.00	297.47	89.45	 0.87	157.96	408.38	95869.06
25.00	8715.00	297.11	92.10	 0.27	165.66	406.66	95952.25
25.00	8745.00	297.31	93.14	 0.47	162.14	408.14	95909.44
25.00	8775.00	297.20	91.90	 1.00	160.49	404.93	95914.29
25.00	8805.00	296.90	87.92	 1.37	164.98	397.68	95978.90
25.00	8835.00	296.28	89.46	 1.44	159.12	396.30	96036.23
25.00	8865.00	296.57	89.36	 1.53	170.73	399.77	96007.16
25.00	8895.00	297.08	84.67	 1.22	223.77	393.24	96023.31
25.00	8925.00	297.47	85.98	 0.72	221.68	396.14	95949.01
25.00	8955.00	297.14	91.36	 0.46	188.26	402.18	95873.10
25.00	8985.00	296.97	91.25	 0.84	148.73	406.17	95856.14
26.00	9015.00	297.42	91.54	 0.48	158.70	407.76	95903.79
26.00	9045.00	297.35	89.01	 0.77	161.60	405.49	95873.10
26.00	9075.00	297.81	90.15	 0.66	178.16	409.42	95828.68
26.00	9105.00	297.31	92.77	 0.69	153.13	409.21	95919.13
26.00	9135.00	297.60	89.75	 0.51	175.38	403.04	95874.72
26.00	9165.00	296.53	90.32	 1.31	168.95	395.11	96054.81
26.00	9195.00	296.03	91.23	 1.68	155.41	396.55	95997.47
26.00	9225.00	296.47	80.51	 1.60	218.27	385.76	96037.04
26.00	9255.00	297.18	80.36	 1.55	236.78	391.44	96039.46
26.00	9285.00	298.49	77.81	 0.78	252.48	393.02	95980.51
26.00	9315.00	298.10	86.56	 0.16	207.09	403.09	95873.10
26.00	9345.00	297.58	90.46	 0.49	174.05	405.01	95847.26
27.00	9375.00	297.60	89.66	 0.81	169.02	405.25	95890.87
27.00	9405.00	297.49	90.88	 0.67	176.22	406.16	96018.47
27.00	9435.00	297.73	89.51	 0.51	187.62	404.71	95978.90
27.00	9465.00	297.33	91.82	 0.19	157.23	407.94	96007.97
27.00	9495.00	296.88	94.00	 1.14	124.19	408.42	95940.94
27.00	9525.00	296.97	90.25	 1.08	165.37	398.65	95916.71
27.00	9555.00	296.43	91.60	 1.19	148.93	402.13	96009.58
27.00	9585.00	296.50	90.02	 1.55	175.91	399.30	96020.08
27.00	9615.00	297.15	86.38	 1.21	210.28	395.61	95986.97
27.00	9645.00	297.71	88.31	 0.51	207.26	400.48	95913.48
27.00	9675.00	297.54	90.52	 0.57	178.21	403.84	95853.72
27.00	9705.00	297.36	92.05	 0.59	160.11	407.02	95807.69
28.00	9735.00	297.88	87.88	 0.76	173.35	406.46	95782.65
28.00	9765.00	297.86	89.38	 0.54	175.52	407.37	95855.33
28.00	9795.00	297.93	88.34	 0.63	192.81	405.67	95810.92
28.00	9825.00	297.66	90.04	 0.46	185.37	405.53	95839.99
28.00	9855.00	297.15	93.42	 0.55	159.02	404.30	95951.44
28.00	9885.00	296.32	93.49	 1.11	132.91	403.28	95973.24
28.00	9915.00	296.80	85.67	 1.65	191.79	393.19	96054.81
28.00	9945.00	296.44	80.93	 1.97	210.41	386.78	96051.58
28.00	9975.00	297.32	77.58	 1.61	237.52	385.38	96037.85
28.00	10005.00	298.27	73.95	 1.45	267.70	388.90	96058.04
28.00	10035.00	298.09	84.10	 0.69	230.72	394.87	95890.06
28.00	10065.00	297.74	91.49	 0.10	172.49	407.67	95831.91
29.00	10095.00	298.30	88.09	 0.70	174.31	410.41	95881.18
29.00	10125.00	297.45	90.43	 0.71	181.32	405.07	95902.17
29.00	10155.00	297.63	88.92	 0.63	194.44	403.74	95854.53
29.00	10185.00	297.34	92.93	 0.32	158.97	409.07	95910.25
29.00	10215.00	297.26	91.07	 1.02	165.96	403.39	95946.59
29.00	10245.00	297.03	93.48	 0.68	128.41	410.18	95799.61
29.00	10275.00	296.40	90.60	 1.69	145.68	399.99	95982.13
29.00	10305.00	296.12	89.57	 1.67	165.52	397.26	95993.43
29.00	10335.00	297.16	82.83	 1.54	219.63	391.76	95916.71
29.00	10365.00	297.90	86.68	 0.82	212.83	401.81	95865.83
29.00	10395.00	297.80	88.44	 0.45	187.05	403.39	95766.50
29.00	10425.00	297.73	90.92	 0.49	165.84	407.48	95697.86
30.00	10455.00	297.68	89.27	 0.83	178.56	405.60	95779.42
30.00	10485.00	297.92	86.39	 0.73	180.85	405.48	95757.62
30.00	10515.00	297.15	91.99	 0.21	166.73	404.45	95820.61
30.00	10545.00	296.97	93.33	 0.65	158.13	406.85	95815.76
30.00	10575.00	296.83	91.73	 1.25	156.07	401.57	95921.56
30.00	10605.00	296.47	93.17	 1.28	134.75	404.69	95970.82
30.00	10635.00	295.84	93.43	 1.49	124.02	401.07	95986.97
30.00	10665.00	295.96	92.77	 1.52	144.17	402.55	95997.47
30.00	10695.00	297.04	86.93	 1.34	204.85	396.77	95957.90
30.00	10725.00	297.44	91.35	 0.78	183.26	403.45	95923.17
30.00	10755.00	297.62	92.76	 0.12	160.43	407.27	95788.31
30.00	10785.00	297.49	92.14	 0.66	157.62	408.73	95754.39
31.00	10815.00	297.52	91.28	 0.78	163.41	407.38	95823.03
31.00	10845.00	297.65	89.35	 0.77	177.50	405.97	95738.23
31.00	10875.00	297.44	91.24	 0.49	179.02	405.97	95873.91
31.00	10905.00	297.58	91.84	 0.38	182.63	406.25	95845.64
31.00	10935.00	297.56	91.52	 0.46	161.51	404.98	95835.95
31.00	10965.00	297.05	90.29	 1.29	156.35	399.75	95975.67
31.00	10995.00	296.84	87.02	 1.40	172.82	396.34	95977.28
31.00	11025.00	297.37	83.38	 1.63	209.85	394.54	95946.59
31.00	11055.00	298.41	77.36	 1.27	256.12	390.27	95922.36
31.00	11085.00	298.08	83.00	 1.05	225.32	393.33	95961.94
31.00	11115.00	298.26	87.25	 0.26	189.84	404.60	95793.15
31.00	11145.00	297.95	89.86	 0.64	178.01	405.33	95878.75
32.00	11175.00	297.97	88.90	 1.08	178.84	405.93	95915.10
32.00	11205.00	298.44	87.00	 0.76	202.52	406.01	95974.86
32.00	11235.00	297.97	92.69	 0.56	168.11	412.13	95958.71
32.00	11265.00	298.38	90.93	 0.44	181.26	410.62	95932.86
32.00	11295.00	298.19	92.43	 0.31	157.82	411.71	95802.03
32.00	11325.00	297.39	92.13	 1.03	146.68	407.68	95961.13
32.00	11355.00	297.05	92.56	 0.95	141.84	405.16	95934.48
32.00	11385.00	296.98	92.25	 0.95	154.22	406.04	95945.78
32.00	11415.00	297.43	91.46	 0.52	173.55	405.96	95884.41
32.00	11445.00	297.72	91.43	 0.24	178.24	407.53	95808.49
32.00	11475.00	297.74	91.60	 0.14	168.29	405.13	95779.42
32.00	11505.00	297.70	90.62	 0.62	171.80	404.94	95627.60
33.00	11535.00	297.61	89.39	 0.68	187.90	402.20	95697.86
33.00	11565.00	297.60	88.95	 0.73	185.65	404.36	95747.93
33.00	11595.00	297.81	89.53	 0.59	194.52	404.41	95756.00
33.00	11625.00	298.05	90.08	 0.21	181.57	407.28	95823.84
33.00	11655.00	297.54	92.28	 0.86	157.71	405.68	95896.52
33.00	11685.00	297.01	91.36	 1.36	151.61	400.63	95925.59
33.00	11715.00	296.52	88.83	 1.54	171.75	395.43	95954.67
33.00	11745.00	296.66	86.30	 1.84	190.40	393.16	95983.74
33.00	11775.00	297.01	87.80	 1.34	209.18	395.36	95997.47
33.00	11805.00	297.83	88.14	 0.76	214.58	397.86	95863.41
33.00	11835.00	297.88	90.60	 0.25	201.31	402.12	95773.77
33.00	11865.00	298.02	90.04	 0.68	177.64	407.33	95714.01
34.00	11895.00	298.03	88.39	 0.61	183.44	405.14	95781.04
34.00	11925.00	297.78	90.17	 0.30	184.83	404.22	95766.50
34.00	11955.00	297.88	89.00	 0.51	183.13	404.73	95773.77
34.00	11985.00	297.59	91.21	 0.35	179.61	405.80	95916.71
34.00	12015.00	297.65	89.58	 0.80	173.97	400.83	95860.99
34.00	12045.00	296.89	91.59	 1.12	149.38	400.19	95963.55
34.00	12075.00	296.34	90.92	 1.37	149.98	397.50	95928.02
34.00	12105.00	296.74	85.69	 1.74	190.04	394.87	96029.77
34.00	12135.00	297.54	82.72	 1.20	236.74	390.72	95982.93
34.00	12165.00	298.14	83.13	 0.96	234.05	394.95	95900.56
34.00	12195.00	297.94	90.45	 0.35	199.43	402.63	95844.84
34.00	12225.00	297.98	90.92	 0.42	191.68	404.34	95774.58
35.00	12255.00	298.66	86.17	 0.72	189.82	406.57	95829.49
35.00	12285.00	298.07	90.26	 0.58	186.09	407.12	95791.54
35.00	12315.00	298.17	89.75	 0.65	211.16	404.65	95897.33
35.00	12345.00	298.05	90.96	 0.18	171.45	409.15	95853.72
35.00	12375.00	298.05	90.59	 0.26	168.05	407.25	95871.49
35.00	12405.00	297.74	90.68	 0.44	167.83	405.66	95811.73
35.00	12435.00	296.62	92.55	 0.92	128.49	405.84	95898.14
35.00	12465.00	296.85	87.12	 1.49	184.40	395.81	95986.16
35.00	12495.00	297.45	84.26	 1.26	220.80	391.51	95938.52
35.00	12525.00	298.59	80.43	 0.93	242.90	393.70	95944.17
35.00	12555.00	297.85	89.75	 0.21	196.95	402.02	95785.88
35.00	12585.00	298.11	90.59	 0.44	163.14	410.79	95771.35
36.00	12615.00	298.22	85.92	 1.05	184.43	404.69	95821.42
36.00	12645.00	298.25	85.56	 0.56	198.98	403.11	95843.22
36.00	12675.00	297.95	89.70	 0.29	189.61	405.09	95927.21
36.00	12705.00	298.26	88.81	 0.35	196.40	406.89	95885.22
36.00	12735.00	298.02	90.30	 0.76	169.92	407.76	95912.67
36.00	12765.00	297.46	92.78	 0.84	138.57	409.19	95889.25
36.00	12795.00	296.99	90.03	 1.31	162.45	400.16	96007.97
36.00	12825.00	296.55	87.16	 1.86	184.08	393.62	96062.88
36.00	12855.00	297.52	76.56	 1.67	256.35	381.21	96048.35
36.00	12885.00	299.02	66.83	 1.43	287.58	380.24	95949.82
36.00	12915.00	298.56	84.01	 0.39	226.83	399.11	95865.03
36.00	12945.00	298.46	88.80	 0.59	178.24	408.29	95820.61
37.00	12975.00	298.32	87.57	 0.77	180.41	405.97	95912.67
37.00	13005.00	297.78	89.31	 0.66	167.77	406.35	95963.55
37.00	13035.00	297.84	90.39	 0.33	173.99	406.59	96032.20
37.00	13065.00	298.18	88.16	 0.25	192.84	405.32	95922.36
37.00	13095.00	297.83	87.97	 1.10	172.14	402.71	96014.43
37.00	13125.00	297.09	92.44	 1.29	136.64	404.62	95998.28
37.00	13155.00	296.88	85.34	 1.94	194.74	389.23	96097.61
37.00	13185.00	297.09	78.85	 1.92	228.83	384.75	96098.42
37.00	13215.00	297.95	70.29	 1.86	276.41	375.53	96093.57
37.00	13245.00	298.74	71.60	 1.64	274.34	384.27	96104.88
37.00	13275.00	298.98	83.91	 0.51	230.03	401.98	95875.52
37.00	13305.00	298.70	88.28	 0.50	185.30	407.73	95954.67
