1.00 15.00 293.58 67.81 4.33 216.07 378.90 87694.67 8.86 -65.92 -10.17 19.05 -65.92 -10.17
1.00 45.00 293.42 72.23 2.56 210.23 384.16 87701.16 9.51 -68.25 -10.51 18.21 -68.25 -10.51
1.00 75.00 293.70 69.48 3.09 212.82 381.82 87695.32 6.61 -45.91 -7.53 16.26 -45.91 -7.53
1.00 105.00 293.47 73.32 4.49 190.23 381.65 87705.18 3.70 -28.93 -5.22 8.10 -28.93 -5.22
1.00 135.00 294.16 71.60 5.02 221.09 367.46 87843.94 0.38 -24.46 -4.28 1.21 -24.46 -4.28
1.00 165.00 293.31 72.81 5.12 236.81 341.89 87972.44 0.01 -28.78 -4.86 0.15 -28.78 -4.86
1.00 195.00 293.89 67.22 4.01 244.07 339.75 88007.14 0.04 -35.46 -5.51 0.03 -35.46 -5.51
1.00 225.00 296.27 60.86 3.10 258.97 354.21 87719.47 0.04 -39.90 -5.84 0.23 -39.90 -5.84
1.00 255.00 297.86 46.02 3.72 286.65 357.74 87682.51 0.95 -22.25 -4.19 1.72 -22.25 -4.19
1.00 285.00 297.26 78.12 3.22 258.76 377.18 87645.53 5.74 -39.32 -6.70 6.91 -39.32 -6.70
1.00 315.00 293.84 64.75 3.18 214.93 381.75 87654.05 5.39 -44.99 -7.24 15.05 -44.99 -7.24
1.00 345.00 292.90 65.09 3.56 189.45 382.40 87794.57 11.22 -69.61 -10.73 16.29 -69.61 -10.73
2.00 375.00 293.23 70.67 3.54 200.93 381.85 87762.04 10.95 -79.58 -11.92 17.75 -79.58 -11.92
2.00 405.00 293.71 70.41 2.99 227.19 379.29 87680.10 6.56 -37.80 -6.60 18.37 -37.80 -6.60
2.00 435.00 294.15 62.63 3.33 247.62 372.42 87674.15 11.66 -77.31 -11.69 14.93 -77.31 -11.69
2.00 465.00 293.98 69.10 3.94 212.10 379.84 87730.74 3.06 -47.58 -7.32 6.84 -47.58 -7.32
2.00 495.00 294.42 69.39 4.27 220.10 369.30 87859.67 0.36 -27.05 -4.48 1.15 -27.05 -4.48
2.00 525.00 294.54 62.02 4.93 229.94 351.60 87955.21 0.05 -29.70 -4.73 0.07 -29.70 -4.73
2.00 555.00 294.35 61.76 4.35 235.34 345.21 87981.14 0.01 -32.70 -5.31 0.07 -32.70 -5.31
2.00 585.00 296.23 56.11 3.48 260.28 351.48 87880.25 0.02 -27.26 -4.60 0.22 -27.26 -4.60
2.00 615.00 297.52 57.88 2.80 255.31 373.55 87722.80 0.06 -35.40 -5.41 1.56 -35.40 -5.41
2.00 645.00 296.85 80.31 3.65 261.80 373.39 87706.26 3.74 -47.80 -7.35 6.76 -47.80 -7.35
2.00 675.00 294.01 61.69 3.19 212.71 380.05 87715.92 7.95 -49.52 -8.06 13.95 -49.52 -8.06
2.00 705.00 293.03 63.52 3.63 202.00 380.63 87707.45 9.27 -89.39 -13.12 19.06 -89.39 -13.12
3.00 735.00 293.02 71.18 3.77 200.70 380.16 87759.76 9.53 -65.77 -10.09 21.34 -65.77 -10.09
3.00 765.00 293.68 70.25 2.75 219.81 381.41 87686.21 5.75 -37.37 -6.36 16.88 -37.37 -6.36
3.00 795.00 293.77 68.88 2.81 221.15 378.37 87698.02 6.48 -45.50 -7.58 15.98 -45.50 -7.58
3.00 825.00 293.97 68.48 4.31 219.63 376.24 87731.76 3.14 -45.07 -6.98 8.88 -45.07 -6.98
3.00 855.00 293.79 71.01 4.65 212.49 361.77 87826.38 0.35 -33.28 -5.31 1.45 -33.28 -5.31
3.00 885.00 293.64 67.91 5.09 241.42 336.90 87953.51 0.01 -29.35 -4.84 0.15 -29.35 -4.84
3.00 915.00 293.78 64.00 3.96 248.35 333.57 87903.27 0.05 -35.74 -5.54 0.06 -35.74 -5.54
3.00 945.00 295.89 65.44 2.78 242.06 360.19 87798.17 0.12 -38.65 -5.70 0.29 -38.65 -5.70
3.00 975.00 297.02 59.25 3.34 260.71 366.87 87729.56 0.21 -40.55 -5.87 2.07 -40.55 -5.87
3.00 1005.00 296.40 91.89 3.32 246.26 379.04 87675.70 3.61 -45.52 -6.94 8.50 -45.52 -6.94
3.00 1035.00 294.97 53.15 3.10 233.99 378.24 87657.81 7.54 -52.27 -8.21 14.81 -52.27 -8.21
3.00 1065.00 293.48 62.11 4.22 220.09 377.09 87747.02 10.80 -75.20 -11.33 16.23 -75.20 -11.33
4.00 1095.00 293.46 69.69 3.64 216.37 380.69 87677.65 11.09 -82.57 -12.18 18.07 -82.57 -12.18
4.00 1125.00 293.90 68.86 2.68 225.53 379.35 87640.43 8.54 -39.91 -6.68 20.77 -39.91 -6.68
4.00 1155.00 294.22 65.37 3.18 241.04 375.36 87646.50 6.04 -27.08 -5.21 17.02 -27.08 -5.21
4.00 1185.00 293.89 69.23 4.08 214.69 375.17 87717.31 2.39 -40.75 -6.62 6.62 -40.75 -6.62
4.00 1215.00 294.24 73.77 4.57 204.84 372.84 87777.77 1.12 -29.11 -4.94 1.17 -29.11 -4.94
4.00 1245.00 294.77 65.28 5.19 231.01 354.43 87938.84 0.03 -34.26 -5.33 0.06 -34.26 -5.33
4.00 1275.00 294.32 66.68 4.15 224.82 347.84 87916.09 0.00 -36.19 -5.59 0.03 -36.19 -5.59
4.00 1305.00 296.15 60.82 3.34 247.27 359.49 87836.79 0.02 -40.34 -5.85 0.27 -40.34 -5.85
4.00 1335.00 297.54 59.56 3.31 250.94 374.32 87722.59 0.09 -34.21 -5.10 1.94 -34.21 -5.10
4.00 1365.00 295.32 99.45 3.11 223.62 379.93 87660.74 3.10 -59.64 -9.00 6.03 -59.64 -9.00
4.00 1395.00 293.22 69.31 3.09 188.43 382.81 87696.69 8.60 -60.52 -9.31 18.32 -60.52 -9.31
4.00 1425.00 293.27 64.98 3.43 188.95 384.02 87737.21 11.88 -72.35 -11.05 20.86 -72.35 -11.05
5.00 1455.00 293.60 70.72 3.76 194.94 385.72 87823.16 8.56 -71.41 -10.76 19.76 -71.41 -10.76
5.00 1485.00 294.43 69.23 2.70 234.62 382.46 87773.25 6.49 -66.79 -9.96 24.35 -66.79 -9.96
5.00 1515.00 294.42 69.42 3.20 218.42 384.56 87758.33 8.71 -40.00 -6.89 18.58 -40.00 -6.89
5.00 1545.00 294.44 68.29 4.42 229.08 375.92 87749.53 5.64 -39.54 -6.59 6.04 -39.54 -6.59
5.00 1575.00 295.67 61.72 4.91 240.30 366.31 87742.92 0.47 -35.22 -5.49 1.99 -35.22 -5.49
5.00 1605.00 295.67 61.09 4.89 224.82 362.33 87850.43 0.04 -31.28 -4.98 0.21 -31.28 -4.98
5.00 1635.00 295.46 62.15 3.94 222.38 358.84 87852.98 0.03 -37.08 -5.72 0.02 -37.08 -5.72
5.00 1665.00 295.94 72.55 2.58 232.25 367.48 87871.83 0.04 -33.10 -5.08 0.14 -33.10 -5.08
5.00 1695.00 297.43 50.37 3.35 278.32 359.03 87727.02 0.15 -33.57 -5.21 1.58 -33.57 -5.21
5.00 1725.00 295.73 94.90 2.70 236.97 378.17 87673.88 1.90 -47.85 -7.20 6.90 -47.85 -7.20
5.00 1755.00 294.33 59.94 3.08 221.73 377.95 87789.56 6.78 -41.75 -7.03 12.51 -41.75 -7.03
5.00 1785.00 292.66 64.73 3.69 187.56 380.29 87774.96 10.69 -70.93 -10.93 17.57 -70.93 -10.93
6.00 1815.00 292.40 71.58 4.05 189.84 378.59 87686.45 8.39 -57.67 -9.17 17.98 -57.67 -9.17
6.00 1845.00 293.09 71.45 2.45 226.68 379.38 87585.59 8.08 -69.80 -10.58 18.33 -69.80 -10.58
6.00 1875.00 293.63 66.24 3.58 231.11 374.00 87633.54 5.94 -46.92 -7.71 21.65 -46.92 -7.71
6.00 1905.00 293.67 65.87 4.76 224.16 373.69 87708.69 2.46 -25.01 -4.53 7.40 -25.01 -4.53
6.00 1935.00 294.94 55.22 5.22 243.16 357.46 87734.60 0.42 -36.96 -5.77 1.34 -36.96 -5.77
6.00 1965.00 294.17 59.86 5.45 233.59 344.61 87947.69 0.10 -38.29 -5.82 0.12 -38.29 -5.82
6.00 1995.00 294.77 61.48 3.95 214.05 356.43 87835.19 0.02 -33.97 -5.34 0.08 -33.97 -5.34
6.00 2025.00 296.04 60.72 2.96 241.72 359.19 87800.76 0.03 -41.20 -6.01 0.34 -41.20 -6.01
6.00 2055.00 297.39 47.80 3.34 286.39 353.14 87638.78 0.63 -4.91 -2.36 1.12 -4.91 -2.36
6.00 2085.00 296.03 90.30 3.66 255.23 372.84 87656.09 4.44 -42.09 -6.92 6.16 -42.09 -6.92
6.00 2115.00 293.52 63.95 3.46 205.72 378.11 87704.57 6.89 -45.20 -7.44 13.15 -45.20 -7.44
6.00 2145.00 292.75 65.19 3.45 193.56 380.44 87651.11 10.03 -50.60 -8.31 18.29 -50.60 -8.31
7.00 2175.00 293.28 69.55 3.81 214.83 378.74 87645.17 9.39 -71.87 -10.77 20.13 -71.87 -10.77
7.00 2205.00 292.50 72.46 3.66 192.62 379.56 87679.59 6.93 -70.98 -10.72 20.62 -70.98 -10.72
7.00 2235.00 293.89 64.48 3.43 227.10 374.63 87612.09 6.58 -24.81 -4.83 19.95 -24.81 -4.83
7.00 2265.00 293.47 67.71 4.50 214.71 372.45 87684.30 1.98 -26.56 -4.65 8.12 -26.56 -4.65
7.00 2295.00 294.54 62.79 4.90 233.39 363.68 87762.76 0.33 -39.72 -6.03 1.15 -39.72 -6.03
7.00 2325.00 294.25 62.17 4.99 232.99 348.69 87960.72 0.03 -36.56 -5.56 0.13 -36.56 -5.56
7.00 2355.00 294.16 62.20 4.15 243.46 338.07 87913.80 0.01 -28.02 -4.77 0.04 -28.02 -4.77
7.00 2385.00 295.46 61.44 3.42 251.23 350.10 87878.52 0.17 -6.93 -2.33 0.25 -6.93 -2.33
7.00 2415.00 296.51 64.55 3.00 245.66 372.16 87705.08 0.24 -26.80 -4.45 2.10 -26.80 -4.45
7.00 2445.00 297.04 79.68 3.40 246.42 381.53 87635.05 3.46 -35.38 -5.92 6.34 -35.38 -5.92
7.00 2475.00 294.12 59.39 3.63 216.73 376.21 87712.46 8.27 -54.85 -8.68 12.45 -54.85 -8.68
7.00 2505.00 293.39 63.46 3.73 199.97 380.92 87673.84 8.67 -46.38 -7.70 19.62 -46.38 -7.70
8.00 2535.00 293.07 71.13 3.49 192.22 381.16 87749.00 7.50 -53.12 -8.38 17.94 -53.12 -8.38
8.00 2565.00 293.56 68.90 2.69 227.24 375.75 87638.31 7.46 -28.38 -5.59 18.89 -28.38 -5.59
8.00 2595.00 293.35 68.83 3.03 220.33 377.28 87652.81 7.02 -38.58 -6.57 19.18 -38.58 -6.57
8.00 2625.00 293.86 67.84 4.34 220.34 374.52 87670.01 5.86 -45.17 -7.52 5.14 -45.17 -7.52
8.00 2655.00 294.05 71.70 4.74 222.77 365.96 87817.71 0.45 -24.74 -4.44 1.24 -24.74 -4.44
8.00 2685.00 293.42 70.38 4.92 237.94 339.55 87880.28 0.11 -30.95 -4.92 0.15 -30.95 -4.92
8.00 2715.00 293.56 65.74 3.98 246.27 331.26 87993.78 0.09 -12.80 -2.90 0.04 -12.80 -2.90
8.00 2745.00 295.83 61.74 3.24 270.66 341.23 87803.16 0.08 -26.56 -4.43 0.29 -26.56 -4.43
8.00 2775.00 297.02 60.71 3.17 260.45 367.11 87777.24 0.15 -40.95 -5.97 1.22 -40.95 -5.97
8.00 2805.00 295.32 102.35 2.73 219.58 378.60 87719.58 2.70 -49.09 -7.52 7.11 -49.09 -7.52
8.00 2835.00 293.26 67.85 3.66 202.28 374.80 87699.83 8.76 -42.32 -7.07 15.71 -42.32 -7.07
8.00 2865.00 293.05 65.66 3.60 177.60 384.24 87775.62 8.87 -64.40 -10.02 16.53 -64.40 -10.02
9.00 2895.00 293.36 70.54 3.68 193.77 382.32 87810.68 7.34 -31.58 -5.99 17.58 -31.58 -5.99
9.00 2925.00 294.08 69.74 2.83 213.87 382.95 87770.35 9.56 -63.51 -9.95 23.57 -63.51 -9.95
9.00 2955.00 294.62 66.60 2.79 224.25 381.67 87632.09 4.83 -28.77 -5.15 16.02 -28.77 -5.15
9.00 2985.00 294.41 68.58 4.41 215.70 376.90 87762.01 5.39 -37.06 -6.26 7.12 -37.06 -6.26
9.00 3015.00 294.88 67.50 4.90 231.51 365.04 87782.63 0.37 -32.75 -5.28 1.38 -32.75 -5.28
9.00 3045.00 294.30 67.25 4.86 232.33 349.98 87956.83 0.05 -28.99 -4.88 0.14 -28.99 -4.88
9.00 3075.00 295.16 64.02 3.98 248.14 343.90 87848.93 0.02 -15.00 -3.34 0.03 -15.00 -3.34
9.00 3105.00 296.39 67.93 3.19 241.66 362.77 87813.49 0.07 -21.32 -3.97 0.09 -21.32 -3.97
9.00 3135.00 296.74 76.73 2.03 240.91 378.10 87750.10 1.02 -19.30 -3.90 1.92 -19.30 -3.90
9.00 3165.00 295.92 99.88 3.04 245.20 377.29 87691.52 5.41 -45.92 -7.43 7.55 -45.92 -7.43
9.00 3195.00 294.31 61.13 3.35 218.05 379.71 87759.43 8.85 -55.67 -8.78 15.40 -55.67 -8.78
9.00 3225.00 294.19 60.69 3.63 216.66 379.84 87801.15 8.99 -74.26 -11.14 16.85 -74.26 -11.14
10.00 3255.00 293.49 70.33 3.48 197.86 382.64 87737.38 6.68 -33.53 -6.18 18.32 -33.53 -6.18
10.00 3285.00 294.25 68.94 3.13 228.09 380.57 87623.96 7.41 -57.69 -9.22 24.42 -57.69 -9.22
10.00 3315.00 293.96 69.38 2.66 217.25 381.89 87734.18 10.13 -48.34 -8.08 20.19 -48.34 -8.08
10.00 3345.00 294.41 68.02 4.28 230.46 374.83 87695.08 2.79 -31.53 -5.63 6.89 -31.53 -5.63
10.00 3375.00 294.85 62.47 4.98 227.16 364.19 87845.04 0.43 -25.74 -4.42 1.94 -25.74 -4.42
10.00 3405.00 295.24 63.36 5.35 233.03 357.53 87871.22 0.03 -31.18 -5.02 0.12 -31.18 -5.02
10.00 3435.00 294.99 65.83 3.67 228.11 354.34 87870.35 0.02 -33.90 -5.44 0.01 -33.90 -5.44
10.00 3465.00 296.18 66.39 3.02 236.58 365.30 87764.27 0.02 -29.23 -4.81 0.24 -29.23 -4.81
10.00 3495.00 297.06 61.57 3.19 265.89 364.85 87659.20 0.20 -42.67 -6.14 1.73 -42.67 -6.14
10.00 3525.00 296.24 92.34 3.06 247.05 379.39 87593.28 2.42 -39.25 -6.10 6.80 -39.25 -6.10
10.00 3555.00 294.05 60.68 3.59 193.79 379.26 87719.97 8.99 -57.63 -9.18 13.91 -57.63 -9.18
10.00 3585.00 292.77 65.44 3.98 179.30 377.82 87696.21 10.58 -59.98 -9.53 18.59 -59.98 -9.53
11.00 3615.00 292.24 71.68 4.43 160.53 380.16 87730.45 9.67 -77.56 -11.75 18.05 -77.56 -11.75
11.00 3645.00 292.86 72.17 2.65 187.42 382.06 87740.31 7.58 -70.82 -10.71 20.96 -70.82 -10.71
11.00 3675.00 293.21 69.22 2.69 207.24 377.85 87625.67 8.74 -74.32 -11.23 17.19 -74.32 -11.23
11.00 3705.00 293.88 63.81 5.12 228.12 368.38 87701.13 2.17 -30.99 -5.19 8.60 -30.99 -5.19
11.00 3735.00 294.11 66.27 5.16 224.32 360.35 87871.17 0.53 -35.05 -5.45 2.41 -35.05 -5.45
11.00 3765.00 293.64 67.60 5.44 237.94 341.40 87970.51 0.01 -27.24 -4.57 0.20 -27.24 -4.57
11.00 3795.00 293.78 68.15 4.23 234.80 342.11 87983.79 0.04 -33.82 -5.27 0.06 -33.82 -5.27
11.00 3825.00 295.17 68.72 3.11 246.81 352.83 87849.40 0.02 -42.37 -6.17 0.34 -42.37 -6.17
11.00 3855.00 296.75 64.95 3.11 262.52 364.81 87656.70 2.58 -27.71 -5.19 1.81 -27.71 -5.19
11.00 3885.00 296.50 87.51 2.96 247.21 378.40 87684.96 4.44 -39.60 -6.41 7.24 -39.60 -6.41
11.00 3915.00 294.63 56.19 3.61 208.20 379.15 87691.48 8.44 -51.92 -8.28 15.23 -51.92 -8.28
11.00 3945.00 293.09 65.71 3.42 170.53 386.00 87753.59 10.54 -36.62 -6.56 17.96 -36.62 -6.56
12.00 3975.00 293.76 66.36 3.99 215.46 376.90 87722.53 9.36 -61.15 -9.47 20.92 -61.15 -9.47
12.00 4005.00 293.45 71.57 2.52 187.06 383.35 87755.21 7.41 -39.00 -6.65 20.04 -39.00 -6.65
12.00 4035.00 293.31 70.97 3.00 192.45 382.44 87833.21 6.36 -49.29 -8.02 19.64 -49.29 -8.02
12.00 4065.00 294.15 68.23 4.08 220.11 374.30 87726.74 1.91 -31.36 -5.35 9.21 -31.36 -5.35
12.00 4095.00 294.38 69.68 4.84 223.04 365.88 87834.92 1.03 -34.44 -5.60 2.14 -34.44 -5.60
12.00 4125.00 294.64 63.27 5.25 232.17 350.19 87980.45 0.10 -20.70 -3.77 0.19 -20.70 -3.77
12.00 4155.00 293.85 62.61 4.28 252.56 328.81 87956.92 0.06 -31.09 -4.97 0.05 -31.09 -4.97
12.00 4185.00 295.84 65.62 3.35 232.93 363.08 87931.62 0.11 -36.44 -5.69 0.31 -36.44 -5.69
12.00 4215.00 296.42 68.90 3.23 244.55 369.69 87789.12 1.30 -25.81 -4.69 1.66 -25.81 -4.69
12.00 4245.00 296.17 90.16 3.35 246.16 374.19 87695.37 5.39 -48.35 -7.66 6.41 -48.35 -7.66
12.00 4275.00 294.05 62.62 3.81 222.29 375.32 87723.96 9.22 -46.03 -7.57 17.21 -46.03 -7.57
12.00 4305.00 293.18 63.83 3.75 194.56 379.26 87728.30 11.23 -89.46 -13.21 22.29 -89.46 -13.21
13.00 4335.00 293.30 70.11 3.61 193.25 384.00 87785.80 8.80 -47.03 -7.73 18.09 -47.03 -7.73
13.00 4365.00 293.68 70.66 2.55 216.16 382.52 87766.69 8.36 -66.66 -10.10 18.75 -66.66 -10.10
13.00 4395.00 294.12 68.31 3.06 218.29 380.24 87672.31 8.23 -73.17 -11.15 21.82 -73.17 -11.15
13.00 4425.00 293.58 70.47 4.59 206.32 374.21 87760.64 2.84 -31.50 -5.48 8.26 -31.50 -5.48
13.00 4455.00 294.29 75.21 4.63 205.62 371.62 87794.34 0.39 -36.93 -5.66 1.75 -36.93 -5.66
13.00 4485.00 294.51 71.66 4.78 226.87 355.35 87879.53 0.08 -29.64 -4.78 0.11 -29.64 -4.78
13.00 4515.00 293.65 71.48 4.12 221.82 346.00 87991.03 0.00 -22.13 -4.35 0.05 -22.13 -4.35
13.00 4545.00 295.58 70.56 2.97 245.44 356.40 87907.15 0.03 -35.99 -5.62 0.21 -35.99 -5.62
13.00 4575.00 297.16 59.18 3.04 265.89 364.28 87771.10 0.30 -19.82 -3.76 1.16 -19.82 -3.76
13.00 4605.00 293.59 114.10 2.68 202.21 377.59 87736.32 5.24 -54.42 -8.46 6.57 -54.42 -8.46
13.00 4635.00 293.26 66.27 3.41 209.55 373.76 87762.25 6.24 -35.89 -6.25 17.00 -35.89 -6.25
13.00 4665.00 293.26 63.04 3.52 209.51 377.05 87766.26 10.66 -62.56 -9.88 21.68 -62.56 -9.88
14.00 4695.00 293.61 68.21 3.91 212.38 377.23 87781.99 8.15 -78.51 -11.71 16.74 -78.51 -11.71
14.00 4725.00 293.44 70.41 2.58 221.02 379.45 87815.89 8.46 -64.83 -9.98 22.02 -64.83 -9.98
14.00 4755.00 294.44 62.36 3.37 235.96 374.26 87712.95 5.82 -30.72 -5.71 17.51 -30.72 -5.71
14.00 4785.00 294.16 68.80 4.34 219.46 376.42 87749.61 3.51 -36.35 -6.28 8.18 -36.35 -6.28
14.00 4815.00 294.66 66.91 4.78 230.51 361.46 87805.55 0.29 -35.58 -5.55 1.23 -35.58 -5.55
14.00 4845.00 294.26 73.33 4.85 204.64 360.39 87905.06 0.00 -26.27 -4.52 0.14 -26.27 -4.52
14.00 4875.00 293.82 66.58 4.29 240.67 338.86 88018.20 0.01 -35.20 -5.30 0.05 -35.20 -5.30
14.00 4905.00 295.00 63.30 3.59 265.54 340.13 87971.66 0.06 -16.69 -3.48 0.31 -16.69 -3.48
14.00 4935.00 297.08 52.86 3.92 271.48 361.33 87697.45 0.08 -38.51 -5.65 1.72 -38.51 -5.65
14.00 4965.00 295.95 92.55 2.62 241.44 377.21 87697.91 3.14 -49.01 -7.53 8.09 -49.01 -7.53
14.00 4995.00 294.27 55.10 3.48 221.83 375.61 87684.34 9.88 -57.85 -9.14 18.04 -57.85 -9.14
14.00 5025.00 293.29 61.97 3.76 204.03 379.23 87737.14 9.17 -86.96 -12.80 22.48 -86.96 -12.80
15.00 5055.00 292.79 69.81 3.63 196.88 379.32 87809.55 9.72 -66.81 -10.23 19.97 -66.81 -10.23
15.00 5085.00 293.18 71.24 2.73 210.53 379.52 87749.48 7.42 -69.94 -10.45 21.10 -69.94 -10.45
15.00 5115.00 293.21 69.13 2.83 226.97 376.95 87784.07 8.50 -43.38 -7.36 19.97 -43.38 -7.36
15.00 5145.00 294.56 64.10 4.69 240.36 370.09 87729.82 3.50 -31.00 -5.51 14.43 -31.00 -5.51
15.00 5175.00 295.08 62.45 4.72 237.07 360.98 87778.19 0.29 -24.72 -4.20 2.08 -24.72 -4.20
15.00 5205.00 295.17 59.49 5.22 222.73 357.90 87956.57 0.01 -30.98 -5.03 0.14 -30.98 -5.03
15.00 5235.00 294.12 60.51 4.40 246.87 335.60 88006.26 0.03 -53.22 -7.52 0.10 -53.22 -7.52
15.00 5265.00 295.76 62.89 3.41 245.22 355.88 87924.56 0.01 -27.72 -4.68 0.14 -27.72 -4.68
15.00 5295.00 297.00 51.29 3.87 276.10 353.92 87773.18 1.05 -22.94 -4.40 1.31 -22.94 -4.40
15.00 5325.00 297.95 66.90 3.84 267.72 375.59 87685.03 2.79 -20.55 -4.46 7.67 -20.55 -4.46
15.00 5355.00 294.30 61.55 3.17 214.83 377.92 87646.95 8.58 -57.85 -9.08 16.18 -57.85 -9.08
15.00 5385.00 293.31 64.46 3.59 203.11 378.22 87718.65 10.99 -78.53 -11.94 20.95 -78.53 -11.94
16.00 5415.00 293.05 70.87 3.54 193.40 382.04 87696.25 6.92 -56.13 -8.96 19.22 -56.13 -8.96
16.00 5445.00 293.07 71.37 2.84 204.40 378.78 87749.90 8.03 -71.44 -10.91 22.87 -71.44 -10.91
16.00 5475.00 293.40 69.79 2.89 212.66 379.27 87755.20 3.36 -28.29 -5.18 22.82 -28.29 -5.18
16.00 5505.00 293.98 66.03 4.56 237.95 368.82 87736.46 2.53 -41.07 -6.43 11.99 -41.07 -6.43
16.00 5535.00 294.85 63.93 4.85 219.55 370.10 87848.36 0.28 -30.11 -4.87 2.06 -30.11 -4.87
16.00 5565.00 294.55 61.28 4.91 218.24 355.37 87891.58 0.03 -37.12 -5.65 0.17 -37.12 -5.65
16.00 5595.00 294.79 60.41 4.34 228.15 353.66 87948.53 0.01 -33.80 -5.39 0.05 -33.80 -5.39
16.00 5625.00 295.86 63.23 3.13 239.96 360.61 87851.23 0.00 -23.37 -4.23 0.26 -23.37 -4.23
16.00 5655.00 297.74 52.21 3.62 257.04 372.45 87757.27 0.34 -17.71 -3.56 1.34 -17.71 -3.56
16.00 5685.00 294.30 109.33 2.84 210.31 377.14 87693.05 4.30 -53.47 -8.28 7.53 -53.47 -8.28
16.00 5715.00 293.16 68.00 3.29 195.51 380.10 87751.73 8.66 -51.70 -8.18 17.32 -51.70 -8.18
16.00 5745.00 292.99 65.70 4.18 182.34 382.92 87792.12 7.50 -39.71 -6.87 23.04 -39.71 -6.87
17.00 5775.00 293.34 69.42 3.84 208.04 381.57 87837.29 9.34 -61.54 -9.51 18.68 -61.54 -9.51
17.00 5805.00 293.17 71.43 2.90 207.77 380.22 87814.97 10.11 -54.22 -8.73 20.41 -54.22 -8.73
17.00 5835.00 293.62 67.58 3.13 222.80 377.14 87737.49 8.34 -52.61 -8.36 17.87 -52.61 -8.36
17.00 5865.00 294.14 66.80 4.64 224.15 374.20 87682.01 1.55 -35.46 -5.61 10.76 -35.46 -5.61
17.00 5895.00 294.40 67.32 4.75 226.09 364.66 87829.90 0.40 -38.94 -5.97 1.64 -38.94 -5.97
17.00 5925.00 294.78 65.36 4.62 222.96 356.71 87885.70 0.07 -36.93 -5.59 0.15 -36.93 -5.59
17.00 5955.00 294.95 60.69 3.96 228.85 350.81 87846.94 0.00 -33.34 -5.33 0.07 -33.34 -5.33
17.00 5985.00 296.54 54.95 3.58 260.18 350.67 87840.55 0.00 -22.56 -4.11 0.35 -22.56 -4.11
17.00 6015.00 297.75 49.10 3.36 275.96 363.07 87779.80 0.68 -27.00 -4.56 1.40 -27.00 -4.56
17.00 6045.00 295.40 101.90 2.41 227.59 381.45 87650.27 1.81 -36.42 -5.83 7.84 -36.42 -5.83
17.00 6075.00 294.31 59.68 2.99 219.39 377.95 87728.41 7.96 -58.11 -9.09 17.50 -58.11 -9.09
17.00 6105.00 293.14 62.06 3.64 205.15 376.85 87799.81 8.12 -34.22 -6.13 21.81 -34.22 -6.13
18.00 6135.00 293.00 69.81 3.75 205.95 378.14 87686.63 7.24 -48.55 -7.86 21.77 -48.55 -7.86
18.00 6165.00 293.09 72.45 2.56 204.85 382.66 87652.59 7.69 -67.33 -10.23 25.07 -67.33 -10.23
18.00 6195.00 293.64 68.46 3.05 206.20 381.71 87668.27 5.86 -35.40 -6.37 21.26 -35.40 -6.37
18.00 6225.00 294.14 61.38 5.01 234.31 370.48 87746.33 7.04 -61.43 -9.55 11.53 -61.43 -9.55
18.00 6255.00 295.20 60.00 4.94 225.31 369.03 87843.65 0.49 -32.23 -5.09 1.55 -32.23 -5.09
18.00 6285.00 294.37 59.42 4.84 224.20 351.25 87930.66 0.07 -29.59 -4.77 0.17 -29.59 -4.77
18.00 6315.00 294.45 61.77 3.69 232.08 348.07 87956.53 0.00 -25.79 -4.59 0.08 -25.79 -4.59
18.00 6345.00 295.38 59.10 2.60 263.26 341.80 87833.23 0.08 -24.94 -4.21 0.14 -24.94 -4.21
18.00 6375.00 296.82 62.71 2.58 264.99 365.78 87700.07 0.93 -6.45 -2.59 1.17 -6.45 -2.59
18.00 6405.00 296.29 86.69 2.86 248.62 377.86 87697.55 8.73 -43.53 -7.29 6.59 -43.53 -7.29
18.00 6435.00 294.21 59.31 3.18 219.26 378.60 87647.57 10.66 -52.46 -8.53 16.50 -52.46 -8.53
18.00 6465.00 292.93 63.84 3.43 202.64 377.73 87766.08 11.81 -66.98 -10.42 21.63 -66.98 -10.42
19.00 6495.00 293.04 70.10 3.76 207.58 380.88 87752.79 8.91 -68.58 -10.48 18.63 -68.58 -10.48
19.00 6525.00 293.05 71.08 2.77 204.99 379.57 87779.53 8.10 -51.97 -8.25 22.00 -51.97 -8.25
19.00 6555.00 293.95 67.15 3.59 227.57 376.22 87714.36 8.28 -44.36 -7.55 20.88 -44.36 -7.55
19.00 6585.00 293.11 71.58 3.98 193.09 376.25 87825.60 2.22 -43.66 -6.91 8.73 -43.66 -6.91
19.00 6615.00 293.43 72.43 4.36 224.31 357.14 87938.81 0.42 -41.68 -6.34 1.36 -41.68 -6.34
19.00 6645.00 294.31 68.71 4.97 225.84 351.80 87911.33 0.01 -28.07 -4.65 0.20 -28.07 -4.65
19.00 6675.00 294.34 65.26 4.21 229.38 349.03 88042.76 0.02 -9.57 -2.79 0.07 -9.57 -2.79
19.00 6705.00 296.13 58.25 3.03 262.76 348.75 87969.50 0.78 -11.98 -3.30 0.25 -11.98 -3.30
19.00 6735.00 297.82 50.55 3.26 275.61 362.10 87786.74 1.13 -23.18 -4.38 1.38 -23.18 -4.38
19.00 6765.00 296.36 89.97 3.51 234.44 380.08 87766.88 3.17 -14.77 -3.57 7.24 -14.77 -3.57
19.00 6795.00 293.72 66.84 3.14 181.63 386.67 87773.63 8.28 -41.20 -7.02 17.91 -41.20 -7.02
19.00 6825.00 292.87 66.16 3.45 161.47 387.57 87864.72 12.43 -70.30 -10.77 22.54 -70.30 -10.77
20.00 6855.00 293.56 71.77 3.58 179.39 391.31 87813.65 8.59 -45.09 -7.47 21.02 -45.09 -7.47
20.00 6885.00 293.89 73.08 2.93 189.83 392.42 87923.74 10.07 -49.85 -8.17 24.64 -49.85 -8.17
20.00 6915.00 294.25 70.30 2.90 204.14 388.58 87797.08 8.34 -55.83 -8.86 19.38 -55.83 -8.86
20.00 6945.00 294.41 68.24 4.59 207.80 384.23 87846.51 1.71 -24.96 -4.48 10.22 -24.96 -4.48
20.00 6975.00 294.06 71.14 4.13 230.35 360.71 87953.67 0.72 -36.49 -5.69 1.48 -36.49 -5.69
20.00 7005.00 294.31 64.85 4.98 233.66 348.00 88042.93 0.03 -29.45 -4.74 0.19 -29.45 -4.74
20.00 7035.00 294.11 62.25 3.96 241.54 341.56 88001.49 0.01 -42.71 -6.32 0.07 -42.71 -6.32
20.00 7065.00 296.19 61.19 3.10 243.71 362.22 87871.41 0.06 -38.55 -5.77 0.24 -38.55 -5.77
20.00 7095.00 297.64 54.79 3.24 257.39 371.94 87779.29 0.13 -35.51 -5.32 1.41 -35.51 -5.32
20.00 7125.00 297.11 78.66 2.99 260.71 374.71 87750.18 5.21 -25.54 -4.99 7.80 -25.54 -4.99
20.00 7155.00 295.59 44.08 3.29 234.18 376.71 87686.51 7.55 -57.90 -8.78 16.14 -57.90 -8.78
20.00 7185.00 292.73 64.91 3.36 190.63 379.18 87776.71 7.66 -62.24 -9.67 21.55 -62.24 -9.67
21.00 7215.00 292.83 70.72 3.54 199.98 379.79 87696.51 7.37 -62.24 -9.71 21.47 -62.24 -9.71
21.00 7245.00 293.87 66.65 2.83 237.25 375.01 87698.90 8.56 -39.01 -6.83 26.27 -39.01 -6.83
21.00 7275.00 292.95 70.81 2.63 195.59 382.50 87643.93 8.68 -41.08 -7.04 18.83 -41.08 -7.04
21.00 7305.00 293.64 63.36 4.88 223.78 369.26 87839.31 3.75 -37.88 -6.25 10.52 -37.88 -6.25
21.00 7335.00 294.60 59.25 5.01 235.23 357.92 87885.85 0.41 -33.06 -5.23 1.51 -33.06 -5.23
21.00 7365.00 294.21 58.67 5.33 236.40 342.85 87934.73 0.01 -26.58 -4.57 0.19 -26.58 -4.57
21.00 7395.00 293.94 61.50 4.27 235.34 342.61 88017.40 0.04 -45.36 -6.70 0.05 -45.36 -6.70
21.00 7425.00 295.54 68.47 2.88 216.12 368.53 87905.92 0.05 -17.02 -3.50 0.27 -17.02 -3.50
21.00 7455.00 296.56 63.99 2.98 251.03 367.83 87733.83 1.41 -24.04 -4.43 1.60 -24.04 -4.43
21.00 7485.00 296.22 84.18 2.86 251.32 373.69 87721.90 5.02 -30.86 -5.48 7.58 -30.86 -5.48
21.00 7515.00 293.35 63.61 3.07 190.62 378.67 87737.65 6.24 -39.53 -6.65 17.96 -39.53 -6.65
21.00 7545.00 293.11 61.06 3.57 205.36 376.74 87742.41 10.20 -41.56 -7.22 22.20 -41.56 -7.22
22.00 7575.00 292.92 69.97 3.62 206.35 379.01 87662.53 5.55 -41.58 -7.06 21.54 -41.58 -7.06
22.00 7605.00 292.80 71.37 2.90 212.90 379.30 87772.44 7.57 -29.88 -5.50 25.80 -29.88 -5.50
22.00 7635.00 292.96 70.25 2.77 210.42 378.92 87698.18 6.31 -25.54 -5.11 17.46 -25.54 -5.11
22.00 7665.00 294.11 60.53 4.72 243.00 365.80 87769.78 3.29 -30.48 -5.27 8.08 -30.48 -5.27
22.00 7695.00 295.22 51.27 5.05 253.23 354.20 87865.89 0.39 -22.10 -3.97 2.13 -22.10 -3.97
22.00 7725.00 294.03 57.78 5.36 239.71 339.46 87989.20 0.10 -18.40 -3.54 0.27 -18.40 -3.54
22.00 7755.00 293.51 57.53 4.16 255.25 324.92 87939.98 0.01 -20.95 -3.94 0.05 -20.95 -3.94
22.00 7785.00 295.88 57.54 3.22 248.81 354.86 87910.43 0.07 -28.20 -4.78 0.28 -28.20 -4.78
22.00 7815.00 297.74 44.50 3.50 281.89 359.54 87703.89 1.64 -19.06 -4.11 1.90 -19.06 -4.11
22.00 7845.00 296.81 81.29 2.83 248.97 379.70 87736.65 3.57 -11.14 -3.39 8.04 -11.14 -3.39
22.00 7875.00 293.37 67.74 3.06 192.01 380.50 87712.16 10.91 -71.88 -10.97 18.73 -71.88 -10.97
22.00 7905.00 293.09 64.24 3.45 181.75 382.91 87801.98 10.98 -61.61 -9.78 21.54 -61.61 -9.78
23.00 7935.00 292.39 72.22 4.45 179.79 381.32 87803.92 7.49 -61.14 -9.44 21.67 -61.14 -9.44
23.00 7965.00 293.37 70.12 2.54 214.02 380.19 87732.56 6.07 -28.91 -5.68 23.86 -28.91 -5.68
23.00 7995.00 293.37 68.71 2.62 223.87 377.90 87768.79 8.10 -40.35 -6.94 18.76 -40.35 -6.94
23.00 8025.00 293.95 64.50 4.67 235.05 368.96 87806.19 4.11 -45.99 -7.37 9.23 -45.99 -7.37
23.00 8055.00 294.62 62.66 4.78 233.46 361.98 87910.03 0.79 -25.87 -4.48 2.47 -25.87 -4.48
23.00 8085.00 294.14 63.39 5.02 227.81 348.01 87982.48 0.04 -34.51 -5.46 0.14 -34.51 -5.46
23.00 8115.00 294.32 63.51 3.82 235.16 346.42 87979.43 0.00 -28.51 -4.82 0.06 -28.51 -4.82
23.00 8145.00 295.49 61.54 2.70 264.51 343.48 87957.59 0.01 -34.46 -5.22 0.27 -34.46 -5.22
23.00 8175.00 295.87 71.71 2.15 258.30 361.62 87736.51 0.13 -23.71 -4.07 2.26 -23.71 -4.07
23.00 8205.00 295.89 91.89 2.89 237.36 377.97 87763.42 6.24 -38.45 -6.61 6.46 -38.45 -6.61
23.00 8235.00 293.39 67.41 2.91 207.51 378.30 87798.71 9.06 -63.20 -9.68 14.82 -63.20 -9.68
23.00 8265.00 293.07 64.78 3.54 190.06 383.10 87786.67 10.20 -74.26 -11.28 19.02 -74.26 -11.28
24.00 8295.00 292.78 72.28 3.71 170.23 385.53 87823.90 9.03 -76.60 -11.41 19.36 -76.60 -11.41
24.00 8325.00 293.78 69.00 2.95 215.67 380.65 87798.57 8.24 -46.62 -7.68 20.79 -46.62 -7.68
24.00 8355.00 293.16 71.57 2.82 195.71 384.29 87760.90 8.01 -41.42 -7.07 18.75 -41.42 -7.07
24.00 8385.00 293.57 69.99 4.69 210.43 375.19 87719.00 2.70 -28.13 -5.00 9.84 -28.13 -5.00
24.00 8415.00 294.25 64.88 4.41 228.30 361.17 87899.74 0.85 -35.69 -5.64 1.78 -35.69 -5.64
24.00 8445.00 294.06 61.58 5.06 236.36 345.45 88020.27 0.01 -24.87 -4.37 0.21 -24.87 -4.37
24.00 8475.00 294.44 61.90 3.95 251.72 334.63 88017.12 0.02 -36.72 -5.72 0.09 -36.72 -5.72
24.00 8505.00 295.93 59.84 3.32 251.37 354.11 87937.58 0.04 -32.29 -5.11 0.17 -32.29 -5.11
24.00 8535.00 297.14 57.88 3.33 263.22 366.73 87813.92 1.56 -24.49 -4.69 1.15 -24.49 -4.69
24.00 8565.00 296.23 88.45 2.66 244.90 376.51 87716.94 7.55 -32.19 -5.83 7.16 -32.19 -5.83
24.00 8595.00 293.07 68.65 3.07 189.98 380.11 87840.72 5.44 -36.81 -6.21 17.04 -36.81 -6.21
24.00 8625.00 292.97 65.35 3.40 172.45 385.68 87873.37 12.00 -54.43 -8.85 22.68 -54.43 -8.85
25.00 8655.00 293.06 71.25 3.89 176.35 385.54 87877.14 9.90 -70.03 -10.69 20.52 -70.03 -10.69
25.00 8685.00 294.14 66.92 2.56 220.77 379.12 87756.25 8.54 -78.08 -11.88 20.54 -78.08 -11.88
25.00 8715.00 293.55 70.45 2.41 203.26 383.92 87738.36 7.01 -56.27 -9.07 20.05 -56.27 -9.07
25.00 8745.00 293.71 68.67 4.10 215.15 374.36 87802.27 2.84 -57.87 -8.95 9.45 -57.87 -8.95
25.00 8775.00 294.73 65.71 4.49 221.03 369.22 87913.13 0.46 -29.81 -4.90 1.43 -29.81 -4.90
25.00 8805.00 294.44 63.49 5.18 224.43 353.39 87926.76 0.02 -35.16 -5.62 0.18 -35.16 -5.62
25.00 8835.00 293.99 64.65 4.21 238.25 340.89 88026.75 0.01 -29.98 -4.92 0.06 -29.98 -4.92
25.00 8865.00 295.90 54.78 2.89 269.95 342.25 87892.39 0.03 -32.27 -4.97 0.26 -32.27 -4.97
25.00 8895.00 297.82 51.54 3.21 253.70 373.28 87798.67 0.88 -4.86 -2.46 1.62 -4.86 -2.46
25.00 8925.00 296.62 85.06 2.84 246.15 377.57 87689.75 4.22 -18.47 -4.25 6.76 -18.47 -4.25
25.00 8955.00 294.01 62.06 3.07 210.57 378.93 87701.82 10.23 -53.55 -8.71 18.46 -53.55 -8.71
25.00 8985.00 292.88 66.30 3.38 177.27 383.47 87789.09 7.80 -63.93 -10.01 21.23 -63.93 -10.01
26.00 9015.00 293.44 70.52 3.45 190.31 383.11 87724.95 8.68 -62.47 -9.79 27.25 -62.47 -9.79
26.00 9045.00 293.24 72.36 2.48 200.74 381.18 87812.74 8.38 -69.11 -10.61 19.88 -69.11 -10.61
26.00 9075.00 293.82 69.53 2.68 217.59 380.30 87744.51 9.41 -51.69 -8.47 17.17 -51.69 -8.47
26.00 9105.00 293.68 69.22 4.37 201.47 376.35 87798.74 2.15 -33.88 -5.59 8.44 -33.88 -5.59
26.00 9135.00 294.82 57.80 4.79 232.58 361.62 87908.45 0.43 -32.99 -5.28 1.96 -32.99 -5.28
26.00 9165.00 294.12 59.63 5.43 238.90 341.30 88102.54 0.02 -24.54 -4.25 0.22 -24.54 -4.25
26.00 9195.00 294.38 59.81 3.90 242.04 339.19 87943.98 0.02 -26.13 -4.63 0.05 -26.13 -4.63
26.00 9225.00 296.42 57.46 2.86 255.91 354.73 87908.84 0.31 -10.25 -2.84 0.29 -10.25 -2.84
26.00 9255.00 295.46 82.22 2.26 238.64 365.81 87779.71 1.00 -2.42 -2.11 1.80 -2.42 -2.11
26.00 9285.00 296.71 87.45 3.32 245.56 375.52 87717.17 2.14 -16.84 -3.72 7.10 -16.84 -3.72
26.00 9315.00 293.67 66.97 3.13 195.97 377.60 87751.21 7.05 -29.08 -5.48 16.27 -29.08 -5.48
26.00 9345.00 293.35 65.18 3.55 173.81 385.95 87727.41 9.76 -45.78 -7.77 19.29 -45.78 -7.77
27.00 9375.00 293.79 69.00 3.64 195.64 382.01 87777.44 6.93 -52.47 -8.55 17.47 -52.47 -8.55
27.00 9405.00 295.20 64.36 3.22 233.42 380.71 87678.69 6.54 -46.23 -7.78 18.26 -46.23 -7.78
27.00 9435.00 294.27 67.73 2.75 217.11 381.49 87785.81 6.56 -41.25 -7.02 20.13 -41.25 -7.02
27.00 9465.00 294.52 65.77 4.50 228.51 373.07 87791.05 4.61 -37.77 -6.47 10.12 -37.77 -6.47
27.00 9495.00 294.33 72.49 4.13 211.48 368.29 87878.77 0.36 -23.00 -4.11 1.32 -23.00 -4.11
27.00 9525.00 294.39 68.45 4.82 220.18 353.18 87922.13 0.02 -32.44 -5.16 0.15 -32.44 -5.16
27.00 9555.00 294.07 63.68 4.11 245.26 334.91 88063.99 0.03 -35.08 -5.55 0.06 -35.08 -5.55
27.00 9585.00 296.16 64.93 2.68 244.06 358.37 87854.11 0.14 -28.48 -4.59 0.18 -28.48 -4.59
27.00 9615.00 297.75 57.62 2.86 249.36 374.90 87759.83 0.26 -27.41 -4.58 1.84 -27.41 -4.58
27.00 9645.00 296.40 91.05 2.83 238.07 377.38 87736.04 4.63 -41.49 -7.02 7.86 -41.49 -7.02
27.00 9675.00 294.77 60.03 3.35 221.17 376.09 87689.80 8.54 -40.15 -6.89 17.85 -40.15 -6.89
27.00 9705.00 293.90 62.93 3.53 197.43 379.33 87650.68 10.50 -50.04 -8.30 21.71 -50.04 -8.30
28.00 9735.00 293.79 69.62 3.94 189.49 381.77 87674.81 8.26 -54.56 -8.71 16.83 -54.56 -8.71
28.00 9765.00 294.22 69.44 2.94 214.14 381.34 87672.77 7.37 -33.60 -6.02 22.43 -33.60 -6.02
28.00 9795.00 293.80 68.59 2.61 210.85 379.94 87748.04 7.09 -44.89 -7.60 20.96 -44.89 -7.60
28.00 9825.00 293.98 66.46 4.78 213.81 374.09 87770.85 2.74 -32.64 -5.77 9.18 -32.64 -5.77
28.00 9855.00 293.86 75.37 4.38 202.94 367.26 87896.45 0.32 -35.31 -5.68 1.31 -35.31 -5.68
28.00 9885.00 293.85 69.92 5.22 234.83 344.47 87986.71 0.04 -29.22 -4.94 0.15 -29.22 -4.94
28.00 9915.00 293.98 72.49 3.94 225.55 346.51 88016.18 0.01 -38.91 -5.87 0.04 -38.91 -5.87
28.00 9945.00 295.24 76.23 2.57 238.01 355.42 87866.12 0.03 -31.67 -4.99 0.27 -31.67 -4.99
28.00 9975.00 296.64 68.37 3.14 252.02 366.31 87815.73 0.35 -24.66 -4.25 1.06 -24.66 -4.25
28.00 10005.00 297.19 83.37 3.67 252.07 373.86 87718.89 3.88 -20.59 -4.32 5.47 -20.59 -4.32
28.00 10035.00 293.26 69.89 3.03 161.73 384.70 87744.31 10.85 -61.56 -9.60 18.22 -61.56 -9.60
28.00 10065.00 292.97 66.10 3.72 159.91 386.47 87839.83 10.80 -63.56 -9.96 20.19 -63.56 -9.96
29.00 10095.00 293.42 71.98 3.57 177.30 385.66 87849.60 10.37 -57.72 -9.25 26.02 -57.72 -9.25
29.00 10125.00 293.88 69.36 2.69 200.86 381.02 87748.63 7.66 -55.58 -8.84 24.97 -55.58 -8.84
29.00 10155.00 294.28 64.71 3.32 229.06 376.89 87733.45 9.24 -65.64 -10.18 16.66 -65.64 -10.18
29.00 10185.00 294.27 67.14 4.43 223.67 373.12 87769.91 5.19 -51.31 -7.94 6.50 -51.31 -7.94
29.00 10215.00 294.69 69.35 4.73 216.65 368.80 87869.43 0.12 -22.57 -4.02 1.61 -22.57 -4.02
29.00 10245.00 292.96 77.07 4.46 217.69 346.10 87945.77 0.07 -31.05 -4.91 0.14 -31.05 -4.91
29.00 10275.00 294.35 69.81 3.70 218.83 356.08 87924.99 0.06 -34.29 -5.29 0.06 -34.29 -5.29
29.00 10305.00 295.64 66.98 2.92 242.30 357.10 87820.60 0.01 -29.99 -4.86 0.18 -29.99 -4.86
29.00 10335.00 296.86 65.12 2.47 250.71 370.53 87759.45 0.39 -29.63 -4.87 1.36 -29.63 -4.87
29.00 10365.00 294.89 103.47 2.83 230.58 373.15 87717.37 3.28 -26.60 -4.93 7.11 -26.60 -4.93
29.00 10395.00 293.32 68.87 3.19 188.02 377.75 87684.29 9.56 -50.16 -8.28 17.16 -50.16 -8.28
29.00 10425.00 293.09 63.27 3.36 178.55 379.97 87701.66 9.67 -79.71 -11.94 23.42 -79.71 -11.94
30.00 10455.00 293.13 71.07 3.70 189.25 381.69 87699.24 10.46 -55.05 -8.97 20.50 -55.05 -8.97
30.00 10485.00 293.34 70.96 2.69 200.73 380.20 87777.34 8.13 -51.34 -8.43 27.64 -51.34 -8.43
30.00 10515.00 293.16 69.52 3.19 212.17 376.38 87680.08 8.06 -48.79 -7.99 16.91 -48.79 -7.99
30.00 10545.00 293.54 66.79 5.15 221.92 368.97 87698.80 2.08 -20.75 -4.22 8.75 -20.75 -4.22
30.00 10575.00 294.11 68.25 4.78 219.24 362.74 87802.09 0.33 -31.12 -4.99 1.57 -31.12 -4.99
30.00 10605.00 293.59 68.45 5.09 229.18 344.76 87944.19 0.02 -31.16 -5.13 0.22 -31.16 -5.13
30.00 10635.00 293.81 66.52 3.58 225.06 343.74 87945.15 0.01 -24.55 -4.42 0.06 -24.55 -4.42
30.00 10665.00 296.04 64.51 2.67 227.97 364.02 87757.93 0.06 -38.67 -5.80 0.23 -38.67 -5.80
30.00 10695.00 297.04 61.60 2.58 271.48 360.78 87732.48 0.68 -29.70 -5.05 1.71 -29.70 -5.05
30.00 10725.00 295.44 101.80 2.87 236.52 374.27 87739.83 3.70 -30.03 -5.40 6.34 -30.03 -5.40
30.00 10755.00 293.54 68.96 3.07 182.35 381.17 87730.49 10.91 -67.36 -10.37 19.24 -67.36 -10.37
30.00 10785.00 293.39 62.87 3.76 193.32 380.61 87717.50 9.33 -65.03 -10.15 22.90 -65.03 -10.15
31.00 10815.00 293.24 70.06 3.53 193.40 379.49 87771.93 8.86 -55.66 -8.74 20.08 -55.66 -8.74
31.00 10845.00 293.57 69.62 3.33 213.83 376.67 87696.04 8.54 -39.41 -6.79 28.66 -39.41 -6.79
31.00 10875.00 294.14 67.06 3.29 223.14 376.13 87682.58 8.88 -43.54 -7.40 20.42 -43.54 -7.40
31.00 10905.00 293.86 67.05 4.51 217.23 371.92 87825.86 3.89 -43.29 -6.92 9.10 -43.29 -6.92
31.00 10935.00 294.19 72.88 4.11 221.31 363.52 87829.96 0.22 -27.51 -4.67 1.80 -27.51 -4.67
31.00 10965.00 294.73 68.09 4.67 226.29 353.92 87934.64 0.03 -24.52 -4.20 0.21 -24.52 -4.20
31.00 10995.00 294.28 65.61 4.07 241.95 340.57 88038.73 0.01 -29.11 -4.87 0.04 -29.11 -4.87
31.00 11025.00 296.69 60.27 2.96 238.36 363.44 87855.97 0.02 -39.76 -5.82 0.15 -39.76 -5.82
31.00 11055.00 297.24 66.28 2.33 246.03 371.14 87821.95 1.06 -29.92 -4.95 1.38 -29.92 -4.95
31.00 11085.00 295.52 102.94 2.89 226.85 376.14 87723.78 4.23 -51.61 -8.07 7.73 -51.61 -8.07
31.00 11115.00 293.88 66.26 3.08 190.65 379.95 87749.50 8.98 -37.58 -6.69 18.74 -37.58 -6.69
31.00 11145.00 293.69 63.14 3.64 198.64 380.00 87804.87 7.96 -55.31 -8.84 22.12 -55.31 -8.84
32.00 11175.00 294.01 68.39 3.55 209.77 380.74 87823.03 6.52 -36.10 -6.56 20.80 -36.10 -6.56
32.00 11205.00 294.80 69.05 3.13 218.46 383.50 87756.16 7.13 -45.65 -7.64 22.50 -45.65 -7.64
32.00 11235.00 294.32 69.30 3.16 214.92 381.87 87838.55 8.41 -43.40 -7.36 20.86 -43.40 -7.36
32.00 11265.00 295.38 62.20 4.83 247.39 372.39 87810.41 2.63 -32.32 -5.41 9.36 -32.32 -5.41
32.00 11295.00 295.45 64.88 4.54 229.73 367.22 87854.02 1.86 -37.47 -6.26 2.16 -37.47 -6.26
32.00 11325.00 294.99 63.72 5.04 232.46 352.40 88013.56 0.03 -31.45 -5.01 0.13 -31.45 -5.01
32.00 11355.00 294.49 64.35 4.04 233.59 344.99 87988.45 0.01 -26.63 -4.69 0.06 -26.63 -4.69
32.00 11385.00 295.79 57.40 3.29 263.33 342.48 87917.80 0.02 -22.76 -4.08 0.29 -22.76 -4.08
32.00 11415.00 297.33 58.48 3.05 267.62 362.78 87756.32 0.29 -16.42 -3.41 1.38 -16.42 -3.41
32.00 11445.00 296.96 85.27 2.99 261.51 370.83 87680.36 6.71 -45.36 -7.40 8.45 -45.36 -7.40
32.00 11475.00 294.88 57.28 3.31 223.49 372.79 87637.42 6.35 -31.81 -5.75 18.18 -31.81 -5.75
32.00 11505.00 293.62 61.51 3.49 198.52 376.68 87652.38 9.87 -30.02 -5.74 20.76 -30.02 -5.74
33.00 11535.00 293.56 68.47 3.50 201.02 378.43 87637.18 9.54 -59.63 -9.20 20.85 -59.63 -9.20
33.00 11565.00 293.78 69.36 2.79 224.48 375.96 87673.80 7.71 -55.10 -8.70 21.36 -55.10 -8.70
33.00 11595.00 293.73 68.97 2.88 217.96 377.15 87716.96 8.53 -33.63 -6.05 21.37 -33.63 -6.05
33.00 11625.00 294.21 65.56 4.75 230.76 369.50 87717.09 2.02 -28.78 -5.00 8.85 -28.78 -5.00
33.00 11655.00 295.34 61.63 4.85 230.02 367.13 87826.14 0.33 -30.34 -4.96 1.73 -30.34 -4.96
33.00 11685.00 295.04 62.27 4.77 230.56 353.41 87879.09 0.04 -19.68 -3.58 0.14 -19.68 -3.58
33.00 11715.00 294.46 63.63 3.75 245.73 338.62 87893.55 0.01 -23.11 -4.06 0.07 -23.11 -4.06
33.00 11745.00 296.14 63.17 2.78 242.75 358.42 87845.50 0.03 -15.96 -3.31 0.37 -15.96 -3.31
33.00 11775.00 296.86 68.04 2.56 244.98 371.93 87818.68 0.18 -15.15 -3.16 1.28 -15.15 -3.16
33.00 11805.00 294.87 108.38 2.76 225.02 374.79 87682.40 5.50 -30.30 -5.59 6.30 -30.30 -5.59
33.00 11835.00 293.79 66.69 3.06 205.12 378.54 87744.86 9.82 -55.83 -8.81 17.93 -55.83 -8.81
33.00 11865.00 293.44 64.01 3.48 189.54 381.28 87785.17 8.67 -50.34 -8.27 21.02 -50.34 -8.27
34.00 11895.00 293.98 66.97 3.80 197.48 380.25 87755.34 9.32 -38.33 -6.65 22.59 -38.33 -6.65
34.00 11925.00 293.77 69.52 2.89 215.46 377.73 87644.55 9.39 -51.43 -8.01 23.62 -51.43 -8.01
34.00 11955.00 294.54 64.34 2.96 243.41 373.30 87745.74 6.73 -41.27 -6.80 21.82 -41.27 -6.80
34.00 11985.00 294.18 65.19 4.38 229.80 368.92 87802.73 2.15 -51.81 -8.23 7.63 -51.81 -8.23
34.00 12015.00 294.34 68.01 4.48 226.42 361.41 87895.22 0.44 -28.30 -4.81 1.87 -28.30 -4.81
34.00 12045.00 294.33 66.00 4.78 233.78 345.42 87980.09 0.02 -26.44 -4.55 0.28 -26.44 -4.55
34.00 12075.00 294.22 63.75 3.68 242.67 337.12 87911.12 0.00 -39.10 -6.06 0.05 -39.10 -6.06
34.00 12105.00 295.53 67.61 2.35 250.70 350.14 87891.90 0.05 4.37 -1.06 0.40 4.37 -1.06
34.00 12135.00 297.36 61.52 2.37 261.03 368.44 87825.75 1.70 -6.07 -2.59 1.62 -6.07 -2.59
34.00 12165.00 296.35 94.85 2.68 241.51 375.03 87692.41 6.93 -43.19 -7.21 7.69 -43.19 -7.21
34.00 12195.00 293.89 67.30 3.42 208.77 375.82 87779.58 8.13 -52.80 -8.49 18.06 -52.80 -8.49
34.00 12225.00 293.59 63.63 3.58 194.88 378.49 87744.50 8.20 -67.66 -10.40 22.82 -67.66 -10.40
35.00 12255.00 294.46 67.80 3.49 207.15 381.07 87812.02 6.80 -48.82 -8.09 19.56 -48.82 -8.09
35.00 12285.00 294.62 66.11 2.98 237.94 374.27 87739.01 4.66 -35.34 -6.33 22.72 -35.34 -6.33
35.00 12315.00 294.19 68.40 3.32 216.65 378.92 87790.99 4.82 -19.66 -4.34 23.88 -19.66 -4.34
35.00 12345.00 294.41 66.76 4.21 231.20 372.20 87838.76 4.54 -31.31 -5.53 8.44 -31.31 -5.53
35.00 12375.00 294.90 62.34 4.93 233.21 359.69 87931.32 0.33 -22.40 -3.98 1.65 -22.40 -3.98
35.00 12405.00 294.10 60.77 5.09 249.62 334.64 87971.51 0.02 -30.74 -5.05 0.10 -30.74 -5.05
35.00 12435.00 294.13 61.23 3.89 254.26 329.37 87960.52 0.01 -34.86 -5.47 0.04 -34.86 -5.47
35.00 12465.00 296.00 60.85 2.89 247.76 353.15 87845.42 0.04 -36.13 -5.54 0.18 -36.13 -5.54
35.00 12495.00 296.91 69.42 1.98 254.71 368.25 87791.38 0.51 -1.26 -1.77 1.80 -1.26 -1.77
35.00 12525.00 296.49 87.18 3.23 255.44 369.72 87759.25 2.48 -12.52 -3.43 6.72 -12.52 -3.43
35.00 12555.00 294.21 63.73 3.15 221.93 373.98 87695.86 6.89 -41.74 -7.01 19.23 -41.74 -7.01
35.00 12585.00 293.57 63.92 3.57 188.01 381.70 87809.08 7.94 -58.97 -9.33 20.61 -58.97 -9.33
36.00 12615.00 293.85 68.75 3.44 199.38 380.93 87787.79 6.16 -13.53 -3.93 17.81 -13.53 -3.93
36.00 12645.00 294.00 69.88 2.63 225.33 376.83 87708.34 6.18 -17.22 -4.46 23.45 -17.22 -4.46
36.00 12675.00 294.11 68.23 2.91 224.19 376.28 87766.33 7.21 -26.11 -5.40 18.82 -26.11 -5.40
36.00 12705.00 294.28 65.87 4.72 232.42 369.24 87834.16 3.27 -19.07 -3.99 10.07 -19.07 -3.99
36.00 12735.00 295.46 59.29 5.05 239.78 361.24 87865.18 0.09 -21.65 -4.04 2.60 -21.65 -4.04
36.00 12765.00 294.88 64.57 4.88 232.42 350.29 87973.57 0.04 -32.40 -5.21 0.20 -32.40 -5.21
36.00 12795.00 294.97 63.22 3.72 241.63 343.29 88061.67 0.02 -22.21 -4.01 0.06 -22.21 -4.01
36.00 12825.00 296.30 69.43 2.25 228.30 366.86 87898.17 0.03 -27.70 -4.62 0.31 -27.70 -4.62
36.00 12855.00 297.00 64.74 2.88 253.46 367.85 87836.32 0.12 -17.00 -3.44 1.74 -17.00 -3.44
36.00 12885.00 295.97 96.50 3.12 250.10 369.51 87777.59 1.88 -40.08 -6.11 7.15 -40.08 -6.11
36.00 12915.00 294.84 57.96 3.31 231.61 373.45 87787.14 8.84 -62.25 -9.56 17.69 -62.25 -9.56
36.00 12945.00 293.68 63.06 3.56 205.71 376.62 87835.76 10.01 -66.01 -10.36 23.81 -66.01 -10.36
37.00 12975.00 293.35 69.49 3.94 188.53 379.75 87877.62 8.89 -49.95 -8.13 22.44 -49.95 -8.13
37.00 13005.00 294.25 68.13 2.70 233.78 377.50 87766.22 7.32 -40.92 -7.19 26.22 -40.92 -7.19
37.00 13035.00 294.65 63.36 3.53 235.34 373.20 87774.66 7.03 -49.33 -8.16 20.52 -49.33 -8.16
37.00 13065.00 294.00 67.88 4.06 227.01 370.70 87887.95 1.79 -30.39 -5.30 9.26 -30.39 -5.30
37.00 13095.00 295.02 63.37 4.62 239.36 358.86 87959.80 0.29 -33.78 -5.39 2.37 -33.78 -5.39
37.00 13125.00 294.73 64.07 4.60 235.13 349.17 87989.97 0.04 -28.57 -4.59 0.20 -28.57 -4.59
37.00 13155.00 294.88 64.10 3.93 248.29 339.81 88018.27 0.03 -35.52 -5.51 0.08 -35.52 -5.51
37.00 13185.00 296.56 58.18 3.19 264.11 348.77 87919.91 0.06 -35.53 -5.35 0.33 -35.53 -5.35
37.00 13215.00 298.25 54.73 2.99 264.00 371.01 87810.34 0.47 -23.46 -4.03 1.40 -23.46 -4.03
37.00 13245.00 295.77 103.95 2.90 231.01 378.30 87815.84 3.17 -12.91 -3.46 6.47 -12.91 -3.46
37.00 13275.00 294.25 66.07 3.32 213.91 378.78 87818.78 8.60 -27.83 -5.46 17.28 -27.83 -5.46
37.00 13305.00 293.93 64.20 3.46 184.08 386.94 87938.20 9.98 -50.90 -8.43 20.57 -50.90 -8.43
